0.0000 0.9998
0.1000 0.9995
0.2000 0.9993
0.3000 0.9990
0.4000 0.9988
0.5000 0.9985
0.6000 0.9983
0.7000 0.9980
0.8000 0.9978
0.9000 0.9975
1.0000 0.9973
1.1000 0.9970
1.2000 0.9968
1.3000 0.9965
1.4000 0.9963
1.5000 0.9960
1.6000 0.9958
1.7000 0.9955
1.8000 0.9953
1.9000 0.9950
2.0000 0.9948
2.1000 0.9945
2.2000 0.9943
2.3000 0.9940
2.4000 0.9938
2.5000 0.9935
2.6000 0.9933
2.7000 0.9930
2.8000 0.9928
2.9000 0.9925
3.0000 0.9923
3.1000 0.9920
3.2000 0.9918
3.3000 0.9915
3.4000 0.9913
3.5000 0.9910
3.6000 0.9908
3.7000 0.9905
3.8000 0.9903
3.9000 0.9900
4.0000 0.9898
4.1000 0.9895
4.2000 0.9893
4.3000 0.9890
4.4000 0.9888
4.5000 0.9885
4.6000 0.9883
4.7000 0.9880
4.8000 0.9878
4.9000 0.9875
5.0000 0.9873
5.1000 0.9870
5.2000 0.9868
5.3000 0.9865
5.4000 0.9863
5.5000 0.9860
5.6000 0.9858
5.7000 0.9855
5.8000 0.9853
5.9000 0.9850
6.0000 0.9848
6.1000 0.9845
6.2000 0.9843
6.3000 0.9840
6.4000 0.9838
6.5000 0.9835
6.6000 0.9833
6.7000 0.9830
6.8000 0.9828
6.9000 0.9825
7.0000 0.9823
7.1000 0.9820
7.2000 0.9818
7.3000 0.9815
7.4000 0.9813
7.5000 0.9810
7.6000 0.9808
7.7000 0.9805
7.8000 0.9803
7.9000 0.9800
8.0000 0.9798
8.1000 0.9795
8.2000 0.9793
8.3000 0.9790
8.4000 0.9788
8.5000 0.9785
8.6000 0.9783
8.7000 0.9780
8.8000 0.9778
8.9000 0.9775
9.0000 0.9773
9.1000 0.9770
9.2000 0.9768
9.3000 0.9765
9.4000 0.9763
9.5000 0.9760
9.6000 0.9758
9.7000 0.9755
9.8000 0.9753
9.9000 0.9750
10.0000 0.9748
10.1000 0.9745
10.2000 0.9743
10.3000 0.9740
10.4000 0.9738
10.5000 0.9735
10.6000 0.9733
10.7000 0.9730
10.8000 0.9728
10.9000 0.9725
11.0000 0.9723
11.1000 0.9720
11.2000 0.9718
11.3000 0.9715
11.4000 0.9713
11.5000 0.9710
11.6000 0.9708
11.7000 0.9705
11.8000 0.9703
11.9000 0.9700
12.0000 0.9698
12.1000 0.9695
12.2000 0.9693
12.3000 0.9690
12.4000 0.9688
12.5000 0.9685
12.6000 0.9683
12.7000 0.9680
12.8000 0.9678
12.9000 0.9675
13.0000 0.9673
13.1000 0.9670
13.2000 0.9668
13.3000 0.9665
13.4000 0.9663
13.5000 0.9660
13.6000 0.9658
13.7000 0.9655
13.8000 0.9653
13.9000 0.9650
14.0000 0.9648
14.1000 0.9645
14.2000 0.9643
14.3000 0.9640
14.4000 0.9638
14.5000 0.9635
14.6000 0.9633
14.7000 0.9630
14.8000 0.9628
14.9000 0.9625
15.0000 0.9623
15.1000 0.9620
15.2000 0.9618
15.3000 0.9615
15.4000 0.9613
15.5000 0.9610
15.6000 0.9608
15.7000 0.9605
15.8000 0.9603
15.9000 0.9600
16.0000 0.9598
16.1000 0.9595
16.2000 0.9593
16.3000 0.9590
16.4000 0.9588
16.5000 0.9585
16.6000 0.9583
16.7000 0.9580
16.8000 0.9578
16.9000 0.9575
17.0000 0.9573
17.1000 0.9570
17.2000 0.9568
17.3000 0.9565
17.4000 0.9563
17.5000 0.9560
17.6000 0.9558
17.7000 0.9555
17.8000 0.9553
17.9000 0.9550
18.0000 0.9548
18.1000 0.9545
18.2000 0.9543
18.3000 0.9540
18.4000 0.9538
18.5000 0.9535
18.6000 0.9533
18.7000 0.9530
18.8000 0.9528
18.9000 0.9525
19.0000 0.9523
19.1000 0.9520
19.2000 0.9518
19.3000 0.9515
19.4000 0.9513
19.5000 0.9510
19.6000 0.9508
19.7000 0.9505
19.8000 0.9503
19.9000 0.9500
20.0000 0.9498
20.1000 0.9495
20.2000 0.9493
20.3000 0.9490
20.4000 0.9488
20.5000 0.9485
20.6000 0.9483
20.7000 0.9480
20.8000 0.9478
20.9000 0.9475
21.0000 0.9473
21.1000 0.9470
21.2000 0.9468
21.3000 0.9465
21.4000 0.9463
21.5000 0.9460
21.6000 0.9458
21.7000 0.9455
21.8000 0.9453
21.9000 0.9450
22.0000 0.9448
22.1000 0.9445
22.2000 0.9443
22.3000 0.9440
22.4000 0.9438
22.5000 0.9435
22.6000 0.9433
22.7000 0.9430
22.8000 0.9428
22.9000 0.9425
23.0000 0.9423
23.1000 0.9420
23.2000 0.9418
23.3000 0.9415
23.4000 0.9413
23.5000 0.9410
23.6000 0.9408
23.7000 0.9405
23.8000 0.9403
23.9000 0.9400
24.0000 0.9398
24.1000 0.9395
24.2000 0.9393
24.3000 0.9390
24.4000 0.9388
24.5000 0.9385
24.6000 0.9383
24.7000 0.9380
24.8000 0.9378
24.9000 0.9375
25.0000 0.9373
25.1000 0.9370
25.2000 0.9368
25.3000 0.9365
25.4000 0.9363
25.5000 0.9360
25.6000 0.9358
25.7000 0.9355
25.8000 0.9353
25.9000 0.9350
26.0000 0.9348
26.1000 0.9345
26.2000 0.9343
26.3000 0.9340
26.4000 0.9338
26.5000 0.9335
26.6000 0.9333
26.7000 0.9330
26.8000 0.9328
26.9000 0.9325
27.0000 0.9323
27.1000 0.9320
27.2000 0.9318
27.3000 0.9315
27.4000 0.9313
27.5000 0.9310
27.6000 0.9308
27.7000 0.9305
27.8000 0.9303
27.9000 0.9300
28.0000 0.9298
28.1000 0.9295
28.2000 0.9293
28.3000 0.9290
28.4000 0.9288
28.5000 0.9285
28.6000 0.9283
28.7000 0.9280
28.8000 0.9278
28.9000 0.9275
29.0000 0.9273
29.1000 0.9270
29.2000 0.9268
29.3000 0.9265
29.4000 0.9263
29.5000 0.9260
29.6000 0.9258
29.7000 0.9255
29.8000 0.9253
29.9000 0.9250
30.0000 0.9248
30.1000 0.9245
30.2000 0.9243
30.3000 0.9240
30.4000 0.9238
30.5000 0.9235
30.6000 0.9233
30.7000 0.9230
30.8000 0.9228
30.9000 0.9225
31.0000 0.9223
31.1000 0.9220
31.2000 0.9218
31.3000 0.9215
31.4000 0.9213
31.5000 0.9210
31.6000 0.9208
31.7000 0.9205
31.8000 0.9203
31.9000 0.9200
32.0000 0.9198
32.1000 0.9195
32.2000 0.9193
32.3000 0.9190
32.4000 0.9188
32.5000 0.9185
32.6000 0.9183
32.7000 0.9180
32.8000 0.9178
32.9000 0.9175
33.0000 0.9173
33.1000 0.9170
33.2000 0.9168
33.3000 0.9165
33.4000 0.9163
33.5000 0.9160
33.6000 0.9158
33.7000 0.9155
33.8000 0.9153
33.9000 0.9150
34.0000 0.9148
34.1000 0.9145
34.2000 0.9143
34.3000 0.9140
34.4000 0.9138
34.5000 0.9135
34.6000 0.9133
34.7000 0.9130
34.8000 0.9128
34.9000 0.9125
35.0000 0.9123
35.1000 0.9120
35.2000 0.9118
35.3000 0.9115
35.4000 0.9113
35.5000 0.9110
35.6000 0.9108
35.7000 0.9105
35.8000 0.9103
35.9000 0.9100
36.0000 0.9098
36.1000 0.9095
36.2000 0.9093
36.3000 0.9090
36.4000 0.9088
36.5000 0.9085
36.6000 0.9083
36.7000 0.9080
36.8000 0.9078
36.9000 0.9075
37.0000 0.9073
37.1000 0.9070
37.2000 0.9068
37.3000 0.9065
37.4000 0.9063
37.5000 0.9060
37.6000 0.9058
37.7000 0.9055
37.8000 0.9053
37.9000 0.9050
38.0000 0.9048
38.1000 0.9045
38.2000 0.9043
38.3000 0.9040
38.4000 0.9038
38.5000 0.9035
38.6000 0.9033
38.7000 0.9030
38.8000 0.9028
38.9000 0.9025
39.0000 0.9023
39.1000 0.9020
39.2000 0.9018
39.3000 0.9015
39.4000 0.9013
39.5000 0.9010
39.6000 0.9008
39.7000 0.9005
39.8000 0.9003
39.9000 0.9000
40.0000 0.8998
40.1000 0.8995
40.2000 0.8993
40.3000 0.8990
40.4000 0.8988
40.5000 0.8985
40.6000 0.8983
40.7000 0.8980
40.8000 0.8978
40.9000 0.8975
41.0000 0.8973
41.1000 0.8970
41.2000 0.8968
41.3000 0.8965
41.4000 0.8963
41.5000 0.8960
41.6000 0.8958
41.7000 0.8955
41.8000 0.8953
41.9000 0.8950
42.0000 0.8948
42.1000 0.8945
42.2000 0.8943
42.3000 0.8940
42.4000 0.8938
42.5000 0.8935
42.6000 0.8933
42.7000 0.8930
42.8000 0.8928
42.9000 0.8925
43.0000 0.8923
43.1000 0.8920
43.2000 0.8918
43.3000 0.8915
43.4000 0.8913
43.5000 0.8910
43.6000 0.8908
43.7000 0.8905
43.8000 0.8903
43.9000 0.8900
44.0000 0.8898
44.1000 0.8895
44.2000 0.8893
44.3000 0.8890
44.4000 0.8888
44.5000 0.8885
44.6000 0.8883
44.7000 0.8880
44.8000 0.8878
44.9000 0.8875
45.0000 0.8873
45.1000 0.8870
45.2000 0.8868
45.3000 0.8865
45.4000 0.8863
45.5000 0.8860
45.6000 0.8858
45.7000 0.8855
45.8000 0.8853
45.9000 0.8850
46.0000 0.8848
46.1000 0.8845
46.2000 0.8843
46.3000 0.8840
46.4000 0.8838
46.5000 0.8835
46.6000 0.8833
46.7000 0.8830
46.8000 0.8828
46.9000 0.8825
47.0000 0.8823
47.1000 0.8820
47.2000 0.8818
47.3000 0.8815
47.4000 0.8813
47.5000 0.8810
47.6000 0.8808
47.7000 0.8805
47.8000 0.8803
47.9000 0.8800
48.0000 0.8798
48.1000 0.8795
48.2000 0.8793
48.3000 0.8790
48.4000 0.8788
48.5000 0.8785
48.6000 0.8783
48.7000 0.8780
48.8000 0.8778
48.9000 0.8775
49.0000 0.8773
49.1000 0.8770
49.2000 0.8768
49.3000 0.8765
49.4000 0.8763
49.5000 0.8760
49.6000 0.8758
49.7000 0.8755
49.8000 0.8753
49.9000 0.8750
50.0000 0.8748
50.1000 0.8745
50.2000 0.8743
50.3000 0.8740
50.4000 0.8738
50.5000 0.8735
50.6000 0.8733
50.7000 0.8730
50.8000 0.8728
50.9000 0.8725
51.0000 0.8723
51.1000 0.8720
51.2000 0.8718
51.3000 0.8715
51.4000 0.8713
51.5000 0.8710
51.6000 0.8708
51.7000 0.8705
51.8000 0.8703
51.9000 0.8700
52.0000 0.8698
52.1000 0.8695
52.2000 0.8693
52.3000 0.8690
52.4000 0.8688
52.5000 0.8685
52.6000 0.8683
52.7000 0.8680
52.8000 0.8678
52.9000 0.8675
53.0000 0.8673
53.1000 0.8670
53.2000 0.8668
53.3000 0.8665
53.4000 0.8663
53.5000 0.8660
53.6000 0.8658
53.7000 0.8655
53.8000 0.8653
53.9000 0.8650
54.0000 0.8648
54.1000 0.8645
54.2000 0.8643
54.3000 0.8640
54.4000 0.8638
54.5000 0.8635
54.6000 0.8633
54.7000 0.8630
54.8000 0.8628
54.9000 0.8625
55.0000 0.8623
55.1000 0.8620
55.2000 0.8618
55.3000 0.8615
55.4000 0.8613
55.5000 0.8610
55.6000 0.8608
55.7000 0.8605
55.8000 0.8603
55.9000 0.8600
56.0000 0.8598
56.1000 0.8595
56.2000 0.8593
56.3000 0.8590
56.4000 0.8588
56.5000 0.8585
56.6000 0.8583
56.7000 0.8580
56.8000 0.8578
56.9000 0.8575
57.0000 0.8573
57.1000 0.8570
57.2000 0.8568
57.3000 0.8565
57.4000 0.8563
57.5000 0.8560
57.6000 0.8558
57.7000 0.8555
57.8000 0.8553
57.9000 0.8550
58.0000 0.8548
58.1000 0.8545
58.2000 0.8543
58.3000 0.8540
58.4000 0.8538
58.5000 0.8535
58.6000 0.8533
58.7000 0.8530
58.8000 0.8528
58.9000 0.8525
59.0000 0.8523
59.1000 0.8520
59.2000 0.8518
59.3000 0.8515
59.4000 0.8513
59.5000 0.8510
59.6000 0.8508
59.7000 0.8505
59.8000 0.8503
59.9000 0.8500
60.0000 0.8498
60.1000 0.8495
60.2000 0.8493
60.3000 0.8490
60.4000 0.8488
60.5000 0.8485
60.6000 0.8483
60.7000 0.8480
60.8000 0.8478
60.9000 0.8475
61.0000 0.8473
61.1000 0.8470
61.2000 0.8468
61.3000 0.8465
61.4000 0.8463
61.5000 0.8460
61.6000 0.8458
61.7000 0.8455
61.8000 0.8453
61.9000 0.8450
62.0000 0.8448
62.1000 0.8445
62.2000 0.8443
62.3000 0.8440
62.4000 0.8438
62.5000 0.8435
62.6000 0.8433
62.7000 0.8430
62.8000 0.8428
62.9000 0.8425
63.0000 0.8423
63.1000 0.8420
63.2000 0.8418
63.3000 0.8415
63.4000 0.8413
63.5000 0.8410
63.6000 0.8408
63.7000 0.8405
63.8000 0.8403
63.9000 0.8400
64.0000 0.8398
64.1000 0.8395
64.2000 0.8393
64.3000 0.8390
64.4000 0.8388
64.5000 0.8385
64.6000 0.8383
64.7000 0.8380
64.8000 0.8378
64.9000 0.8375
65.0000 0.8373
65.1000 0.8370
65.2000 0.8368
65.3000 0.8365
65.4000 0.8363
65.5000 0.8360
65.6000 0.8358
65.7000 0.8355
65.8000 0.8353
65.9000 0.8350
66.0000 0.8348
66.1000 0.8345
66.2000 0.8343
66.3000 0.8340
66.4000 0.8338
66.5000 0.8335
66.6000 0.8333
66.7000 0.8330
66.8000 0.8328
66.9000 0.8325
67.0000 0.8323
67.1000 0.8320
67.2000 0.8318
67.3000 0.8315
67.4000 0.8313
67.5000 0.8310
67.6000 0.8308
67.7000 0.8305
67.8000 0.8303
67.9000 0.8300
68.0000 0.8298
68.1000 0.8295
68.2000 0.8293
68.3000 0.8290
68.4000 0.8288
68.5000 0.8285
68.6000 0.8283
68.7000 0.8280
68.8000 0.8278
68.9000 0.8275
69.0000 0.8273
69.1000 0.8270
69.2000 0.8268
69.3000 0.8265
69.4000 0.8263
69.5000 0.8260
69.6000 0.8258
69.7000 0.8255
69.8000 0.8253
69.9000 0.8250
70.0000 0.8248
70.1000 0.8245
70.2000 0.8243
70.3000 0.8240
70.4000 0.8238
70.5000 0.8235
70.6000 0.8233
70.7000 0.8230
70.8000 0.8228
70.9000 0.8225
71.0000 0.8223
71.1000 0.8220
71.2000 0.8218
71.3000 0.8215
71.4000 0.8213
71.5000 0.8210
71.6000 0.8208
71.7000 0.8205
71.8000 0.8203
71.9000 0.8200
72.0000 0.8198
72.1000 0.8195
72.2000 0.8193
72.3000 0.8190
72.4000 0.8188
72.5000 0.8185
72.6000 0.8183
72.7000 0.8180
72.8000 0.8178
72.9000 0.8175
73.0000 0.8173
73.1000 0.8170
73.2000 0.8168
73.3000 0.8165
73.4000 0.8163
73.5000 0.8160
73.6000 0.8158
73.7000 0.8155
73.8000 0.8153
73.9000 0.8150
74.0000 0.8148
74.1000 0.8145
74.2000 0.8143
74.3000 0.8140
74.4000 0.8138
74.5000 0.8135
74.6000 0.8133
74.7000 0.8130
74.8000 0.8128
74.9000 0.8125
75.0000 0.8123
75.1000 0.8120
75.2000 0.8118
75.3000 0.8115
75.4000 0.8113
75.5000 0.8110
75.6000 0.8108
75.7000 0.8105
75.8000 0.8103
75.9000 0.8100
76.0000 0.8098
76.1000 0.8095
76.2000 0.8093
76.3000 0.8090
76.4000 0.8088
76.5000 0.8085
76.6000 0.8083
76.7000 0.8080
76.8000 0.8078
76.9000 0.8075
77.0000 0.8073
77.1000 0.8070
77.2000 0.8068
77.3000 0.8065
77.4000 0.8063
77.5000 0.8060
77.6000 0.8058
77.7000 0.8055
77.8000 0.8053
77.9000 0.8050
78.0000 0.8048
78.1000 0.8045
78.2000 0.8043
78.3000 0.8040
78.4000 0.8038
78.5000 0.8035
78.6000 0.8033
78.7000 0.8030
78.8000 0.8028
78.9000 0.8025
79.0000 0.8023
79.1000 0.8020
79.2000 0.8018
79.3000 0.8015
79.4000 0.8013
79.5000 0.8010
79.6000 0.8008
79.7000 0.8005
79.8000 0.8003
79.9000 0.8000
80.0000 0.7998
80.1000 0.7995
80.2000 0.7993
80.3000 0.7990
80.4000 0.7988
80.5000 0.7985
80.6000 0.7983
80.7000 0.7980
80.8000 0.7978
80.9000 0.7975
81.0000 0.7973
81.1000 0.7970
81.2000 0.7968
81.3000 0.7965
81.4000 0.7963
81.5000 0.7960
81.6000 0.7958
81.7000 0.7955
81.8000 0.7953
81.9000 0.7950
82.0000 0.7948
82.1000 0.7945
82.2000 0.7943
82.3000 0.7940
82.4000 0.7938
82.5000 0.7935
82.6000 0.7933
82.7000 0.7930
82.8000 0.7928
82.9000 0.7925
83.0000 0.7923
83.1000 0.7920
83.2000 0.7918
83.3000 0.7915
83.4000 0.7913
83.5000 0.7910
83.6000 0.7908
83.7000 0.7905
83.8000 0.7903
83.9000 0.7900
84.0000 0.7898
84.1000 0.7895
84.2000 0.7893
84.3000 0.7890
84.4000 0.7888
84.5000 0.7885
84.6000 0.7883
84.7000 0.7880
84.8000 0.7878
84.9000 0.7875
85.0000 0.7873
85.1000 0.7870
85.2000 0.7868
85.3000 0.7865
85.4000 0.7863
85.5000 0.7860
85.6000 0.7858
85.7000 0.7855
85.8000 0.7853
85.9000 0.7850
86.0000 0.7848
86.1000 0.7845
86.2000 0.7843
86.3000 0.7840
86.4000 0.7838
86.5000 0.7835
86.6000 0.7833
86.7000 0.7830
86.8000 0.7828
86.9000 0.7825
87.0000 0.7823
87.1000 0.7820
87.2000 0.7818
87.3000 0.7815
87.4000 0.7813
87.5000 0.7810
87.6000 0.7808
87.7000 0.7805
87.8000 0.7803
87.9000 0.7800
88.0000 0.7798
88.1000 0.7795
88.2000 0.7793
88.3000 0.7790
88.4000 0.7788
88.5000 0.7785
88.6000 0.7783
88.7000 0.7780
88.8000 0.7778
88.9000 0.7775
89.0000 0.7773
89.1000 0.7770
89.2000 0.7768
89.3000 0.7765
89.4000 0.7763
89.5000 0.7760
89.6000 0.7758
89.7000 0.7755
89.8000 0.7753
89.9000 0.7750
90.0000 0.7748
90.1000 0.7745
90.2000 0.7743
90.3000 0.7740
90.4000 0.7738
90.5000 0.7735
90.6000 0.7733
90.7000 0.7730
90.8000 0.7728
90.9000 0.7725
91.0000 0.7723
91.1000 0.7720
91.2000 0.7718
91.3000 0.7715
91.4000 0.7713
91.5000 0.7710
91.6000 0.7708
91.7000 0.7705
91.8000 0.7703
91.9000 0.7700
92.0000 0.7698
92.1000 0.7695
92.2000 0.7693
92.3000 0.7690
92.4000 0.7688
92.5000 0.7685
92.6000 0.7683
92.7000 0.7680
92.8000 0.7678
92.9000 0.7675
93.0000 0.7673
93.1000 0.7670
93.2000 0.7668
93.3000 0.7665
93.4000 0.7663
93.5000 0.7660
93.6000 0.7658
93.7000 0.7655
93.8000 0.7653
93.9000 0.7650
94.0000 0.7648
94.1000 0.7645
94.2000 0.7643
94.3000 0.7640
94.4000 0.7638
94.5000 0.7635
94.6000 0.7633
94.7000 0.7630
94.8000 0.7628
94.9000 0.7625
95.0000 0.7623
95.1000 0.7620
95.2000 0.7618
95.3000 0.7615
95.4000 0.7613
95.5000 0.7610
95.6000 0.7608
95.7000 0.7605
95.8000 0.7603
95.9000 0.7600
96.0000 0.7598
96.1000 0.7595
96.2000 0.7593
96.3000 0.7590
96.4000 0.7588
96.5000 0.7585
96.6000 0.7583
96.7000 0.7580
96.8000 0.7578
96.9000 0.7575
97.0000 0.7573
97.1000 0.7570
97.2000 0.7568
97.3000 0.7565
97.4000 0.7563
97.5000 0.7560
97.6000 0.7558
97.7000 0.7555
97.8000 0.7553
97.9000 0.7550
98.0000 0.7548
98.1000 0.7545
98.2000 0.7543
98.3000 0.7540
98.4000 0.7538
98.5000 0.7535
98.6000 0.7533
98.7000 0.7530
98.8000 0.7528
98.9000 0.7525
99.0000 0.7523
99.1000 0.7520
99.2000 0.7518
99.3000 0.7515
99.4000 0.7513
99.5000 0.7510
99.6000 0.7508
99.7000 0.7505
99.8000 0.7503
99.9000 0.7500
100.0000 0.7498
100.1000 0.7495
100.2000 0.7493
100.3000 0.7490
100.4000 0.7488
100.5000 0.7485
100.6000 0.7483
100.7000 0.7480
100.8000 0.7478
100.9000 0.7475
101.0000 0.7473
101.1000 0.7470
101.2000 0.7468
101.3000 0.7465
101.4000 0.7463
101.5000 0.7460
101.6000 0.7458
101.7000 0.7455
101.8000 0.7453
101.9000 0.7450
102.0000 0.7448
102.1000 0.7445
102.2000 0.7443
102.3000 0.7440
102.4000 0.7438
102.5000 0.7435
102.6000 0.7433
102.7000 0.7430
102.8000 0.7428
102.9000 0.7425
103.0000 0.7423
103.1000 0.7420
103.2000 0.7418
103.3000 0.7415
103.4000 0.7413
103.5000 0.7410
103.6000 0.7408
103.7000 0.7405
103.8000 0.7403
103.9000 0.7400
104.0000 0.7398
104.1000 0.7395
104.2000 0.7393
104.3000 0.7390
104.4000 0.7388
104.5000 0.7385
104.6000 0.7383
104.7000 0.7380
104.8000 0.7378
104.9000 0.7375
105.0000 0.7373
105.1000 0.7370
105.2000 0.7368
105.3000 0.7365
105.4000 0.7363
105.5000 0.7360
105.6000 0.7358
105.7000 0.7355
105.8000 0.7353
105.9000 0.7350
106.0000 0.7348
106.1000 0.7345
106.2000 0.7343
106.3000 0.7340
106.4000 0.7338
106.5000 0.7335
106.6000 0.7333
106.7000 0.7330
106.8000 0.7328
106.9000 0.7325
107.0000 0.7323
107.1000 0.7320
107.2000 0.7318
107.3000 0.7315
107.4000 0.7313
107.5000 0.7310
107.6000 0.7308
107.7000 0.7305
107.8000 0.7303
107.9000 0.7300
108.0000 0.7298
108.1000 0.7295
108.2000 0.7293
108.3000 0.7290
108.4000 0.7288
108.5000 0.7285
108.6000 0.7283
108.7000 0.7280
108.8000 0.7278
108.9000 0.7275
109.0000 0.7273
109.1000 0.7270
109.2000 0.7268
109.3000 0.7265
109.4000 0.7263
109.5000 0.7260
109.6000 0.7258
109.7000 0.7255
109.8000 0.7253
109.9000 0.7250
110.0000 0.7248
110.1000 0.7245
110.2000 0.7243
110.3000 0.7240
110.4000 0.7238
110.5000 0.7235
110.6000 0.7233
110.7000 0.7230
110.8000 0.7228
110.9000 0.7225
111.0000 0.7223
111.1000 0.7220
111.2000 0.7218
111.3000 0.7215
111.4000 0.7213
111.5000 0.7210
111.6000 0.7208
111.7000 0.7205
111.8000 0.7203
111.9000 0.7200
112.0000 0.7198
112.1000 0.7195
112.2000 0.7193
112.3000 0.7190
112.4000 0.7188
112.5000 0.7185
112.6000 0.7183
112.7000 0.7180
112.8000 0.7178
112.9000 0.7175
113.0000 0.7173
113.1000 0.7170
113.2000 0.7168
113.3000 0.7165
113.4000 0.7163
113.5000 0.7160
113.6000 0.7158
113.7000 0.7155
113.8000 0.7153
113.9000 0.7150
114.0000 0.7148
114.1000 0.7145
114.2000 0.7143
114.3000 0.7140
114.4000 0.7138
114.5000 0.7135
114.6000 0.7133
114.7000 0.7130
114.8000 0.7128
114.9000 0.7125
115.0000 0.7123
115.1000 0.7120
115.2000 0.7118
115.3000 0.7115
115.4000 0.7113
115.5000 0.7110
115.6000 0.7108
115.7000 0.7105
115.8000 0.7103
115.9000 0.7100
116.0000 0.7098
116.1000 0.7095
116.2000 0.7093
116.3000 0.7090
116.4000 0.7088
116.5000 0.7085
116.6000 0.7083
116.7000 0.7080
116.8000 0.7078
116.9000 0.7075
117.0000 0.7073
117.1000 0.7070
117.2000 0.7068
117.3000 0.7065
117.4000 0.7063
117.5000 0.7060
117.6000 0.7058
117.7000 0.7055
117.8000 0.7053
117.9000 0.7050
118.0000 0.7048
118.1000 0.7045
118.2000 0.7043
118.3000 0.7040
118.4000 0.7038
118.5000 0.7035
118.6000 0.7033
118.7000 0.7030
118.8000 0.7028
118.9000 0.7025
119.0000 0.7023
119.1000 0.7020
119.2000 0.7018
119.3000 0.7015
119.4000 0.7013
119.5000 0.7010
119.6000 0.7008
119.7000 0.7005
119.8000 0.7003
119.9000 0.7000
120.0000 0.6998
120.1000 0.6995
120.2000 0.6993
120.3000 0.6990
120.4000 0.6988
120.5000 0.6985
120.6000 0.6983
120.7000 0.6980
120.8000 0.6978
120.9000 0.6975
121.0000 0.6973
121.1000 0.6970
121.2000 0.6968
121.3000 0.6965
121.4000 0.6963
121.5000 0.6960
121.6000 0.6958
121.7000 0.6955
121.8000 0.6953
121.9000 0.6950
122.0000 0.6948
122.1000 0.6945
122.2000 0.6943
122.3000 0.6940
122.4000 0.6938
122.5000 0.6935
122.6000 0.6933
122.7000 0.6930
122.8000 0.6928
122.9000 0.6925
123.0000 0.6923
123.1000 0.6920
123.2000 0.6918
123.3000 0.6915
123.4000 0.6913
123.5000 0.6910
123.6000 0.6908
123.7000 0.6905
123.8000 0.6903
123.9000 0.6900
124.0000 0.6898
124.1000 0.6895
124.2000 0.6893
124.3000 0.6890
124.4000 0.6888
124.5000 0.6885
124.6000 0.6883
124.7000 0.6880
124.8000 0.6878
124.9000 0.6875
125.0000 0.6873
125.1000 0.6870
125.2000 0.6868
125.3000 0.6865
125.4000 0.6863
125.5000 0.6860
125.6000 0.6858
125.7000 0.6855
125.8000 0.6853
125.9000 0.6850
126.0000 0.6848
126.1000 0.6845
126.2000 0.6843
126.3000 0.6840
126.4000 0.6838
126.5000 0.6835
126.6000 0.6833
126.7000 0.6830
126.8000 0.6828
126.9000 0.6825
127.0000 0.6823
127.1000 0.6820
127.2000 0.6818
127.3000 0.6815
127.4000 0.6813
127.5000 0.6810
127.6000 0.6808
127.7000 0.6805
127.8000 0.6803
127.9000 0.6800
128.0000 0.6798
128.1000 0.6795
128.2000 0.6793
128.3000 0.6790
128.4000 0.6788
128.5000 0.6785
128.6000 0.6783
128.7000 0.6780
128.8000 0.6778
128.9000 0.6775
129.0000 0.6773
129.1000 0.6770
129.2000 0.6768
129.3000 0.6765
129.4000 0.6763
129.5000 0.6760
129.6000 0.6758
129.7000 0.6755
129.8000 0.6753
129.9000 0.6750
130.0000 0.6748
130.1000 0.6745
130.2000 0.6743
130.3000 0.6740
130.4000 0.6738
130.5000 0.6735
130.6000 0.6733
130.7000 0.6730
130.8000 0.6728
130.9000 0.6725
131.0000 0.6723
131.1000 0.6720
131.2000 0.6718
131.3000 0.6715
131.4000 0.6713
131.5000 0.6710
131.6000 0.6708
131.7000 0.6705
131.8000 0.6703
131.9000 0.6700
132.0000 0.6698
132.1000 0.6695
132.2000 0.6693
132.3000 0.6690
132.4000 0.6688
132.5000 0.6685
132.6000 0.6683
132.7000 0.6680
132.8000 0.6678
132.9000 0.6675
133.0000 0.6673
133.1000 0.6670
133.2000 0.6668
133.3000 0.6665
133.4000 0.6663
133.5000 0.6660
133.6000 0.6658
133.7000 0.6655
133.8000 0.6653
133.9000 0.6650
134.0000 0.6648
134.1000 0.6645
134.2000 0.6643
134.3000 0.6640
134.4000 0.6638
134.5000 0.6635
134.6000 0.6633
134.7000 0.6630
134.8000 0.6628
134.9000 0.6625
135.0000 0.6623
135.1000 0.6620
135.2000 0.6618
135.3000 0.6615
135.4000 0.6613
135.5000 0.6610
135.6000 0.6608
135.7000 0.6605
135.8000 0.6603
135.9000 0.6600
136.0000 0.6598
136.1000 0.6595
136.2000 0.6593
136.3000 0.6590
136.4000 0.6588
136.5000 0.6585
136.6000 0.6583
136.7000 0.6580
136.8000 0.6578
136.9000 0.6575
137.0000 0.6573
137.1000 0.6570
137.2000 0.6568
137.3000 0.6565
137.4000 0.6563
137.5000 0.6560
137.6000 0.6558
137.7000 0.6555
137.8000 0.6553
137.9000 0.6550
138.0000 0.6548
138.1000 0.6545
138.2000 0.6543
138.3000 0.6540
138.4000 0.6538
138.5000 0.6535
138.6000 0.6533
138.7000 0.6530
138.8000 0.6528
138.9000 0.6525
139.0000 0.6523
139.1000 0.6520
139.2000 0.6518
139.3000 0.6515
139.4000 0.6513
139.5000 0.6510
139.6000 0.6508
139.7000 0.6505
139.8000 0.6503
139.9000 0.6500
140.0000 0.6498
140.1000 0.6495
140.2000 0.6493
140.3000 0.6490
140.4000 0.6488
140.5000 0.6485
140.6000 0.6483
140.7000 0.6480
140.8000 0.6478
140.9000 0.6475
141.0000 0.6473
141.1000 0.6470
141.2000 0.6468
141.3000 0.6465
141.4000 0.6463
141.5000 0.6460
141.6000 0.6458
141.7000 0.6455
141.8000 0.6453
141.9000 0.6450
142.0000 0.6448
142.1000 0.6445
142.2000 0.6443
142.3000 0.6440
142.4000 0.6438
142.5000 0.6435
142.6000 0.6433
142.7000 0.6430
142.8000 0.6428
142.9000 0.6425
143.0000 0.6423
143.1000 0.6420
143.2000 0.6418
143.3000 0.6415
143.4000 0.6413
143.5000 0.6410
143.6000 0.6408
143.7000 0.6405
143.8000 0.6403
143.9000 0.6400
144.0000 0.6398
144.1000 0.6395
144.2000 0.6393
144.3000 0.6390
144.4000 0.6388
144.5000 0.6385
144.6000 0.6383
144.7000 0.6380
144.8000 0.6378
144.9000 0.6375
145.0000 0.6373
145.1000 0.6370
145.2000 0.6368
145.3000 0.6365
145.4000 0.6363
145.5000 0.6360
145.6000 0.6358
145.7000 0.6355
145.8000 0.6353
145.9000 0.6350
146.0000 0.6348
146.1000 0.6345
146.2000 0.6343
146.3000 0.6340
146.4000 0.6338
146.5000 0.6335
146.6000 0.6333
146.7000 0.6330
146.8000 0.6328
146.9000 0.6325
147.0000 0.6323
147.1000 0.6320
147.2000 0.6318
147.3000 0.6315
147.4000 0.6313
147.5000 0.6310
147.6000 0.6308
147.7000 0.6305
147.8000 0.6303
147.9000 0.6300
148.0000 0.6298
148.1000 0.6295
148.2000 0.6293
148.3000 0.6290
148.4000 0.6288
148.5000 0.6285
148.6000 0.6283
148.7000 0.6280
148.8000 0.6278
148.9000 0.6275
149.0000 0.6273
149.1000 0.6270
149.2000 0.6268
149.3000 0.6265
149.4000 0.6263
149.5000 0.6260
149.6000 0.6258
149.7000 0.6255
149.8000 0.6253
149.9000 0.6250
150.0000 0.6248
150.1000 0.6245
150.2000 0.6243
150.3000 0.6240
150.4000 0.6238
150.5000 0.6235
150.6000 0.6233
150.7000 0.6230
150.8000 0.6228
150.9000 0.6225
151.0000 0.6223
151.1000 0.6220
151.2000 0.6218
151.3000 0.6215
151.4000 0.6213
151.5000 0.6210
151.6000 0.6208
151.7000 0.6205
151.8000 0.6203
151.9000 0.6200
152.0000 0.6198
152.1000 0.6195
152.2000 0.6193
152.3000 0.6190
152.4000 0.6188
152.5000 0.6185
152.6000 0.6183
152.7000 0.6180
152.8000 0.6178
152.9000 0.6175
153.0000 0.6173
153.1000 0.6170
153.2000 0.6168
153.3000 0.6165
153.4000 0.6163
153.5000 0.6160
153.6000 0.6158
153.7000 0.6155
153.8000 0.6153
153.9000 0.6150
154.0000 0.6148
154.1000 0.6145
154.2000 0.6143
154.3000 0.6140
154.4000 0.6138
154.5000 0.6135
154.6000 0.6133
154.7000 0.6130
154.8000 0.6128
154.9000 0.6125
155.0000 0.6123
155.1000 0.6120
155.2000 0.6118
155.3000 0.6115
155.4000 0.6113
155.5000 0.6110
155.6000 0.6108
155.7000 0.6105
155.8000 0.6103
155.9000 0.6100
156.0000 0.6098
156.1000 0.6095
156.2000 0.6093
156.3000 0.6090
156.4000 0.6088
156.5000 0.6085
156.6000 0.6083
156.7000 0.6080
156.8000 0.6078
156.9000 0.6075
157.0000 0.6073
157.1000 0.6070
157.2000 0.6068
157.3000 0.6065
157.4000 0.6063
157.5000 0.6060
157.6000 0.6058
157.7000 0.6055
157.8000 0.6053
157.9000 0.6050
158.0000 0.6048
158.1000 0.6045
158.2000 0.6043
158.3000 0.6040
158.4000 0.6038
158.5000 0.6035
158.6000 0.6033
158.7000 0.6030
158.8000 0.6028
158.9000 0.6025
159.0000 0.6023
159.1000 0.6020
159.2000 0.6018
159.3000 0.6015
159.4000 0.6013
159.5000 0.6010
159.6000 0.6008
159.7000 0.6005
159.8000 0.6003
159.9000 0.6000
160.0000 0.5998
160.1000 0.5995
160.2000 0.5993
160.3000 0.5990
160.4000 0.5988
160.5000 0.5985
160.6000 0.5983
160.7000 0.5980
160.8000 0.5978
160.9000 0.5975
161.0000 0.5973
161.1000 0.5970
161.2000 0.5968
161.3000 0.5965
161.4000 0.5963
161.5000 0.5960
161.6000 0.5958
161.7000 0.5955
161.8000 0.5953
161.9000 0.5950
162.0000 0.5948
162.1000 0.5945
162.2000 0.5943
162.3000 0.5940
162.4000 0.5938
162.5000 0.5935
162.6000 0.5933
162.7000 0.5930
162.8000 0.5928
162.9000 0.5925
163.0000 0.5923
163.1000 0.5920
163.2000 0.5918
163.3000 0.5915
163.4000 0.5913
163.5000 0.5910
163.6000 0.5908
163.7000 0.5905
163.8000 0.5903
163.9000 0.5900
164.0000 0.5898
164.1000 0.5895
164.2000 0.5893
164.3000 0.5890
164.4000 0.5888
164.5000 0.5885
164.6000 0.5883
164.7000 0.5880
164.8000 0.5878
164.9000 0.5875
165.0000 0.5873
165.1000 0.5870
165.2000 0.5868
165.3000 0.5865
165.4000 0.5863
165.5000 0.5860
165.6000 0.5858
165.7000 0.5855
165.8000 0.5853
165.9000 0.5850
166.0000 0.5848
166.1000 0.5845
166.2000 0.5843
166.3000 0.5840
166.4000 0.5838
166.5000 0.5835
166.6000 0.5833
166.7000 0.5830
166.8000 0.5828
166.9000 0.5825
167.0000 0.5823
167.1000 0.5820
167.2000 0.5818
167.3000 0.5815
167.4000 0.5813
167.5000 0.5810
167.6000 0.5808
167.7000 0.5805
167.8000 0.5803
167.9000 0.5800
168.0000 0.5798
168.1000 0.5795
168.2000 0.5793
168.3000 0.5790
168.4000 0.5788
168.5000 0.5785
168.6000 0.5783
168.7000 0.5780
168.8000 0.5778
168.9000 0.5775
169.0000 0.5773
169.1000 0.5770
169.2000 0.5768
169.3000 0.5765
169.4000 0.5763
169.5000 0.5760
169.6000 0.5758
169.7000 0.5755
169.8000 0.5753
169.9000 0.5750
170.0000 0.5748
170.1000 0.5745
170.2000 0.5743
170.3000 0.5740
170.4000 0.5738
170.5000 0.5735
170.6000 0.5733
170.7000 0.5730
170.8000 0.5728
170.9000 0.5725
171.0000 0.5723
171.1000 0.5720
171.2000 0.5718
171.3000 0.5715
171.4000 0.5713
171.5000 0.5710
171.6000 0.5708
171.7000 0.5705
171.8000 0.5703
171.9000 0.5700
172.0000 0.5698
172.1000 0.5695
172.2000 0.5693
172.3000 0.5690
172.4000 0.5688
172.5000 0.5685
172.6000 0.5683
172.7000 0.5680
172.8000 0.5678
172.9000 0.5675
173.0000 0.5673
173.1000 0.5670
173.2000 0.5668
173.3000 0.5665
173.4000 0.5663
173.5000 0.5660
173.6000 0.5658
173.7000 0.5655
173.8000 0.5653
173.9000 0.5650
174.0000 0.5648
174.1000 0.5645
174.2000 0.5643
174.3000 0.5640
174.4000 0.5638
174.5000 0.5635
174.6000 0.5633
174.7000 0.5630
174.8000 0.5628
174.9000 0.5625
175.0000 0.5623
175.1000 0.5620
175.2000 0.5618
175.3000 0.5615
175.4000 0.5613
175.5000 0.5610
175.6000 0.5608
175.7000 0.5605
175.8000 0.5603
175.9000 0.5600
176.0000 0.5598
176.1000 0.5595
176.2000 0.5593
176.3000 0.5590
176.4000 0.5588
176.5000 0.5585
176.6000 0.5583
176.7000 0.5580
176.8000 0.5578
176.9000 0.5575
177.0000 0.5573
177.1000 0.5570
177.2000 0.5568
177.3000 0.5565
177.4000 0.5563
177.5000 0.5560
177.6000 0.5558
177.7000 0.5555
177.8000 0.5553
177.9000 0.5550
178.0000 0.5548
178.1000 0.5545
178.2000 0.5543
178.3000 0.5540
178.4000 0.5538
178.5000 0.5535
178.6000 0.5533
178.7000 0.5530
178.8000 0.5528
178.9000 0.5525
179.0000 0.5523
179.1000 0.5520
179.2000 0.5518
179.3000 0.5515
179.4000 0.5513
179.5000 0.5510
179.6000 0.5508
179.7000 0.5505
179.8000 0.5503
179.9000 0.5500
180.0000 0.5498
180.1000 0.5495
180.2000 0.5493
180.3000 0.5490
180.4000 0.5488
180.5000 0.5485
180.6000 0.5483
180.7000 0.5480
180.8000 0.5478
180.9000 0.5475
181.0000 0.5473
181.1000 0.5470
181.2000 0.5468
181.3000 0.5465
181.4000 0.5463
181.5000 0.5460
181.6000 0.5458
181.7000 0.5455
181.8000 0.5453
181.9000 0.5450
182.0000 0.5448
182.1000 0.5445
182.2000 0.5443
182.3000 0.5440
182.4000 0.5438
182.5000 0.5435
182.6000 0.5433
182.7000 0.5430
182.8000 0.5428
182.9000 0.5425
183.0000 0.5423
183.1000 0.5420
183.2000 0.5418
183.3000 0.5415
183.4000 0.5413
183.5000 0.5410
183.6000 0.5408
183.7000 0.5405
183.8000 0.5403
183.9000 0.5400
184.0000 0.5398
184.1000 0.5395
184.2000 0.5393
184.3000 0.5390
184.4000 0.5388
184.5000 0.5385
184.6000 0.5383
184.7000 0.5380
184.8000 0.5378
184.9000 0.5375
185.0000 0.5373
185.1000 0.5370
185.2000 0.5368
185.3000 0.5365
185.4000 0.5363
185.5000 0.5360
185.6000 0.5358
185.7000 0.5355
185.8000 0.5353
185.9000 0.5350
186.0000 0.5348
186.1000 0.5345
186.2000 0.5343
186.3000 0.5340
186.4000 0.5338
186.5000 0.5335
186.6000 0.5333
186.7000 0.5330
186.8000 0.5328
186.9000 0.5325
187.0000 0.5323
187.1000 0.5320
187.2000 0.5318
187.3000 0.5315
187.4000 0.5313
187.5000 0.5310
187.6000 0.5308
187.7000 0.5305
187.8000 0.5303
187.9000 0.5300
188.0000 0.5298
188.1000 0.5295
188.2000 0.5293
188.3000 0.5290
188.4000 0.5288
188.5000 0.5285
188.6000 0.5283
188.7000 0.5280
188.8000 0.5278
188.9000 0.5275
189.0000 0.5273
189.1000 0.5270
189.2000 0.5268
189.3000 0.5265
189.4000 0.5263
189.5000 0.5260
189.6000 0.5258
189.7000 0.5255
189.8000 0.5253
189.9000 0.5250
190.0000 0.5248
190.1000 0.5245
190.2000 0.5243
190.3000 0.5240
190.4000 0.5238
190.5000 0.5235
190.6000 0.5233
190.7000 0.5230
190.8000 0.5228
190.9000 0.5225
191.0000 0.5223
191.1000 0.5220
191.2000 0.5218
191.3000 0.5215
191.4000 0.5213
191.5000 0.5210
191.6000 0.5208
191.7000 0.5205
191.8000 0.5203
191.9000 0.5200
192.0000 0.5198
192.1000 0.5195
192.2000 0.5193
192.3000 0.5190
192.4000 0.5188
192.5000 0.5185
192.6000 0.5183
192.7000 0.5180
192.8000 0.5178
192.9000 0.5175
193.0000 0.5173
193.1000 0.5170
193.2000 0.5168
193.3000 0.5165
193.4000 0.5163
193.5000 0.5160
193.6000 0.5158
193.7000 0.5155
193.8000 0.5153
193.9000 0.5150
194.0000 0.5148
194.1000 0.5145
194.2000 0.5143
194.3000 0.5140
194.4000 0.5138
194.5000 0.5135
194.6000 0.5133
194.7000 0.5130
194.8000 0.5128
194.9000 0.5125
195.0000 0.5123
195.1000 0.5120
195.2000 0.5118
195.3000 0.5115
195.4000 0.5113
195.5000 0.5110
195.6000 0.5108
195.7000 0.5105
195.8000 0.5103
195.9000 0.5100
196.0000 0.5098
196.1000 0.5095
196.2000 0.5093
196.3000 0.5090
196.4000 0.5088
196.5000 0.5085
196.6000 0.5083
196.7000 0.5080
196.8000 0.5078
196.9000 0.5075
197.0000 0.5073
197.1000 0.5070
197.2000 0.5068
197.3000 0.5065
197.4000 0.5063
197.5000 0.5060
197.6000 0.5058
197.7000 0.5055
197.8000 0.5053
197.9000 0.5050
198.0000 0.5048
198.1000 0.5045
198.2000 0.5043
198.3000 0.5040
198.4000 0.5038
198.5000 0.5035
198.6000 0.5033
198.7000 0.5030
198.8000 0.5028
198.9000 0.5025
199.0000 0.5023
199.1000 0.5020
199.2000 0.5018
199.3000 0.5015
199.4000 0.5013
199.5000 0.5010
199.6000 0.5008
199.7000 0.5005
199.8000 0.5003
199.9000 0.5000
200.0000 0.4998
200.1000 0.4995
200.2000 0.4993
200.3000 0.4990
200.4000 0.4988
200.5000 0.4985
200.6000 0.4983
200.7000 0.4980
200.8000 0.4978
200.9000 0.4975
201.0000 0.4973
201.1000 0.4970
201.2000 0.4968
201.3000 0.4965
201.4000 0.4963
201.5000 0.4960
201.6000 0.4958
201.7000 0.4955
201.8000 0.4953
201.9000 0.4950
202.0000 0.4948
202.1000 0.4945
202.2000 0.4943
202.3000 0.4940
202.4000 0.4938
202.5000 0.4935
202.6000 0.4933
202.7000 0.4930
202.8000 0.4928
202.9000 0.4925
203.0000 0.4923
203.1000 0.4920
203.2000 0.4918
203.3000 0.4915
203.4000 0.4913
203.5000 0.4910
203.6000 0.4908
203.7000 0.4905
203.8000 0.4903
203.9000 0.4900
204.0000 0.4898
204.1000 0.4895
204.2000 0.4893
204.3000 0.4890
204.4000 0.4888
204.5000 0.4885
204.6000 0.4883
204.7000 0.4880
204.8000 0.4878
204.9000 0.4875
205.0000 0.4873
205.1000 0.4870
205.2000 0.4868
205.3000 0.4865
205.4000 0.4863
205.5000 0.4860
205.6000 0.4858
205.7000 0.4855
205.8000 0.4853
205.9000 0.4850
206.0000 0.4848
206.1000 0.4845
206.2000 0.4843
206.3000 0.4840
206.4000 0.4838
206.5000 0.4835
206.6000 0.4833
206.7000 0.4830
206.8000 0.4828
206.9000 0.4825
207.0000 0.4823
207.1000 0.4820
207.2000 0.4818
207.3000 0.4815
207.4000 0.4813
207.5000 0.4810
207.6000 0.4808
207.7000 0.4805
207.8000 0.4803
207.9000 0.4800
208.0000 0.4798
208.1000 0.4795
208.2000 0.4793
208.3000 0.4790
208.4000 0.4788
208.5000 0.4785
208.6000 0.4783
208.7000 0.4780
208.8000 0.4778
208.9000 0.4775
209.0000 0.4773
209.1000 0.4770
209.2000 0.4768
209.3000 0.4765
209.4000 0.4763
209.5000 0.4760
209.6000 0.4758
209.7000 0.4755
209.8000 0.4753
209.9000 0.4750
210.0000 0.4748
210.1000 0.4745
210.2000 0.4743
210.3000 0.4740
210.4000 0.4738
210.5000 0.4735
210.6000 0.4733
210.7000 0.4730
210.8000 0.4728
210.9000 0.4725
211.0000 0.4723
211.1000 0.4720
211.2000 0.4718
211.3000 0.4715
211.4000 0.4713
211.5000 0.4710
211.6000 0.4708
211.7000 0.4705
211.8000 0.4703
211.9000 0.4700
212.0000 0.4698
212.1000 0.4695
212.2000 0.4693
212.3000 0.4690
212.4000 0.4688
212.5000 0.4685
212.6000 0.4683
212.7000 0.4680
212.8000 0.4678
212.9000 0.4675
213.0000 0.4673
213.1000 0.4670
213.2000 0.4668
213.3000 0.4665
213.4000 0.4663
213.5000 0.4660
213.6000 0.4658
213.7000 0.4655
213.8000 0.4653
213.9000 0.4650
214.0000 0.4648
214.1000 0.4645
214.2000 0.4643
214.3000 0.4640
214.4000 0.4638
214.5000 0.4635
214.6000 0.4633
214.7000 0.4630
214.8000 0.4628
214.9000 0.4625
215.0000 0.4623
215.1000 0.4620
215.2000 0.4618
215.3000 0.4615
215.4000 0.4613
215.5000 0.4610
215.6000 0.4608
215.7000 0.4605
215.8000 0.4603
215.9000 0.4600
216.0000 0.4598
216.1000 0.4595
216.2000 0.4593
216.3000 0.4590
216.4000 0.4588
216.5000 0.4585
216.6000 0.4583
216.7000 0.4580
216.8000 0.4578
216.9000 0.4575
217.0000 0.4573
217.1000 0.4570
217.2000 0.4568
217.3000 0.4565
217.4000 0.4563
217.5000 0.4560
217.6000 0.4558
217.7000 0.4555
217.8000 0.4553
217.9000 0.4550
218.0000 0.4548
218.1000 0.4545
218.2000 0.4543
218.3000 0.4540
218.4000 0.4538
218.5000 0.4535
218.6000 0.4533
218.7000 0.4530
218.8000 0.4528
218.9000 0.4525
219.0000 0.4523
219.1000 0.4520
219.2000 0.4518
219.3000 0.4515
219.4000 0.4513
219.5000 0.4510
219.6000 0.4508
219.7000 0.4505
219.8000 0.4503
219.9000 0.4500
220.0000 0.4498
220.1000 0.4495
220.2000 0.4493
220.3000 0.4490
220.4000 0.4488
220.5000 0.4485
220.6000 0.4483
220.7000 0.4480
220.8000 0.4478
220.9000 0.4475
221.0000 0.4473
221.1000 0.4470
221.2000 0.4468
221.3000 0.4465
221.4000 0.4463
221.5000 0.4460
221.6000 0.4458
221.7000 0.4455
221.8000 0.4453
221.9000 0.4450
222.0000 0.4448
222.1000 0.4445
222.2000 0.4443
222.3000 0.4440
222.4000 0.4438
222.5000 0.4435
222.6000 0.4433
222.7000 0.4430
222.8000 0.4428
222.9000 0.4425
223.0000 0.4423
223.1000 0.4420
223.2000 0.4418
223.3000 0.4415
223.4000 0.4413
223.5000 0.4410
223.6000 0.4408
223.7000 0.4405
223.8000 0.4403
223.9000 0.4400
224.0000 0.4398
224.1000 0.4395
224.2000 0.4393
224.3000 0.4390
224.4000 0.4388
224.5000 0.4385
224.6000 0.4383
224.7000 0.4380
224.8000 0.4378
224.9000 0.4375
225.0000 0.4373
225.1000 0.4370
225.2000 0.4368
225.3000 0.4365
225.4000 0.4363
225.5000 0.4360
225.6000 0.4358
225.7000 0.4355
225.8000 0.4353
225.9000 0.4350
226.0000 0.4348
226.1000 0.4345
226.2000 0.4343
226.3000 0.4340
226.4000 0.4338
226.5000 0.4335
226.6000 0.4333
226.7000 0.4330
226.8000 0.4328
226.9000 0.4325
227.0000 0.4323
227.1000 0.4320
227.2000 0.4318
227.3000 0.4315
227.4000 0.4313
227.5000 0.4310
227.6000 0.4308
227.7000 0.4305
227.8000 0.4303
227.9000 0.4300
228.0000 0.4298
228.1000 0.4295
228.2000 0.4293
228.3000 0.4290
228.4000 0.4288
228.5000 0.4285
228.6000 0.4283
228.7000 0.4280
228.8000 0.4278
228.9000 0.4275
229.0000 0.4273
229.1000 0.4270
229.2000 0.4268
229.3000 0.4265
229.4000 0.4263
229.5000 0.4260
229.6000 0.4258
229.7000 0.4255
229.8000 0.4253
229.9000 0.4250
230.0000 0.4248
230.1000 0.4245
230.2000 0.4243
230.3000 0.4240
230.4000 0.4238
230.5000 0.4235
230.6000 0.4233
230.7000 0.4230
230.8000 0.4228
230.9000 0.4225
231.0000 0.4223
231.1000 0.4220
231.2000 0.4218
231.3000 0.4215
231.4000 0.4213
231.5000 0.4210
231.6000 0.4208
231.7000 0.4205
231.8000 0.4203
231.9000 0.4200
232.0000 0.4198
232.1000 0.4195
232.2000 0.4193
232.3000 0.4190
232.4000 0.4188
232.5000 0.4185
232.6000 0.4183
232.7000 0.4180
232.8000 0.4178
232.9000 0.4175
233.0000 0.4173
233.1000 0.4170
233.2000 0.4168
233.3000 0.4165
233.4000 0.4163
233.5000 0.4160
233.6000 0.4158
233.7000 0.4155
233.8000 0.4153
233.9000 0.4150
234.0000 0.4148
234.1000 0.4145
234.2000 0.4143
234.3000 0.4140
234.4000 0.4138
234.5000 0.4135
234.6000 0.4133
234.7000 0.4130
234.8000 0.4128
234.9000 0.4125
235.0000 0.4123
235.1000 0.4120
235.2000 0.4118
235.3000 0.4115
235.4000 0.4113
235.5000 0.4110
235.6000 0.4108
235.7000 0.4105
235.8000 0.4103
235.9000 0.4100
236.0000 0.4098
236.1000 0.4095
236.2000 0.4093
236.3000 0.4090
236.4000 0.4088
236.5000 0.4085
236.6000 0.4083
236.7000 0.4080
236.8000 0.4078
236.9000 0.4075
237.0000 0.4073
237.1000 0.4070
237.2000 0.4068
237.3000 0.4065
237.4000 0.4063
237.5000 0.4060
237.6000 0.4058
237.7000 0.4055
237.8000 0.4053
237.9000 0.4050
238.0000 0.4048
238.1000 0.4045
238.2000 0.4043
238.3000 0.4040
238.4000 0.4038
238.5000 0.4035
238.6000 0.4033
238.7000 0.4030
238.8000 0.4028
238.9000 0.4025
239.0000 0.4023
239.1000 0.4020
239.2000 0.4018
239.3000 0.4015
239.4000 0.4013
239.5000 0.4010
239.6000 0.4008
239.7000 0.4005
239.8000 0.4003
239.9000 0.4000
240.0000 0.3998
240.1000 0.3995
240.2000 0.3993
240.3000 0.3990
240.4000 0.3988
240.5000 0.3985
240.6000 0.3983
240.7000 0.3980
240.8000 0.3978
240.9000 0.3975
241.0000 0.3973
241.1000 0.3970
241.2000 0.3968
241.3000 0.3965
241.4000 0.3963
241.5000 0.3960
241.6000 0.3958
241.7000 0.3955
241.8000 0.3953
241.9000 0.3950
242.0000 0.3948
242.1000 0.3945
242.2000 0.3943
242.3000 0.3940
242.4000 0.3938
242.5000 0.3935
242.6000 0.3933
242.7000 0.3930
242.8000 0.3928
242.9000 0.3925
243.0000 0.3923
243.1000 0.3920
243.2000 0.3918
243.3000 0.3915
243.4000 0.3913
243.5000 0.3910
243.6000 0.3908
243.7000 0.3905
243.8000 0.3903
243.9000 0.3900
244.0000 0.3898
244.1000 0.3895
244.2000 0.3893
244.3000 0.3890
244.4000 0.3888
244.5000 0.3885
244.6000 0.3883
244.7000 0.3880
244.8000 0.3878
244.9000 0.3875
245.0000 0.3873
245.1000 0.3870
245.2000 0.3868
245.3000 0.3865
245.4000 0.3863
245.5000 0.3860
245.6000 0.3858
245.7000 0.3855
245.8000 0.3853
245.9000 0.3850
246.0000 0.3848
246.1000 0.3845
246.2000 0.3843
246.3000 0.3840
246.4000 0.3838
246.5000 0.3835
246.6000 0.3833
246.7000 0.3830
246.8000 0.3828
246.9000 0.3825
247.0000 0.3823
247.1000 0.3820
247.2000 0.3818
247.3000 0.3815
247.4000 0.3813
247.5000 0.3810
247.6000 0.3808
247.7000 0.3805
247.8000 0.3803
247.9000 0.3800
248.0000 0.3798
248.1000 0.3795
248.2000 0.3793
248.3000 0.3790
248.4000 0.3788
248.5000 0.3785
248.6000 0.3783
248.7000 0.3780
248.8000 0.3778
248.9000 0.3775
249.0000 0.3773
249.1000 0.3770
249.2000 0.3768
249.3000 0.3765
249.4000 0.3763
249.5000 0.3760
249.6000 0.3758
249.7000 0.3755
249.8000 0.3753
249.9000 0.3750
250.0000 0.3748
250.1000 0.3745
250.2000 0.3743
250.3000 0.3740
250.4000 0.3738
250.5000 0.3735
250.6000 0.3733
250.7000 0.3730
250.8000 0.3728
250.9000 0.3725
251.0000 0.3723
251.1000 0.3720
251.2000 0.3718
251.3000 0.3715
251.4000 0.3713
251.5000 0.3710
251.6000 0.3708
251.7000 0.3705
251.8000 0.3703
251.9000 0.3700
252.0000 0.3698
252.1000 0.3695
252.2000 0.3693
252.3000 0.3690
252.4000 0.3688
252.5000 0.3685
252.6000 0.3683
252.7000 0.3680
252.8000 0.3678
252.9000 0.3675
253.0000 0.3673
253.1000 0.3670
253.2000 0.3668
253.3000 0.3665
253.4000 0.3663
253.5000 0.3660
253.6000 0.3658
253.7000 0.3655
253.8000 0.3653
253.9000 0.3650
254.0000 0.3648
254.1000 0.3645
254.2000 0.3643
254.3000 0.3640
254.4000 0.3638
254.5000 0.3635
254.6000 0.3633
254.7000 0.3630
254.8000 0.3628
254.9000 0.3625
255.0000 0.3623
255.1000 0.3620
255.2000 0.3618
255.3000 0.3615
255.4000 0.3613
255.5000 0.3610
255.6000 0.3608
255.7000 0.3605
255.8000 0.3603
255.9000 0.3600
256.0000 0.3598
256.1000 0.3595
256.2000 0.3593
256.3000 0.3590
256.4000 0.3588
256.5000 0.3585
256.6000 0.3583
256.7000 0.3580
256.8000 0.3578
256.9000 0.3575
257.0000 0.3573
257.1000 0.3570
257.2000 0.3568
257.3000 0.3565
257.4000 0.3563
257.5000 0.3560
257.6000 0.3558
257.7000 0.3555
257.8000 0.3553
257.9000 0.3550
258.0000 0.3548
258.1000 0.3545
258.2000 0.3543
258.3000 0.3540
258.4000 0.3538
258.5000 0.3535
258.6000 0.3533
258.7000 0.3530
258.8000 0.3528
258.9000 0.3525
259.0000 0.3523
259.1000 0.3520
259.2000 0.3518
259.3000 0.3515
259.4000 0.3513
259.5000 0.3510
259.6000 0.3508
259.7000 0.3505
259.8000 0.3503
259.9000 0.3500
260.0000 0.3498
260.1000 0.3495
260.2000 0.3493
260.3000 0.3490
260.4000 0.3488
260.5000 0.3485
260.6000 0.3483
260.7000 0.3480
260.8000 0.3478
260.9000 0.3475
261.0000 0.3473
261.1000 0.3470
261.2000 0.3468
261.3000 0.3465
261.4000 0.3463
261.5000 0.3460
261.6000 0.3458
261.7000 0.3455
261.8000 0.3453
261.9000 0.3450
262.0000 0.3448
262.1000 0.3445
262.2000 0.3443
262.3000 0.3440
262.4000 0.3438
262.5000 0.3435
262.6000 0.3433
262.7000 0.3430
262.8000 0.3428
262.9000 0.3425
263.0000 0.3423
263.1000 0.3420
263.2000 0.3418
263.3000 0.3415
263.4000 0.3413
263.5000 0.3410
263.6000 0.3408
263.7000 0.3405
263.8000 0.3403
263.9000 0.3400
264.0000 0.3398
264.1000 0.3395
264.2000 0.3393
264.3000 0.3390
264.4000 0.3388
264.5000 0.3385
264.6000 0.3383
264.7000 0.3380
264.8000 0.3378
264.9000 0.3375
265.0000 0.3373
265.1000 0.3370
265.2000 0.3368
265.3000 0.3365
265.4000 0.3363
265.5000 0.3360
265.6000 0.3358
265.7000 0.3355
265.8000 0.3353
265.9000 0.3350
266.0000 0.3348
266.1000 0.3345
266.2000 0.3343
266.3000 0.3340
266.4000 0.3338
266.5000 0.3335
266.6000 0.3333
266.7000 0.3330
266.8000 0.3328
266.9000 0.3325
267.0000 0.3323
267.1000 0.3320
267.2000 0.3318
267.3000 0.3315
267.4000 0.3313
267.5000 0.3310
267.6000 0.3308
267.7000 0.3305
267.8000 0.3303
267.9000 0.3300
268.0000 0.3298
268.1000 0.3295
268.2000 0.3293
268.3000 0.3290
268.4000 0.3288
268.5000 0.3285
268.6000 0.3283
268.7000 0.3280
268.8000 0.3278
268.9000 0.3275
269.0000 0.3273
269.1000 0.3270
269.2000 0.3268
269.3000 0.3265
269.4000 0.3263
269.5000 0.3260
269.6000 0.3258
269.7000 0.3255
269.8000 0.3253
269.9000 0.3250
270.0000 0.3248
270.1000 0.3245
270.2000 0.3243
270.3000 0.3240
270.4000 0.3238
270.5000 0.3235
270.6000 0.3233
270.7000 0.3230
270.8000 0.3228
270.9000 0.3225
271.0000 0.3223
271.1000 0.3220
271.2000 0.3218
271.3000 0.3215
271.4000 0.3213
271.5000 0.3210
271.6000 0.3208
271.7000 0.3205
271.8000 0.3203
271.9000 0.3200
272.0000 0.3198
272.1000 0.3195
272.2000 0.3193
272.3000 0.3190
272.4000 0.3188
272.5000 0.3185
272.6000 0.3183
272.7000 0.3180
272.8000 0.3178
272.9000 0.3175
273.0000 0.3173
273.1000 0.3170
273.2000 0.3168
273.3000 0.3165
273.4000 0.3163
273.5000 0.3160
273.6000 0.3158
273.7000 0.3155
273.8000 0.3153
273.9000 0.3150
274.0000 0.3148
274.1000 0.3145
274.2000 0.3143
274.3000 0.3140
274.4000 0.3138
274.5000 0.3135
274.6000 0.3133
274.7000 0.3130
274.8000 0.3128
274.9000 0.3125
275.0000 0.3123
275.1000 0.3120
275.2000 0.3118
275.3000 0.3115
275.4000 0.3113
275.5000 0.3110
275.6000 0.3108
275.7000 0.3105
275.8000 0.3103
275.9000 0.3100
276.0000 0.3098
276.1000 0.3095
276.2000 0.3093
276.3000 0.3090
276.4000 0.3088
276.5000 0.3085
276.6000 0.3083
276.7000 0.3080
276.8000 0.3078
276.9000 0.3075
277.0000 0.3073
277.1000 0.3070
277.2000 0.3068
277.3000 0.3065
277.4000 0.3063
277.5000 0.3060
277.6000 0.3058
277.7000 0.3055
277.8000 0.3053
277.9000 0.3050
278.0000 0.3048
278.1000 0.3045
278.2000 0.3043
278.3000 0.3040
278.4000 0.3038
278.5000 0.3035
278.6000 0.3033
278.7000 0.3030
278.8000 0.3028
278.9000 0.3025
279.0000 0.3023
279.1000 0.3020
279.2000 0.3018
279.3000 0.3015
279.4000 0.3013
279.5000 0.3010
279.6000 0.3008
279.7000 0.3005
279.8000 0.3003
279.9000 0.3000
280.0000 0.2998
280.1000 0.2995
280.2000 0.2993
280.3000 0.2990
280.4000 0.2988
280.5000 0.2985
280.6000 0.2983
280.7000 0.2980
280.8000 0.2978
280.9000 0.2975
281.0000 0.2973
281.1000 0.2970
281.2000 0.2968
281.3000 0.2965
281.4000 0.2963
281.5000 0.2960
281.6000 0.2958
281.7000 0.2955
281.8000 0.2953
281.9000 0.2950
282.0000 0.2948
282.1000 0.2945
282.2000 0.2943
282.3000 0.2940
282.4000 0.2938
282.5000 0.2935
282.6000 0.2933
282.7000 0.2930
282.8000 0.2928
282.9000 0.2925
283.0000 0.2923
283.1000 0.2920
283.2000 0.2918
283.3000 0.2915
283.4000 0.2913
283.5000 0.2910
283.6000 0.2908
283.7000 0.2905
283.8000 0.2903
283.9000 0.2900
284.0000 0.2898
284.1000 0.2895
284.2000 0.2893
284.3000 0.2890
284.4000 0.2888
284.5000 0.2885
284.6000 0.2883
284.7000 0.2880
284.8000 0.2878
284.9000 0.2875
285.0000 0.2873
285.1000 0.2870
285.2000 0.2868
285.3000 0.2865
285.4000 0.2863
285.5000 0.2860
285.6000 0.2858
285.7000 0.2855
285.8000 0.2853
285.9000 0.2850
286.0000 0.2848
286.1000 0.2845
286.2000 0.2843
286.3000 0.2840
286.4000 0.2838
286.5000 0.2835
286.6000 0.2833
286.7000 0.2830
286.8000 0.2828
286.9000 0.2825
287.0000 0.2823
287.1000 0.2820
287.2000 0.2818
287.3000 0.2815
287.4000 0.2813
287.5000 0.2810
287.6000 0.2808
287.7000 0.2805
287.8000 0.2803
287.9000 0.2800
288.0000 0.2798
288.1000 0.2795
288.2000 0.2793
288.3000 0.2790
288.4000 0.2788
288.5000 0.2785
288.6000 0.2783
288.7000 0.2780
288.8000 0.2778
288.9000 0.2775
289.0000 0.2773
289.1000 0.2770
289.2000 0.2768
289.3000 0.2765
289.4000 0.2763
289.5000 0.2760
289.6000 0.2758
289.7000 0.2755
289.8000 0.2753
289.9000 0.2750
290.0000 0.2748
290.1000 0.2745
290.2000 0.2743
290.3000 0.2740
290.4000 0.2738
290.5000 0.2735
290.6000 0.2733
290.7000 0.2730
290.8000 0.2728
290.9000 0.2725
291.0000 0.2723
291.1000 0.2720
291.2000 0.2718
291.3000 0.2715
291.4000 0.2713
291.5000 0.2710
291.6000 0.2708
291.7000 0.2705
291.8000 0.2703
291.9000 0.2700
292.0000 0.2698
292.1000 0.2695
292.2000 0.2693
292.3000 0.2690
292.4000 0.2688
292.5000 0.2685
292.6000 0.2683
292.7000 0.2680
292.8000 0.2678
292.9000 0.2675
293.0000 0.2673
293.1000 0.2670
293.2000 0.2668
293.3000 0.2665
293.4000 0.2663
293.5000 0.2660
293.6000 0.2658
293.7000 0.2655
293.8000 0.2653
293.9000 0.2650
294.0000 0.2648
294.1000 0.2645
294.2000 0.2643
294.3000 0.2640
294.4000 0.2638
294.5000 0.2635
294.6000 0.2633
294.7000 0.2630
294.8000 0.2628
294.9000 0.2625
295.0000 0.2623
295.1000 0.2620
295.2000 0.2618
295.3000 0.2615
295.4000 0.2613
295.5000 0.2610
295.6000 0.2608
295.7000 0.2605
295.8000 0.2603
295.9000 0.2600
296.0000 0.2598
296.1000 0.2595
296.2000 0.2593
296.3000 0.2590
296.4000 0.2588
296.5000 0.2585
296.6000 0.2583
296.7000 0.2580
296.8000 0.2578
296.9000 0.2575
297.0000 0.2573
297.1000 0.2570
297.2000 0.2568
297.3000 0.2565
297.4000 0.2563
297.5000 0.2560
297.6000 0.2558
297.7000 0.2555
297.8000 0.2553
297.9000 0.2550
298.0000 0.2548
298.1000 0.2545
298.2000 0.2543
298.3000 0.2540
298.4000 0.2538
298.5000 0.2535
298.6000 0.2533
298.7000 0.2530
298.8000 0.2528
298.9000 0.2525
299.0000 0.2523
299.1000 0.2520
299.2000 0.2518
299.3000 0.2515
299.4000 0.2513
299.5000 0.2510
299.6000 0.2508
299.7000 0.2505
299.8000 0.2503
299.9000 0.2500
300.0000 0.2498
300.1000 0.2495
300.2000 0.2493
300.3000 0.2490
300.4000 0.2488
300.5000 0.2485
300.6000 0.2483
300.7000 0.2480
300.8000 0.2478
300.9000 0.2475
301.0000 0.2473
301.1000 0.2470
301.2000 0.2468
301.3000 0.2465
301.4000 0.2463
301.5000 0.2460
301.6000 0.2458
301.7000 0.2455
301.8000 0.2453
301.9000 0.2450
302.0000 0.2448
302.1000 0.2445
302.2000 0.2443
302.3000 0.2440
302.4000 0.2438
302.5000 0.2435
302.6000 0.2433
302.7000 0.2430
302.8000 0.2428
302.9000 0.2425
303.0000 0.2423
303.1000 0.2420
303.2000 0.2418
303.3000 0.2415
303.4000 0.2413
303.5000 0.2410
303.6000 0.2408
303.7000 0.2405
303.8000 0.2403
303.9000 0.2400
304.0000 0.2398
304.1000 0.2395
304.2000 0.2393
304.3000 0.2390
304.4000 0.2388
304.5000 0.2385
304.6000 0.2383
304.7000 0.2380
304.8000 0.2378
304.9000 0.2375
305.0000 0.2373
305.1000 0.2370
305.2000 0.2368
305.3000 0.2365
305.4000 0.2363
305.5000 0.2360
305.6000 0.2358
305.7000 0.2355
305.8000 0.2353
305.9000 0.2350
306.0000 0.2348
306.1000 0.2345
306.2000 0.2343
306.3000 0.2340
306.4000 0.2338
306.5000 0.2335
306.6000 0.2333
306.7000 0.2330
306.8000 0.2328
306.9000 0.2325
307.0000 0.2323
307.1000 0.2320
307.2000 0.2318
307.3000 0.2315
307.4000 0.2313
307.5000 0.2310
307.6000 0.2308
307.7000 0.2305
307.8000 0.2303
307.9000 0.2300
308.0000 0.2298
308.1000 0.2295
308.2000 0.2293
308.3000 0.2290
308.4000 0.2288
308.5000 0.2285
308.6000 0.2283
308.7000 0.2280
308.8000 0.2278
308.9000 0.2275
309.0000 0.2273
309.1000 0.2270
309.2000 0.2268
309.3000 0.2265
309.4000 0.2263
309.5000 0.2260
309.6000 0.2258
309.7000 0.2255
309.8000 0.2253
309.9000 0.2250
310.0000 0.2248
310.1000 0.2245
310.2000 0.2243
310.3000 0.2240
310.4000 0.2238
310.5000 0.2235
310.6000 0.2233
310.7000 0.2230
310.8000 0.2228
310.9000 0.2225
311.0000 0.2223
311.1000 0.2220
311.2000 0.2218
311.3000 0.2215
311.4000 0.2213
311.5000 0.2210
311.6000 0.2208
311.7000 0.2205
311.8000 0.2203
311.9000 0.2200
312.0000 0.2198
312.1000 0.2195
312.2000 0.2193
312.3000 0.2190
312.4000 0.2188
312.5000 0.2185
312.6000 0.2183
312.7000 0.2180
312.8000 0.2178
312.9000 0.2175
313.0000 0.2173
313.1000 0.2170
313.2000 0.2168
313.3000 0.2165
313.4000 0.2163
313.5000 0.2160
313.6000 0.2158
313.7000 0.2155
313.8000 0.2153
313.9000 0.2150
314.0000 0.2148
314.1000 0.2145
314.2000 0.2143
314.3000 0.2140
314.4000 0.2138
314.5000 0.2135
314.6000 0.2133
314.7000 0.2130
314.8000 0.2128
314.9000 0.2125
315.0000 0.2123
315.1000 0.2120
315.2000 0.2118
315.3000 0.2115
315.4000 0.2113
315.5000 0.2110
315.6000 0.2108
315.7000 0.2105
315.8000 0.2103
315.9000 0.2100
316.0000 0.2098
316.1000 0.2095
316.2000 0.2093
316.3000 0.2090
316.4000 0.2088
316.5000 0.2085
316.6000 0.2083
316.7000 0.2080
316.8000 0.2078
316.9000 0.2075
317.0000 0.2073
317.1000 0.2070
317.2000 0.2068
317.3000 0.2065
317.4000 0.2063
317.5000 0.2060
317.6000 0.2058
317.7000 0.2055
317.8000 0.2053
317.9000 0.2050
318.0000 0.2048
318.1000 0.2045
318.2000 0.2043
318.3000 0.2040
318.4000 0.2038
318.5000 0.2035
318.6000 0.2033
318.7000 0.2030
318.8000 0.2028
318.9000 0.2025
319.0000 0.2023
319.1000 0.2020
319.2000 0.2018
319.3000 0.2015
319.4000 0.2013
319.5000 0.2010
319.6000 0.2008
319.7000 0.2005
319.8000 0.2003
319.9000 0.2000
320.0000 0.1998
320.1000 0.1995
320.2000 0.1993
320.3000 0.1990
320.4000 0.1988
320.5000 0.1985
320.6000 0.1983
320.7000 0.1980
320.8000 0.1978
320.9000 0.1975
321.0000 0.1973
321.1000 0.1970
321.2000 0.1968
321.3000 0.1965
321.4000 0.1963
321.5000 0.1960
321.6000 0.1958
321.7000 0.1955
321.8000 0.1953
321.9000 0.1950
322.0000 0.1948
322.1000 0.1945
322.2000 0.1943
322.3000 0.1940
322.4000 0.1938
322.5000 0.1935
322.6000 0.1933
322.7000 0.1930
322.8000 0.1928
322.9000 0.1925
323.0000 0.1923
323.1000 0.1920
323.2000 0.1918
323.3000 0.1915
323.4000 0.1913
323.5000 0.1910
323.6000 0.1908
323.7000 0.1905
323.8000 0.1903
323.9000 0.1900
324.0000 0.1898
324.1000 0.1895
324.2000 0.1893
324.3000 0.1890
324.4000 0.1888
324.5000 0.1885
324.6000 0.1883
324.7000 0.1880
324.8000 0.1878
324.9000 0.1875
325.0000 0.1873
325.1000 0.1870
325.2000 0.1868
325.3000 0.1865
325.4000 0.1863
325.5000 0.1860
325.6000 0.1858
325.7000 0.1855
325.8000 0.1853
325.9000 0.1850
326.0000 0.1848
326.1000 0.1845
326.2000 0.1843
326.3000 0.1840
326.4000 0.1838
326.5000 0.1835
326.6000 0.1833
326.7000 0.1830
326.8000 0.1828
326.9000 0.1825
327.0000 0.1823
327.1000 0.1820
327.2000 0.1818
327.3000 0.1815
327.4000 0.1813
327.5000 0.1810
327.6000 0.1808
327.7000 0.1805
327.8000 0.1803
327.9000 0.1800
328.0000 0.1798
328.1000 0.1795
328.2000 0.1793
328.3000 0.1790
328.4000 0.1788
328.5000 0.1785
328.6000 0.1783
328.7000 0.1780
328.8000 0.1778
328.9000 0.1775
329.0000 0.1773
329.1000 0.1770
329.2000 0.1768
329.3000 0.1765
329.4000 0.1763
329.5000 0.1760
329.6000 0.1758
329.7000 0.1755
329.8000 0.1753
329.9000 0.1750
330.0000 0.1748
330.1000 0.1745
330.2000 0.1743
330.3000 0.1740
330.4000 0.1738
330.5000 0.1735
330.6000 0.1733
330.7000 0.1730
330.8000 0.1728
330.9000 0.1725
331.0000 0.1723
331.1000 0.1720
331.2000 0.1718
331.3000 0.1715
331.4000 0.1713
331.5000 0.1710
331.6000 0.1708
331.7000 0.1705
331.8000 0.1703
331.9000 0.1700
332.0000 0.1698
332.1000 0.1695
332.2000 0.1693
332.3000 0.1690
332.4000 0.1688
332.5000 0.1685
332.6000 0.1683
332.7000 0.1680
332.8000 0.1678
332.9000 0.1675
333.0000 0.1673
333.1000 0.1670
333.2000 0.1668
333.3000 0.1665
333.4000 0.1663
333.5000 0.1660
333.6000 0.1658
333.7000 0.1655
333.8000 0.1653
333.9000 0.1650
334.0000 0.1648
334.1000 0.1645
334.2000 0.1643
334.3000 0.1640
334.4000 0.1638
334.5000 0.1635
334.6000 0.1633
334.7000 0.1630
334.8000 0.1628
334.9000 0.1625
335.0000 0.1623
335.1000 0.1620
335.2000 0.1618
335.3000 0.1615
335.4000 0.1613
335.5000 0.1610
335.6000 0.1608
335.7000 0.1605
335.8000 0.1603
335.9000 0.1600
336.0000 0.1598
336.1000 0.1595
336.2000 0.1593
336.3000 0.1590
336.4000 0.1588
336.5000 0.1585
336.6000 0.1583
336.7000 0.1580
336.8000 0.1578
336.9000 0.1575
337.0000 0.1573
337.1000 0.1570
337.2000 0.1568
337.3000 0.1565
337.4000 0.1563
337.5000 0.1560
337.6000 0.1558
337.7000 0.1555
337.8000 0.1553
337.9000 0.1550
338.0000 0.1548
338.1000 0.1545
338.2000 0.1543
338.3000 0.1540
338.4000 0.1538
338.5000 0.1535
338.6000 0.1533
338.7000 0.1530
338.8000 0.1528
338.9000 0.1525
339.0000 0.1523
339.1000 0.1520
339.2000 0.1518
339.3000 0.1515
339.4000 0.1513
339.5000 0.1510
339.6000 0.1508
339.7000 0.1505
339.8000 0.1503
339.9000 0.1500
340.0000 0.1498
340.1000 0.1495
340.2000 0.1493
340.3000 0.1490
340.4000 0.1488
340.5000 0.1485
340.6000 0.1483
340.7000 0.1480
340.8000 0.1478
340.9000 0.1475
341.0000 0.1473
341.1000 0.1470
341.2000 0.1468
341.3000 0.1465
341.4000 0.1463
341.5000 0.1460
341.6000 0.1458
341.7000 0.1455
341.8000 0.1453
341.9000 0.1450
342.0000 0.1448
342.1000 0.1445
342.2000 0.1443
342.3000 0.1440
342.4000 0.1438
342.5000 0.1435
342.6000 0.1433
342.7000 0.1430
342.8000 0.1428
342.9000 0.1425
343.0000 0.1423
343.1000 0.1420
343.2000 0.1418
343.3000 0.1415
343.4000 0.1413
343.5000 0.1410
343.6000 0.1408
343.7000 0.1405
343.8000 0.1403
343.9000 0.1400
344.0000 0.1398
344.1000 0.1395
344.2000 0.1393
344.3000 0.1390
344.4000 0.1388
344.5000 0.1385
344.6000 0.1383
344.7000 0.1380
344.8000 0.1378
344.9000 0.1375
345.0000 0.1373
345.1000 0.1370
345.2000 0.1368
345.3000 0.1365
345.4000 0.1363
345.5000 0.1360
345.6000 0.1358
345.7000 0.1355
345.8000 0.1353
345.9000 0.1350
346.0000 0.1546
346.1000 0.1742
346.2000 0.1936
346.3000 0.2128
346.4000 0.2319
346.5000 0.2508
346.6000 0.2696
346.7000 0.2881
346.8000 0.3064
346.9000 0.3246
347.0000 0.3425
347.1000 0.3601
347.2000 0.3775
347.3000 0.3947
347.4000 0.4116
347.5000 0.4282
347.6000 0.4445
347.7000 0.4606
347.8000 0.4763
347.9000 0.4918
348.0000 0.5069
348.1000 0.5218
348.2000 0.5364
348.3000 0.5506
348.4000 0.5645
348.5000 0.5782
348.6000 0.5915
348.7000 0.6045
348.8000 0.6172
348.9000 0.6296
349.0000 0.6416
349.1000 0.6534
349.2000 0.6649
349.3000 0.6760
349.4000 0.6869
349.5000 0.6974
349.6000 0.7077
349.7000 0.7177
349.8000 0.7274
349.9000 0.7368
350.0000 0.7460
350.1000 0.7548
350.2000 0.7634
350.3000 0.7718
350.4000 0.7799
350.5000 0.7877
350.6000 0.7953
350.7000 0.8026
350.8000 0.8098
350.9000 0.8166
351.0000 0.8233
351.1000 0.8297
351.2000 0.8360
351.3000 0.8420
351.4000 0.8478
351.5000 0.8534
351.6000 0.8589
351.7000 0.8641
351.8000 0.8692
351.9000 0.8741
352.0000 0.8788
352.1000 0.8834
352.2000 0.8877
352.3000 0.8920
352.4000 0.8961
352.5000 0.9000
352.6000 0.9038
352.7000 0.9075
352.8000 0.9110
352.9000 0.9144
353.0000 0.9177
353.1000 0.9208
353.2000 0.9239
353.3000 0.9268
353.4000 0.9296
353.5000 0.9323
353.6000 0.9350
353.7000 0.9375
353.8000 0.9399
353.9000 0.9422
354.0000 0.9445
354.1000 0.9466
354.2000 0.9487
354.3000 0.9507
354.4000 0.9526
354.5000 0.9545
354.6000 0.9563
354.7000 0.9580
354.8000 0.9596
354.9000 0.9612
355.0000 0.9627
355.1000 0.9642
355.2000 0.9656
355.3000 0.9669
355.4000 0.9682
355.5000 0.9695
355.6000 0.9707
355.7000 0.9719
355.8000 0.9730
355.9000 0.9740
356.0000 0.9751
356.1000 0.9760
356.2000 0.9770
356.3000 0.9779
356.4000 0.9788
356.5000 0.9796
356.6000 0.9804
356.7000 0.9812
356.8000 0.9819
356.9000 0.9827
357.0000 0.9833
357.1000 0.9840
357.2000 0.9846
357.3000 0.9852
357.4000 0.9858
357.5000 0.9864
357.6000 0.9869
357.7000 0.9875
357.8000 0.9880
357.9000 0.9884
358.0000 0.9889
358.1000 0.9893
358.2000 0.9898
358.3000 0.9902
358.4000 0.9906
358.5000 0.9909
358.6000 0.9913
358.7000 0.9916
358.8000 0.9920
358.9000 0.9923
359.0000 0.9926
359.1000 0.9929
359.2000 0.9932
359.3000 0.9935
359.4000 0.9937
359.5000 0.9940
359.6000 0.9942
359.7000 0.9944
359.8000 0.9947
359.9000 0.9949
360.0000 0.9951
360.1000 0.9953
360.2000 0.9955
360.3000 0.9956
360.4000 0.9958
360.5000 0.9960
360.6000 0.9961
360.7000 0.9963
360.8000 0.9964
360.9000 0.9966
361.0000 0.9967
361.1000 0.9969
361.2000 0.9970
361.3000 0.9971
361.4000 0.9972
361.5000 0.9973
361.6000 0.9974
361.7000 0.9975
361.8000 0.9976
361.9000 0.9977
362.0000 0.9978
362.1000 0.9979
362.2000 0.9980
362.3000 0.9981
362.4000 0.9981
362.5000 0.9982
362.6000 0.9983
362.7000 0.9984
362.8000 0.9984
362.9000 0.9985
363.0000 0.9986
363.1000 0.9986
363.2000 0.9984
363.3000 0.9981
363.4000 0.9979
363.5000 0.9976
363.6000 0.9974
363.7000 0.9971
363.8000 0.9969
363.9000 0.9966
364.0000 0.9964
364.1000 0.9961
364.2000 0.9959
364.3000 0.9956
364.4000 0.9954
364.5000 0.9951
364.6000 0.9949
364.7000 0.9946
364.8000 0.9944
364.9000 0.9941
365.0000 0.9939
365.1000 0.9936
365.2000 0.9934
365.3000 0.9931
365.4000 0.9929
365.5000 0.9926
365.6000 0.9924
365.7000 0.9921
365.8000 0.9919
365.9000 0.9916
366.0000 0.9914
366.1000 0.9911
366.2000 0.9909
366.3000 0.9906
366.4000 0.9904
366.5000 0.9901
366.6000 0.9899
366.7000 0.9896
366.8000 0.9894
366.9000 0.9891
367.0000 0.9889
367.1000 0.9886
367.2000 0.9884
367.3000 0.9881
367.4000 0.9879
367.5000 0.9876
367.6000 0.9874
367.7000 0.9871
367.8000 0.9869
367.9000 0.9866
368.0000 0.9864
368.1000 0.9861
368.2000 0.9859
368.3000 0.9856
368.4000 0.9854
368.5000 0.9851
368.6000 0.9849
368.7000 0.9846
368.8000 0.9844
368.9000 0.9841
369.0000 0.9839
369.1000 0.9836
369.2000 0.9834
369.3000 0.9831
369.4000 0.9829
369.5000 0.9826
369.6000 0.9824
369.7000 0.9821
369.8000 0.9819
369.9000 0.9816
370.0000 0.9814
370.1000 0.9811
370.2000 0.9809
370.3000 0.9806
370.4000 0.9804
370.5000 0.9801
370.6000 0.9799
370.7000 0.9796
370.8000 0.9794
370.9000 0.9791
371.0000 0.9789
371.1000 0.9786
371.2000 0.9784
371.3000 0.9781
371.4000 0.9779
371.5000 0.9776
371.6000 0.9774
371.7000 0.9771
371.8000 0.9769
371.9000 0.9766
372.0000 0.9764
372.1000 0.9761
372.2000 0.9759
372.3000 0.9756
372.4000 0.9754
372.5000 0.9751
372.6000 0.9749
372.7000 0.9746
372.8000 0.9744
372.9000 0.9741
373.0000 0.9739
373.1000 0.9736
373.2000 0.9734
373.3000 0.9731
373.4000 0.9729
373.5000 0.9726
373.6000 0.9724
373.7000 0.9721
373.8000 0.9719
373.9000 0.9716
374.0000 0.9714
374.1000 0.9711
374.2000 0.9709
374.3000 0.9706
374.4000 0.9704
374.5000 0.9701
374.6000 0.9699
374.7000 0.9696
374.8000 0.9694
374.9000 0.9691
375.0000 0.9689
375.1000 0.9686
375.2000 0.9684
375.3000 0.9681
375.4000 0.9679
375.5000 0.9676
375.6000 0.9674
375.7000 0.9671
375.8000 0.9669
375.9000 0.9666
376.0000 0.9664
376.1000 0.9661
376.2000 0.9659
376.3000 0.9656
376.4000 0.9654
376.5000 0.9651
376.6000 0.9649
376.7000 0.9646
376.8000 0.9644
376.9000 0.9641
377.0000 0.9639
377.1000 0.9636
377.2000 0.9634
377.3000 0.9631
377.4000 0.9629
377.5000 0.9626
377.6000 0.9624
377.7000 0.9621
377.8000 0.9619
377.9000 0.9616
378.0000 0.9614
378.1000 0.9611
378.2000 0.9609
378.3000 0.9606
378.4000 0.9604
378.5000 0.9601
378.6000 0.9599
378.7000 0.9596
378.8000 0.9594
378.9000 0.9591
379.0000 0.9589
379.1000 0.9586
379.2000 0.9584
379.3000 0.9581
379.4000 0.9579
379.5000 0.9576
379.6000 0.9574
379.7000 0.9571
379.8000 0.9569
379.9000 0.9566
380.0000 0.9564
380.1000 0.9561
380.2000 0.9559
380.3000 0.9556
380.4000 0.9554
380.5000 0.9551
380.6000 0.9549
380.7000 0.9546
380.8000 0.9544
380.9000 0.9541
381.0000 0.9539
381.1000 0.9536
381.2000 0.9534
381.3000 0.9531
381.4000 0.9529
381.5000 0.9526
381.6000 0.9524
381.7000 0.9521
381.8000 0.9519
381.9000 0.9516
382.0000 0.9514
382.1000 0.9511
382.2000 0.9509
382.3000 0.9506
382.4000 0.9504
382.5000 0.9501
382.6000 0.9499
382.7000 0.9496
382.8000 0.9494
382.9000 0.9491
383.0000 0.9489
383.1000 0.9486
383.2000 0.9484
383.3000 0.9481
383.4000 0.9479
383.5000 0.9476
383.6000 0.9474
383.7000 0.9471
383.8000 0.9469
383.9000 0.9466
384.0000 0.9464
384.1000 0.9461
384.2000 0.9459
384.3000 0.9456
384.4000 0.9454
384.5000 0.9451
384.6000 0.9449
384.7000 0.9446
384.8000 0.9444
384.9000 0.9441
385.0000 0.9439
385.1000 0.9436
385.2000 0.9434
385.3000 0.9431
385.4000 0.9429
385.5000 0.9426
385.6000 0.9424
385.7000 0.9421
385.8000 0.9419
385.9000 0.9416
386.0000 0.9414
386.1000 0.9411
386.2000 0.9409
386.3000 0.9406
386.4000 0.9404
386.5000 0.9401
386.6000 0.9399
386.7000 0.9396
386.8000 0.9394
386.9000 0.9391
387.0000 0.9389
387.1000 0.9386
387.2000 0.9384
387.3000 0.9381
387.4000 0.9379
387.5000 0.9376
387.6000 0.9374
387.7000 0.9371
387.8000 0.9369
387.9000 0.9366
388.0000 0.9364
388.1000 0.9361
388.2000 0.9359
388.3000 0.9356
388.4000 0.9354
388.5000 0.9351
388.6000 0.9349
388.7000 0.9346
388.8000 0.9344
388.9000 0.9341
389.0000 0.9339
389.1000 0.9336
389.2000 0.9334
389.3000 0.9331
389.4000 0.9329
389.5000 0.9326
389.6000 0.9324
389.7000 0.9321
389.8000 0.9319
389.9000 0.9316
390.0000 0.9314
390.1000 0.9311
390.2000 0.9309
390.3000 0.9306
390.4000 0.9304
390.5000 0.9301
390.6000 0.9299
390.7000 0.9296
390.8000 0.9294
390.9000 0.9291
391.0000 0.9289
391.1000 0.9286
391.2000 0.9284
391.3000 0.9281
391.4000 0.9279
391.5000 0.9276
391.6000 0.9274
391.7000 0.9271
391.8000 0.9269
391.9000 0.9266
392.0000 0.9264
392.1000 0.9261
392.2000 0.9259
392.3000 0.9256
392.4000 0.9254
392.5000 0.9251
392.6000 0.9249
392.7000 0.9246
392.8000 0.9244
392.9000 0.9241
393.0000 0.9239
393.1000 0.9236
393.2000 0.9234
393.3000 0.9231
393.4000 0.9229
393.5000 0.9226
393.6000 0.9224
393.7000 0.9221
393.8000 0.9219
393.9000 0.9216
394.0000 0.9214
394.1000 0.9211
394.2000 0.9209
394.3000 0.9206
394.4000 0.9204
394.5000 0.9201
394.6000 0.9199
394.7000 0.9196
394.8000 0.9194
394.9000 0.9191
395.0000 0.9189
395.1000 0.9186
395.2000 0.9184
395.3000 0.9181
395.4000 0.9179
395.5000 0.9176
395.6000 0.9174
395.7000 0.9171
395.8000 0.9169
395.9000 0.9166
396.0000 0.9164
396.1000 0.9161
396.2000 0.9159
396.3000 0.9156
396.4000 0.9154
396.5000 0.9151
396.6000 0.9149
396.7000 0.9146
396.8000 0.9144
396.9000 0.9141
397.0000 0.9139
397.1000 0.9136
397.2000 0.9134
397.3000 0.9131
397.4000 0.9129
397.5000 0.9126
397.6000 0.9124
397.7000 0.9121
397.8000 0.9119
397.9000 0.9116
398.0000 0.9114
398.1000 0.9111
398.2000 0.9109
398.3000 0.9106
398.4000 0.9104
398.5000 0.9101
398.6000 0.9099
398.7000 0.9096
398.8000 0.9094
398.9000 0.9091
399.0000 0.9089
399.1000 0.9086
399.2000 0.9084
399.3000 0.9081
399.4000 0.9079
399.5000 0.9076
399.6000 0.9074
399.7000 0.9071
399.8000 0.9069
399.9000 0.9066
400.0000 0.9064
400.1000 0.9061
400.2000 0.9059
400.3000 0.9056
400.4000 0.9054
400.5000 0.9051
400.6000 0.9049
400.7000 0.9046
400.8000 0.9044
400.9000 0.9041
401.0000 0.9039
401.1000 0.9036
401.2000 0.9034
401.3000 0.9031
401.4000 0.9029
401.5000 0.9026
401.6000 0.9024
401.7000 0.9021
401.8000 0.9019
401.9000 0.9016
402.0000 0.9014
402.1000 0.9011
402.2000 0.9009
402.3000 0.9006
402.4000 0.9004
402.5000 0.9001
402.6000 0.8999
402.7000 0.8996
402.8000 0.8994
402.9000 0.8991
403.0000 0.8989
403.1000 0.8986
403.2000 0.8984
403.3000 0.8981
403.4000 0.8979
403.5000 0.8976
403.6000 0.8974
403.7000 0.8971
403.8000 0.8969
403.9000 0.8966
404.0000 0.8964
404.1000 0.8961
404.2000 0.8959
404.3000 0.8956
404.4000 0.8954
404.5000 0.8951
404.6000 0.8949
404.7000 0.8946
404.8000 0.8944
404.9000 0.8941
405.0000 0.8939
405.1000 0.8936
405.2000 0.8934
405.3000 0.8931
405.4000 0.8929
405.5000 0.8926
405.6000 0.8924
405.7000 0.8921
405.8000 0.8919
405.9000 0.8916
406.0000 0.8914
406.1000 0.8911
406.2000 0.8909
406.3000 0.8906
406.4000 0.8904
406.5000 0.8901
406.6000 0.8899
406.7000 0.8896
406.8000 0.8894
406.9000 0.8891
407.0000 0.8889
407.1000 0.8886
407.2000 0.8884
407.3000 0.8881
407.4000 0.8879
407.5000 0.8876
407.6000 0.8874
407.7000 0.8871
407.8000 0.8869
407.9000 0.8866
408.0000 0.8864
408.1000 0.8861
408.2000 0.8859
408.3000 0.8856
408.4000 0.8854
408.5000 0.8851
408.6000 0.8849
408.7000 0.8846
408.8000 0.8844
408.9000 0.8841
409.0000 0.8839
409.1000 0.8836
409.2000 0.8834
409.3000 0.8831
409.4000 0.8829
409.5000 0.8826
409.6000 0.8824
409.7000 0.8821
409.8000 0.8819
409.9000 0.8816
410.0000 0.8814
410.1000 0.8811
410.2000 0.8809
410.3000 0.8806
410.4000 0.8804
410.5000 0.8801
410.6000 0.8799
410.7000 0.8796
410.8000 0.8794
410.9000 0.8791
411.0000 0.8789
411.1000 0.8786
411.2000 0.8784
411.3000 0.8781
411.4000 0.8779
411.5000 0.8776
411.6000 0.8774
411.7000 0.8771
411.8000 0.8769
411.9000 0.8766
412.0000 0.8764
412.1000 0.8761
412.2000 0.8759
412.3000 0.8756
412.4000 0.8754
412.5000 0.8751
412.6000 0.8749
412.7000 0.8746
412.8000 0.8744
412.9000 0.8741
413.0000 0.8739
413.1000 0.8736
413.2000 0.8734
413.3000 0.8731
413.4000 0.8729
413.5000 0.8726
413.6000 0.8724
413.7000 0.8721
413.8000 0.8719
413.9000 0.8716
414.0000 0.8714
414.1000 0.8711
414.2000 0.8709
414.3000 0.8706
414.4000 0.8704
414.5000 0.8701
414.6000 0.8699
414.7000 0.8696
414.8000 0.8694
414.9000 0.8691
415.0000 0.8689
415.1000 0.8686
415.2000 0.8684
415.3000 0.8681
415.4000 0.8679
415.5000 0.8676
415.6000 0.8674
415.7000 0.8671
415.8000 0.8669
415.9000 0.8666
416.0000 0.8664
416.1000 0.8661
416.2000 0.8659
416.3000 0.8656
416.4000 0.8654
416.5000 0.8651
416.6000 0.8649
416.7000 0.8646
416.8000 0.8644
416.9000 0.8641
417.0000 0.8639
417.1000 0.8636
417.2000 0.8634
417.3000 0.8631
417.4000 0.8629
417.5000 0.8626
417.6000 0.8624
417.7000 0.8621
417.8000 0.8619
417.9000 0.8616
418.0000 0.8614
418.1000 0.8611
418.2000 0.8609
418.3000 0.8606
418.4000 0.8604
418.5000 0.8601
418.6000 0.8599
418.7000 0.8596
418.8000 0.8594
418.9000 0.8591
419.0000 0.8589
419.1000 0.8586
419.2000 0.8584
419.3000 0.8581
419.4000 0.8579
419.5000 0.8576
419.6000 0.8574
419.7000 0.8571
419.8000 0.8569
419.9000 0.8566
420.0000 0.8564
420.1000 0.8561
420.2000 0.8559
420.3000 0.8556
420.4000 0.8554
420.5000 0.8551
420.6000 0.8549
420.7000 0.8546
420.8000 0.8544
420.9000 0.8541
421.0000 0.8539
421.1000 0.8536
421.2000 0.8534
421.3000 0.8531
421.4000 0.8529
421.5000 0.8526
421.6000 0.8524
421.7000 0.8521
421.8000 0.8519
421.9000 0.8516
422.0000 0.8514
422.1000 0.8511
422.2000 0.8509
422.3000 0.8506
422.4000 0.8504
422.5000 0.8501
422.6000 0.8499
422.7000 0.8496
422.8000 0.8494
422.9000 0.8491
423.0000 0.8489
423.1000 0.8486
423.2000 0.8484
423.3000 0.8481
423.4000 0.8479
423.5000 0.8476
423.6000 0.8474
423.7000 0.8471
423.8000 0.8469
423.9000 0.8466
424.0000 0.8464
424.1000 0.8461
424.2000 0.8459
424.3000 0.8456
424.4000 0.8454
424.5000 0.8451
424.6000 0.8449
424.7000 0.8446
424.8000 0.8444
424.9000 0.8441
425.0000 0.8439
425.1000 0.8436
425.2000 0.8434
425.3000 0.8431
425.4000 0.8429
425.5000 0.8426
425.6000 0.8424
425.7000 0.8421
425.8000 0.8419
425.9000 0.8416
426.0000 0.8414
426.1000 0.8411
426.2000 0.8409
426.3000 0.8406
426.4000 0.8404
426.5000 0.8401
426.6000 0.8399
426.7000 0.8396
426.8000 0.8394
426.9000 0.8391
427.0000 0.8389
427.1000 0.8386
427.2000 0.8384
427.3000 0.8381
427.4000 0.8379
427.5000 0.8376
427.6000 0.8374
427.7000 0.8371
427.8000 0.8369
427.9000 0.8366
428.0000 0.8364
428.1000 0.8361
428.2000 0.8359
428.3000 0.8356
428.4000 0.8354
428.5000 0.8351
428.6000 0.8349
428.7000 0.8346
428.8000 0.8344
428.9000 0.8341
429.0000 0.8339
429.1000 0.8336
429.2000 0.8334
429.3000 0.8331
429.4000 0.8329
429.5000 0.8326
429.6000 0.8324
429.7000 0.8321
429.8000 0.8319
429.9000 0.8316
430.0000 0.8314
430.1000 0.8311
430.2000 0.8309
430.3000 0.8306
430.4000 0.8304
430.5000 0.8301
430.6000 0.8299
430.7000 0.8296
430.8000 0.8294
430.9000 0.8291
431.0000 0.8289
431.1000 0.8286
431.2000 0.8284
431.3000 0.8281
431.4000 0.8279
431.5000 0.8276
431.6000 0.8274
431.7000 0.8271
431.8000 0.8269
431.9000 0.8266
432.0000 0.8264
432.1000 0.8261
432.2000 0.8259
432.3000 0.8256
432.4000 0.8254
432.5000 0.8251
432.6000 0.8249
432.7000 0.8246
432.8000 0.8244
432.9000 0.8241
433.0000 0.8239
433.1000 0.8236
433.2000 0.8234
433.3000 0.8231
433.4000 0.8229
433.5000 0.8226
433.6000 0.8224
433.7000 0.8221
433.8000 0.8219
433.9000 0.8216
434.0000 0.8214
434.1000 0.8211
434.2000 0.8209
434.3000 0.8206
434.4000 0.8204
434.5000 0.8201
434.6000 0.8199
434.7000 0.8196
434.8000 0.8194
434.9000 0.8191
435.0000 0.8189
435.1000 0.8186
435.2000 0.8184
435.3000 0.8181
435.4000 0.8179
435.5000 0.8176
435.6000 0.8174
435.7000 0.8171
435.8000 0.8169
435.9000 0.8166
436.0000 0.8164
436.1000 0.8161
436.2000 0.8159
436.3000 0.8156
436.4000 0.8154
436.5000 0.8151
436.6000 0.8149
436.7000 0.8146
436.8000 0.8144
436.9000 0.8141
437.0000 0.8139
437.1000 0.8136
437.2000 0.8134
437.3000 0.8131
437.4000 0.8129
437.5000 0.8126
437.6000 0.8124
437.7000 0.8121
437.8000 0.8119
437.9000 0.8116
438.0000 0.8114
438.1000 0.8111
438.2000 0.8109
438.3000 0.8106
438.4000 0.8104
438.5000 0.8101
438.6000 0.8099
438.7000 0.8096
438.8000 0.8094
438.9000 0.8091
439.0000 0.8089
439.1000 0.8086
439.2000 0.8084
439.3000 0.8081
439.4000 0.8079
439.5000 0.8076
439.6000 0.8074
439.7000 0.8071
439.8000 0.8069
439.9000 0.8066
440.0000 0.8064
440.1000 0.8061
440.2000 0.8059
440.3000 0.8056
440.4000 0.8054
440.5000 0.8051
440.6000 0.8049
440.7000 0.8046
440.8000 0.8044
440.9000 0.8041
441.0000 0.8039
441.1000 0.8036
441.2000 0.8034
441.3000 0.8031
441.4000 0.8029
441.5000 0.8026
441.6000 0.8024
441.7000 0.8021
441.8000 0.8019
441.9000 0.8016
442.0000 0.8014
442.1000 0.8011
442.2000 0.8009
442.3000 0.8006
442.4000 0.8004
442.5000 0.8001
442.6000 0.7999
442.7000 0.7996
442.8000 0.7994
442.9000 0.7991
443.0000 0.7989
443.1000 0.7986
443.2000 0.7984
443.3000 0.7981
443.4000 0.7979
443.5000 0.7976
443.6000 0.7974
443.7000 0.7971
443.8000 0.7969
443.9000 0.7966
444.0000 0.7964
444.1000 0.7961
444.2000 0.7959
444.3000 0.7956
444.4000 0.7954
444.5000 0.7951
444.6000 0.7949
444.7000 0.7946
444.8000 0.7944
444.9000 0.7941
445.0000 0.7939
445.1000 0.7936
445.2000 0.7934
445.3000 0.7931
445.4000 0.7929
445.5000 0.7926
445.6000 0.7924
445.7000 0.7921
445.8000 0.7919
445.9000 0.7916
446.0000 0.7914
446.1000 0.7911
446.2000 0.7909
446.3000 0.7906
446.4000 0.7904
446.5000 0.7901
446.6000 0.7899
446.7000 0.7896
446.8000 0.7894
446.9000 0.7891
447.0000 0.7889
447.1000 0.7886
447.2000 0.7884
447.3000 0.7881
447.4000 0.7879
447.5000 0.7876
447.6000 0.7874
447.7000 0.7871
447.8000 0.7869
447.9000 0.7866
448.0000 0.7864
448.1000 0.7861
448.2000 0.7859
448.3000 0.7856
448.4000 0.7854
448.5000 0.7851
448.6000 0.7849
448.7000 0.7846
448.8000 0.7844
448.9000 0.7841
449.0000 0.7839
449.1000 0.7836
449.2000 0.7834
449.3000 0.7831
449.4000 0.7829
449.5000 0.7826
449.6000 0.7824
449.7000 0.7821
449.8000 0.7819
449.9000 0.7816
450.0000 0.7814
450.1000 0.7811
450.2000 0.7809
450.3000 0.7806
450.4000 0.7804
450.5000 0.7801
450.6000 0.7799
450.7000 0.7796
450.8000 0.7794
450.9000 0.7791
451.0000 0.7789
451.1000 0.7786
451.2000 0.7784
451.3000 0.7781
451.4000 0.7779
451.5000 0.7776
451.6000 0.7774
451.7000 0.7771
451.8000 0.7769
451.9000 0.7766
452.0000 0.7764
452.1000 0.7761
452.2000 0.7759
452.3000 0.7756
452.4000 0.7754
452.5000 0.7751
452.6000 0.7749
452.7000 0.7746
452.8000 0.7744
452.9000 0.7741
453.0000 0.7739
453.1000 0.7736
453.2000 0.7734
453.3000 0.7731
453.4000 0.7729
453.5000 0.7726
453.6000 0.7724
453.7000 0.7721
453.8000 0.7719
453.9000 0.7716
454.0000 0.7714
454.1000 0.7711
454.2000 0.7709
454.3000 0.7706
454.4000 0.7704
454.5000 0.7701
454.6000 0.7699
454.7000 0.7696
454.8000 0.7694
454.9000 0.7691
455.0000 0.7689
455.1000 0.7686
455.2000 0.7684
455.3000 0.7681
455.4000 0.7679
455.5000 0.7676
455.6000 0.7674
455.7000 0.7671
455.8000 0.7669
455.9000 0.7666
456.0000 0.7664
456.1000 0.7661
456.2000 0.7659
456.3000 0.7656
456.4000 0.7654
456.5000 0.7651
456.6000 0.7649
456.7000 0.7646
456.8000 0.7644
456.9000 0.7641
457.0000 0.7639
457.1000 0.7636
457.2000 0.7634
457.3000 0.7631
457.4000 0.7629
457.5000 0.7626
457.6000 0.7624
457.7000 0.7621
457.8000 0.7619
457.9000 0.7616
458.0000 0.7614
458.1000 0.7611
458.2000 0.7609
458.3000 0.7606
458.4000 0.7604
458.5000 0.7601
458.6000 0.7599
458.7000 0.7596
458.8000 0.7594
458.9000 0.7591
459.0000 0.7589
459.1000 0.7586
459.2000 0.7584
459.3000 0.7581
459.4000 0.7579
459.5000 0.7576
459.6000 0.7574
459.7000 0.7571
459.8000 0.7569
459.9000 0.7566
460.0000 0.7564
460.1000 0.7561
460.2000 0.7559
460.3000 0.7556
460.4000 0.7554
460.5000 0.7551
460.6000 0.7549
460.7000 0.7546
460.8000 0.7544
460.9000 0.7541
461.0000 0.7539
461.1000 0.7536
461.2000 0.7534
461.3000 0.7531
461.4000 0.7529
461.5000 0.7526
461.6000 0.7524
461.7000 0.7521
461.8000 0.7519
461.9000 0.7516
462.0000 0.7514
462.1000 0.7511
462.2000 0.7509
462.3000 0.7506
462.4000 0.7504
462.5000 0.7501
462.6000 0.7499
462.7000 0.7496
462.8000 0.7494
462.9000 0.7491
463.0000 0.7489
463.1000 0.7486
463.2000 0.7484
463.3000 0.7481
463.4000 0.7479
463.5000 0.7476
463.6000 0.7474
463.7000 0.7471
463.8000 0.7469
463.9000 0.7466
464.0000 0.7464
464.1000 0.7461
464.2000 0.7459
464.3000 0.7456
464.4000 0.7454
464.5000 0.7451
464.6000 0.7449
464.7000 0.7446
464.8000 0.7444
464.9000 0.7441
465.0000 0.7439
465.1000 0.7436
465.2000 0.7434
465.3000 0.7431
465.4000 0.7429
465.5000 0.7426
465.6000 0.7424
465.7000 0.7421
465.8000 0.7419
465.9000 0.7416
466.0000 0.7414
466.1000 0.7411
466.2000 0.7409
466.3000 0.7406
466.4000 0.7404
466.5000 0.7401
466.6000 0.7399
466.7000 0.7396
466.8000 0.7394
466.9000 0.7391
467.0000 0.7389
467.1000 0.7386
467.2000 0.7384
467.3000 0.7381
467.4000 0.7379
467.5000 0.7376
467.6000 0.7374
467.7000 0.7371
467.8000 0.7369
467.9000 0.7366
468.0000 0.7364
468.1000 0.7361
468.2000 0.7359
468.3000 0.7356
468.4000 0.7354
468.5000 0.7351
468.6000 0.7349
468.7000 0.7346
468.8000 0.7344
468.9000 0.7341
469.0000 0.7339
469.1000 0.7336
469.2000 0.7334
469.3000 0.7331
469.4000 0.7329
469.5000 0.7326
469.6000 0.7324
469.7000 0.7321
469.8000 0.7319
469.9000 0.7316
470.0000 0.7314
470.1000 0.7311
470.2000 0.7309
470.3000 0.7306
470.4000 0.7304
470.5000 0.7301
470.6000 0.7299
470.7000 0.7296
470.8000 0.7294
470.9000 0.7291
471.0000 0.7289
471.1000 0.7286
471.2000 0.7284
471.3000 0.7281
471.4000 0.7279
471.5000 0.7276
471.6000 0.7274
471.7000 0.7271
471.8000 0.7269
471.9000 0.7266
472.0000 0.7264
472.1000 0.7261
472.2000 0.7259
472.3000 0.7256
472.4000 0.7254
472.5000 0.7251
472.6000 0.7249
472.7000 0.7246
472.8000 0.7244
472.9000 0.7241
473.0000 0.7239
473.1000 0.7236
473.2000 0.7234
473.3000 0.7231
473.4000 0.7229
473.5000 0.7226
473.6000 0.7224
473.7000 0.7221
473.8000 0.7219
473.9000 0.7216
474.0000 0.7214
474.1000 0.7211
474.2000 0.7209
474.3000 0.7206
474.4000 0.7204
474.5000 0.7201
474.6000 0.7199
474.7000 0.7196
474.8000 0.7194
474.9000 0.7191
475.0000 0.7189
475.1000 0.7186
475.2000 0.7184
475.3000 0.7181
475.4000 0.7179
475.5000 0.7176
475.6000 0.7174
475.7000 0.7171
475.8000 0.7169
475.9000 0.7166
476.0000 0.7164
476.1000 0.7161
476.2000 0.7159
476.3000 0.7156
476.4000 0.7154
476.5000 0.7151
476.6000 0.7149
476.7000 0.7146
476.8000 0.7144
476.9000 0.7141
477.0000 0.7139
477.1000 0.7136
477.2000 0.7134
477.3000 0.7131
477.4000 0.7129
477.5000 0.7126
477.6000 0.7124
477.7000 0.7121
477.8000 0.7119
477.9000 0.7116
478.0000 0.7114
478.1000 0.7111
478.2000 0.7109
478.3000 0.7106
478.4000 0.7104
478.5000 0.7101
478.6000 0.7099
478.7000 0.7096
478.8000 0.7094
478.9000 0.7091
479.0000 0.7089
479.1000 0.7086
479.2000 0.7084
479.3000 0.7081
479.4000 0.7079
479.5000 0.7076
479.6000 0.7074
479.7000 0.7071
479.8000 0.7069
479.9000 0.7066
480.0000 0.7064
480.1000 0.7061
480.2000 0.7059
480.3000 0.7056
480.4000 0.7054
480.5000 0.7051
480.6000 0.7049
480.7000 0.7046
480.8000 0.7044
480.9000 0.7041
481.0000 0.7039
481.1000 0.7036
481.2000 0.7034
481.3000 0.7031
481.4000 0.7029
481.5000 0.7026
481.6000 0.7024
481.7000 0.7021
481.8000 0.7019
481.9000 0.7016
482.0000 0.7014
482.1000 0.7011
482.2000 0.7009
482.3000 0.7006
482.4000 0.7004
482.5000 0.7001
482.6000 0.6999
482.7000 0.6996
482.8000 0.6994
482.9000 0.6991
483.0000 0.6989
483.1000 0.6986
483.2000 0.6984
483.3000 0.6981
483.4000 0.6979
483.5000 0.6976
483.6000 0.6974
483.7000 0.6971
483.8000 0.6969
483.9000 0.6966
484.0000 0.6964
484.1000 0.6961
484.2000 0.6959
484.3000 0.6956
484.4000 0.6954
484.5000 0.6951
484.6000 0.6949
484.7000 0.6946
484.8000 0.6944
