0.0000 0.9975 0.9975 
0.1000 0.9950 0.9950 
0.2000 0.9925 0.9925 
0.3000 0.9900 0.9900 
0.4000 0.9875 0.9875 
0.5000 0.9850 0.9850 
0.6000 0.9825 0.9825 
0.7000 0.9800 0.9800 
0.8000 0.9775 0.9775 
0.9000 0.9750 0.9750 
1.0000 0.9725 0.9725 
1.1000 0.9700 0.9700 
1.2000 0.9675 0.9675 
1.3000 0.9650 0.9650 
1.4000 0.9625 0.9625 
1.5000 0.9600 0.9600 
1.6000 0.9575 0.9575 
1.7000 0.9550 0.9550 
1.8000 0.9525 0.9525 
1.9000 0.9500 0.9500 
2.0000 0.9475 0.9475 
2.1000 0.9450 0.9450 
2.2000 0.9425 0.9425 
2.3000 0.9400 0.9400 
2.4000 0.9375 0.9375 
2.5000 0.9350 0.9350 
2.6000 0.9325 0.9325 
2.7000 0.9300 0.9300 
2.8000 0.9275 0.9275 
2.9000 0.9250 0.9250 
3.0000 0.9225 0.9225 
3.1000 0.9200 0.9200 
3.2000 0.9175 0.9175 
3.3000 0.9150 0.9150 
3.4000 0.9125 0.9125 
3.5000 0.9100 0.9100 
3.6000 0.9075 0.9075 
3.7000 0.9050 0.9050 
3.8000 0.9025 0.9025 
3.9000 0.9000 0.9000 
4.0000 0.8975 0.8975 
4.1000 0.8950 0.8950 
4.2000 0.8925 0.8925 
4.3000 0.8900 0.8900 
4.4000 0.8875 0.8875 
4.5000 0.8850 0.8850 
4.6000 0.8825 0.8825 
4.7000 0.8800 0.8800 
4.8000 0.8775 0.8775 
4.9000 0.8750 0.8750 
5.0000 0.8725 0.8725 
5.1000 0.8700 0.8700 
5.2000 0.8675 0.8675 
5.3000 0.8650 0.8650 
5.4000 0.8625 0.8625 
5.5000 0.8600 0.8600 
5.6000 0.8575 0.8575 
5.7000 0.8550 0.8550 
5.8000 0.8525 0.8525 
5.9000 0.8500 0.8500 
6.0000 0.8475 0.8475 
6.1000 0.8450 0.8450 
6.2000 0.8425 0.8425 
6.3000 0.8400 0.8400 
6.4000 0.8375 0.8375 
6.5000 0.8350 0.8350 
6.6000 0.8325 0.8325 
6.7000 0.8300 0.8300 
6.8000 0.8275 0.8275 
6.9000 0.8250 0.8250 
7.0000 0.8225 0.8225 
7.1000 0.8200 0.8200 
7.2000 0.8175 0.8175 
7.3000 0.8150 0.8150 
7.4000 0.8125 0.8125 
7.5000 0.8100 0.8100 
7.6000 0.8075 0.8075 
7.7000 0.8050 0.8050 
7.8000 0.8025 0.8025 
7.9000 0.8000 0.8000 
8.0000 0.7975 0.7975 
8.1000 0.7950 0.7950 
8.2000 0.7925 0.7925 
8.3000 0.7900 0.7900 
8.4000 0.7875 0.7875 
8.5000 0.7850 0.7850 
8.6000 0.7825 0.7825 
8.7000 0.7800 0.7800 
8.8000 0.7775 0.7775 
8.9000 0.7750 0.7750 
9.0000 0.7725 0.7725 
9.1000 0.7700 0.7700 
9.2000 0.7675 0.7675 
9.3000 0.7650 0.7650 
9.4000 0.7625 0.7625 
9.5000 0.7600 0.7600 
9.6000 0.7575 0.7575 
9.7000 0.7550 0.7550 
9.8000 0.7525 0.7525 
9.9000 0.7500 0.7500 
10.0000 0.7475 0.7475 
10.1000 0.7450 0.7450 
10.2000 0.7425 0.7425 
10.3000 0.7400 0.7400 
10.4000 0.7375 0.7375 
10.5000 0.7350 0.7350 
10.6000 0.7325 0.7325 
10.7000 0.7300 0.7300 
10.8000 0.7275 0.7275 
10.9000 0.7250 0.7250 
11.0000 0.7225 0.7225 
11.1000 0.7200 0.7200 
11.2000 0.7175 0.7175 
11.3000 0.7150 0.7150 
11.4000 0.7125 0.7125 
11.5000 0.7100 0.7100 
11.6000 0.7075 0.7075 
11.7000 0.7050 0.7050 
11.8000 0.7025 0.7025 
11.9000 0.7000 0.7000 
12.0000 0.6975 0.6975 
12.1000 0.6950 0.6950 
12.2000 0.6925 0.6925 
12.3000 0.6900 0.6900 
12.4000 0.6875 0.6875 
12.5000 0.6850 0.6850 
12.6000 0.6825 0.6825 
12.7000 0.6800 0.6800 
12.8000 0.6775 0.6775 
12.9000 0.6750 0.6750 
13.0000 0.6725 0.6725 
13.1000 0.6700 0.6700 
13.2000 0.6675 0.6675 
13.3000 0.6650 0.6650 
13.4000 0.6625 0.6625 
13.5000 0.6600 0.6600 
13.6000 0.6575 0.6575 
13.7000 0.6550 0.6550 
13.8000 0.6525 0.6525 
13.9000 0.6500 0.6500 
14.0000 0.6475 0.6475 
14.1000 0.6450 0.6450 
14.2000 0.6425 0.6425 
14.3000 0.6400 0.6400 
14.4000 0.6375 0.6375 
14.5000 0.6350 0.6350 
14.6000 0.6325 0.6325 
14.7000 0.6300 0.6300 
14.8000 0.6275 0.6275 
14.9000 0.6250 0.6250 
15.0000 0.6225 0.6225 
15.1000 0.6200 0.6200 
15.2000 0.6175 0.6175 
15.3000 0.6150 0.6150 
15.4000 0.6125 0.6125 
15.5000 0.6100 0.6100 
15.6000 0.6075 0.6075 
15.7000 0.6050 0.6050 
15.8000 0.6025 0.6025 
15.9000 0.6000 0.6000 
16.0000 0.5975 0.5975 
16.1000 0.5950 0.5950 
16.2000 0.5925 0.5925 
16.3000 0.5900 0.5900 
16.4000 0.5875 0.5875 
16.5000 0.5850 0.5850 
16.6000 0.5825 0.5825 
16.7000 0.5800 0.5800 
16.8000 0.5775 0.5775 
16.9000 0.5750 0.5750 
17.0000 0.5725 0.5725 
17.1000 0.5700 0.5700 
17.2000 0.5675 0.5675 
17.3000 0.5650 0.5650 
17.4000 0.5625 0.5625 
17.5000 0.5600 0.5600 
17.6000 0.5575 0.5575 
17.7000 0.5550 0.5550 
17.8000 0.5525 0.5525 
17.9000 0.5500 0.5500 
18.0000 0.5475 0.5475 
18.1000 0.5450 0.5450 
18.2000 0.5425 0.5425 
18.3000 0.5400 0.5400 
18.4000 0.5375 0.5375 
18.5000 0.5350 0.5350 
18.6000 0.5325 0.5325 
18.7000 0.5300 0.5300 
18.8000 0.5275 0.5275 
18.9000 0.5250 0.5250 
19.0000 0.5225 0.5225 
19.1000 0.5200 0.5200 
19.2000 0.5175 0.5175 
19.3000 0.5150 0.5150 
19.4000 0.5125 0.5125 
19.5000 0.5100 0.5100 
19.6000 0.5075 0.5075 
19.7000 0.5050 0.5050 
19.8000 0.5025 0.5025 
19.9000 0.5000 0.5000 
20.0000 0.4975 0.4975 
20.1000 0.4950 0.4950 
20.2000 0.4925 0.4925 
20.3000 0.4900 0.4900 
20.4000 0.4875 0.4875 
20.5000 0.4850 0.4850 
20.6000 0.4825 0.4825 
20.7000 0.4800 0.4800 
20.8000 0.4775 0.4775 
20.9000 0.4750 0.4750 
21.0000 0.4725 0.4725 
21.1000 0.4700 0.4700 
21.2000 0.4675 0.4675 
21.3000 0.4831 0.4831 
21.4000 0.4985 0.4985 
21.5000 0.5135 0.5135 
21.6000 0.5282 0.5282 
21.7000 0.5426 0.5426 
21.8000 0.5567 0.5567 
21.9000 0.5705 0.5705 
22.0000 0.5840 0.5840 
22.1000 0.5972 0.5972 
22.2000 0.6101 0.6101 
22.3000 0.6226 0.6226 
22.4000 0.6349 0.6349 
22.5000 0.6468 0.6468 
22.6000 0.6585 0.6585 
22.7000 0.6698 0.6698 
22.8000 0.6808 0.6808 
22.9000 0.6915 0.6915 
23.0000 0.7020 0.7020 
23.1000 0.7121 0.7121 
23.2000 0.7220 0.7220 
23.3000 0.7316 0.7316 
23.4000 0.7409 0.7409 
23.5000 0.7499 0.7499 
23.6000 0.7586 0.7586 
23.7000 0.7671 0.7671 
23.8000 0.7753 0.7753 
23.9000 0.7833 0.7833 
24.0000 0.7911 0.7911 
24.1000 0.7985 0.7985 
24.2000 0.8058 0.8058 
24.3000 0.8128 0.8128 
24.4000 0.8196 0.8196 
24.5000 0.8262 0.8262 
24.6000 0.8325 0.8325 
24.7000 0.8386 0.8386 
24.8000 0.8446 0.8446 
24.9000 0.8503 0.8503 
25.0000 0.8558 0.8558 
25.1000 0.8612 0.8612 
25.2000 0.8664 0.8664 
25.3000 0.8639 0.8639 
25.4000 0.8614 0.8614 
25.5000 0.8589 0.8589 
25.6000 0.8564 0.8564 
25.7000 0.8539 0.8539 
25.8000 0.8514 0.8514 
25.9000 0.8489 0.8489 
26.0000 0.8464 0.8464 
26.1000 0.8439 0.8439 
26.2000 0.8414 0.8414 
26.3000 0.8389 0.8389 
26.4000 0.8364 0.8364 
26.5000 0.8339 0.8339 
26.6000 0.8314 0.8314 
26.7000 0.8289 0.8289 
26.8000 0.8264 0.8264 
26.9000 0.8239 0.8239 
27.0000 0.8214 0.8214 
27.1000 0.8189 0.8189 
27.2000 0.8164 0.8164 
27.3000 0.8139 0.8139 
27.4000 0.8114 0.8114 
27.5000 0.8089 0.8089 
27.6000 0.8064 0.8064 
27.7000 0.8039 0.8039 
27.8000 0.8014 0.8014 
27.9000 0.7989 0.7989 
28.0000 0.7964 0.7964 
28.1000 0.7939 0.7939 
28.2000 0.7914 0.7914 
28.3000 0.7889 0.7889 
28.4000 0.7864 0.7864 
28.5000 0.7839 0.7839 
28.6000 0.7814 0.7814 
28.7000 0.7789 0.7789 
28.8000 0.7764 0.7764 
28.9000 0.7739 0.7739 
29.0000 0.7714 0.7714 
29.1000 0.7689 0.7689 
29.2000 0.7664 0.7664 
29.3000 0.7639 0.7639 
29.4000 0.7614 0.7614 
29.5000 0.7589 0.7589 
29.6000 0.7564 0.7564 
29.7000 0.7539 0.7539 
29.8000 0.7514 0.7514 
29.9000 0.7489 0.7489 
30.0000 0.7464 0.7464 
30.1000 0.7439 0.7439 
30.2000 0.7414 0.7414 
30.3000 0.7389 0.7389 
30.4000 0.7364 0.7364 
30.5000 0.7339 0.7339 
30.6000 0.7314 0.7314 
30.7000 0.7289 0.7289 
30.8000 0.7264 0.7264 
30.9000 0.7239 0.7239 
31.0000 0.7214 0.7214 
31.1000 0.7189 0.7189 
31.2000 0.7164 0.7164 
31.3000 0.7139 0.7139 
31.4000 0.7114 0.7114 
31.5000 0.7089 0.7089 
31.6000 0.7064 0.7064 
31.7000 0.7039 0.7039 
31.8000 0.7014 0.7014 
31.9000 0.6989 0.6989 
32.0000 0.6964 0.6964 
32.1000 0.6939 0.6939 
32.2000 0.6914 0.6914 
32.3000 0.6889 0.6889 
32.4000 0.6864 0.6864 
32.5000 0.6839 0.6839 
32.6000 0.6814 0.6814 
32.7000 0.6789 0.6789 
32.8000 0.6764 0.6764 
32.9000 0.6739 0.6739 
33.0000 0.6714 0.6714 
33.1000 0.6689 0.6689 
33.2000 0.6664 0.6664 
33.3000 0.6639 0.6639 
33.4000 0.6614 0.6614 
33.5000 0.6589 0.6589 
33.6000 0.6564 0.6564 
33.7000 0.6539 0.6539 
33.8000 0.6514 0.6514 
33.9000 0.6489 0.6489 
34.0000 0.6464 0.6464 
34.1000 0.6439 0.6439 
34.2000 0.6414 0.6414 
34.3000 0.6389 0.6389 
34.4000 0.6364 0.6364 
34.5000 0.6339 0.6339 
34.6000 0.6314 0.6314 
34.7000 0.6289 0.6289 
34.8000 0.6264 0.6264 
34.9000 0.6239 0.6239 
35.0000 0.6214 0.6214 
35.1000 0.6189 0.6189 
35.2000 0.6164 0.6164 
35.3000 0.6139 0.6139 
35.4000 0.6114 0.6114 
35.5000 0.6089 0.6089 
35.6000 0.6064 0.6064 
35.7000 0.6039 0.6039 
35.8000 0.6014 0.6014 
35.9000 0.5989 0.5989 
36.0000 0.5964 0.5964 
36.1000 0.5939 0.5939 
36.2000 0.5914 0.5914 
36.3000 0.5889 0.5889 
36.4000 0.5864 0.5864 
36.5000 0.5839 0.5839 
36.6000 0.5814 0.5814 
36.7000 0.5789 0.5789 
36.8000 0.5764 0.5764 
36.9000 0.5739 0.5739 
37.0000 0.5714 0.5714 
37.1000 0.5689 0.5689 
37.2000 0.5664 0.5664 
37.3000 0.5639 0.5639 
37.4000 0.5614 0.5614 
37.5000 0.5589 0.5589 
37.6000 0.5564 0.5564 
37.7000 0.5539 0.5539 
37.8000 0.5514 0.5514 
37.9000 0.5489 0.5489 
38.0000 0.5464 0.5464 
38.1000 0.5439 0.5439 
38.2000 0.5414 0.5414 
38.3000 0.5389 0.5389 
38.4000 0.5364 0.5364 
38.5000 0.5339 0.5339 
38.6000 0.5314 0.5314 
38.7000 0.5289 0.5289 
38.8000 0.5264 0.5264 
38.9000 0.5239 0.5239 
39.0000 0.5214 0.5214 
39.1000 0.5189 0.5189 
39.2000 0.5164 0.5164 
39.3000 0.5139 0.5139 
39.4000 0.5114 0.5114 
39.5000 0.5089 0.5089 
39.6000 0.5064 0.5064 
39.7000 0.5039 0.5039 
39.8000 0.5014 0.5014 
39.9000 0.4989 0.4989 
40.0000 0.4964 0.4964 
40.1000 0.4939 0.4939 
40.2000 0.4914 0.4914 
40.3000 0.4889 0.4889 
40.4000 0.4864 0.4864 
40.5000 0.4839 0.4839 
40.6000 0.4814 0.4814 
40.7000 0.4789 0.4789 
40.8000 0.4764 0.4764 
40.9000 0.4739 0.4739 
41.0000 0.4714 0.4714 
41.1000 0.4689 0.4689 
41.2000 0.4664 0.4664 
41.3000 0.4639 0.4639 
41.4000 0.4614 0.4614 
41.5000 0.4589 0.4589 
41.6000 0.4564 0.4564 
41.7000 0.4539 0.4539 
41.8000 0.4514 0.4514 
41.9000 0.4489 0.4489 
42.0000 0.4464 0.4464 
42.1000 0.4439 0.4439 
42.2000 0.4414 0.4414 
42.3000 0.4389 0.4389 
42.4000 0.4364 0.4364 
42.5000 0.4339 0.4339 
42.6000 0.4314 0.4314 
42.7000 0.4289 0.4289 
42.8000 0.4264 0.4264 
42.9000 0.4239 0.4239 
43.0000 0.4214 0.4214 
43.1000 0.4189 0.4189 
43.2000 0.4164 0.4164 
43.3000 0.4139 0.4139 
43.4000 0.4114 0.4114 
43.5000 0.4089 0.4089 
43.6000 0.4064 0.4064 
43.7000 0.4039 0.4039 
43.8000 0.4014 0.4014 
43.9000 0.3989 0.3989 
44.0000 0.3964 0.3964 
44.1000 0.3939 0.3939 
44.2000 0.3914 0.3914 
44.3000 0.3889 0.3889 
44.4000 0.3864 0.3864 
44.5000 0.3839 0.3839 
44.6000 0.3814 0.3814 
44.7000 0.3789 0.3789 
44.8000 0.3764 0.3764 
44.9000 0.3739 0.3739 
45.0000 0.3714 0.3714 
45.1000 0.3689 0.3689 
45.2000 0.3664 0.3664 
45.3000 0.3639 0.3639 
45.4000 0.3614 0.3614 
45.5000 0.3589 0.3589 
45.6000 0.3564 0.3564 
45.7000 0.3539 0.3539 
45.8000 0.3514 0.3514 
45.9000 0.3489 0.3489 
46.0000 0.3464 0.3464 
46.1000 0.3439 0.3439 
46.2000 0.3414 0.3414 
46.3000 0.3389 0.3389 
46.4000 0.3364 0.3364 
46.5000 0.3339 0.3339 
46.6000 0.3314 0.3314 
46.7000 0.3289 0.3289 
46.8000 0.3264 0.3264 
46.9000 0.3239 0.3239 
47.0000 0.3214 0.3214 
47.1000 0.3189 0.3189 
47.2000 0.3164 0.3164 
47.3000 0.3139 0.3139 
47.4000 0.3114 0.3114 
47.5000 0.3089 0.3089 
47.6000 0.3064 0.3064 
47.7000 0.3039 0.3039 
47.8000 0.3014 0.3014 
47.9000 0.2989 0.2989 
48.0000 0.2964 0.2964 
48.1000 0.2939 0.2939 
48.2000 0.2914 0.2914 
48.3000 0.2889 0.2889 
48.4000 0.2864 0.2864 
48.5000 0.2839 0.2839 
48.6000 0.2814 0.2814 
48.7000 0.2789 0.2789 
48.8000 0.2764 0.2764 
48.9000 0.2739 0.2739 
49.0000 0.2714 0.2714 
49.1000 0.2689 0.2689 
49.2000 0.2664 0.2664 
49.3000 0.2639 0.2639 
49.4000 0.2614 0.2614 
49.5000 0.2589 0.2589 
49.6000 0.2564 0.2564 
49.7000 0.2539 0.2539 
49.8000 0.2514 0.2514 
49.9000 0.2489 0.2489 
50.0000 0.2464 0.2464 
50.1000 0.2439 0.2439 
50.2000 0.2414 0.2414 
50.3000 0.2389 0.2389 
50.4000 0.2364 0.2364 
50.5000 0.2339 0.2339 
50.6000 0.2314 0.2314 
50.7000 0.2289 0.2289 
50.8000 0.2264 0.2264 
50.9000 0.2239 0.2239 
51.0000 0.2214 0.2214 
51.1000 0.2189 0.2189 
51.2000 0.2164 0.2164 
51.3000 0.2139 0.2139 
51.4000 0.2114 0.2114 
51.5000 0.2089 0.2089 
51.6000 0.2064 0.2064 
51.7000 0.2039 0.2039 
51.8000 0.2014 0.2014 
51.9000 0.1989 0.1989 
52.0000 0.1964 0.1964 
52.1000 0.1939 0.1939 
52.2000 0.1914 0.1914 
52.3000 0.1889 0.1889 
52.4000 0.1864 0.1864 
52.5000 0.1839 0.1839 
52.6000 0.1814 0.1814 
52.7000 0.1789 0.1789 
52.8000 0.1764 0.1764 
52.9000 0.1739 0.1739 
53.0000 0.1714 0.1714 
53.1000 0.1689 0.1689 
53.2000 0.1664 0.1664 
53.3000 0.1639 0.1639 
53.4000 0.1614 0.1614 
53.5000 0.1589 0.1589 
53.6000 0.1564 0.1564 
53.7000 0.1539 0.1539 
53.8000 0.1514 0.1514 
53.9000 0.1489 0.1489 
54.0000 0.1464 0.1464 
54.1000 0.1439 0.1439 
54.2000 0.1414 0.1414 
54.3000 0.1389 0.1389 
54.4000 0.1364 0.1364 
54.5000 0.1339 0.1339 
54.6000 0.1314 0.1314 
54.7000 0.1289 0.1289 
54.8000 0.1264 0.1264 
54.9000 0.1460 0.1460 
55.0000 0.1656 0.1656 
55.1000 0.1851 0.1851 
55.2000 0.2044 0.2044 
55.3000 0.2235 0.2235 
55.4000 0.2425 0.2425 
55.5000 0.2614 0.2614 
55.6000 0.2800 0.2800 
55.7000 0.2984 0.2984 
55.8000 0.3167 0.3167 
55.9000 0.3347 0.3347 
56.0000 0.3524 0.3524 
56.1000 0.3699 0.3699 
56.2000 0.3872 0.3872 
56.3000 0.4042 0.4042 
56.4000 0.4209 0.4209 
56.5000 0.4374 0.4374 
56.6000 0.4536 0.4536 
56.7000 0.4694 0.4694 
56.8000 0.4850 0.4850 
56.9000 0.5003 0.5003 
57.0000 0.5153 0.5153 
57.1000 0.5300 0.5300 
57.2000 0.5444 0.5444 
57.3000 0.5585 0.5585 
57.4000 0.5722 0.5722 
57.5000 0.5857 0.5857 
57.6000 0.5988 0.5988 
57.7000 0.6116 0.6116 
57.8000 0.6242 0.6242 
57.9000 0.6364 0.6364 
58.0000 0.6483 0.6483 
58.1000 0.6599 0.6599 
58.2000 0.6712 0.6712 
58.3000 0.6822 0.6822 
58.4000 0.6928 0.6928 
58.5000 0.7032 0.7032 
58.6000 0.7134 0.7134 
58.7000 0.7232 0.7232 
58.8000 0.7327 0.7327 
58.9000 0.7420 0.7420 
59.0000 0.7510 0.7510 
59.1000 0.7485 0.7485 
59.2000 0.7460 0.7460 
59.3000 0.7435 0.7435 
59.4000 0.7410 0.7410 
59.5000 0.7385 0.7385 
59.6000 0.7360 0.7360 
59.7000 0.7335 0.7335 
59.8000 0.7310 0.7310 
59.9000 0.7285 0.7285 
60.0000 0.7260 0.7260 
60.1000 0.7235 0.7235 
60.2000 0.7210 0.7210 
60.3000 0.7185 0.7185 
60.4000 0.7160 0.7160 
60.5000 0.7135 0.7135 
60.6000 0.7110 0.7110 
60.7000 0.7085 0.7085 
60.8000 0.7060 0.7060 
60.9000 0.7035 0.7035 
61.0000 0.7010 0.7010 
61.1000 0.6985 0.6985 
61.2000 0.6960 0.6960 
61.3000 0.6935 0.6935 
61.4000 0.6910 0.6910 
61.5000 0.6885 0.6885 
61.6000 0.6860 0.6860 
61.7000 0.6835 0.6835 
61.8000 0.6810 0.6810 
61.9000 0.6785 0.6785 
62.0000 0.6760 0.6760 
62.1000 0.6735 0.6735 
62.2000 0.6710 0.6710 
62.3000 0.6685 0.6685 
62.4000 0.6660 0.6660 
62.5000 0.6635 0.6635 
62.6000 0.6610 0.6610 
62.7000 0.6585 0.6585 
62.8000 0.6560 0.6560 
62.9000 0.6535 0.6535 
63.0000 0.6510 0.6510 
63.1000 0.6485 0.6485 
63.2000 0.6460 0.6460 
63.3000 0.6435 0.6435 
63.4000 0.6410 0.6410 
63.5000 0.6385 0.6385 
63.6000 0.6360 0.6360 
63.7000 0.6335 0.6335 
63.8000 0.6310 0.6310 
63.9000 0.6285 0.6285 
64.0000 0.6260 0.6260 
64.1000 0.6235 0.6235 
64.2000 0.6210 0.6210 
64.3000 0.6185 0.6185 
64.4000 0.6160 0.6160 
64.5000 0.6135 0.6135 
64.6000 0.6110 0.6110 
64.7000 0.6085 0.6085 
64.8000 0.6060 0.6060 
64.9000 0.6035 0.6035 
65.0000 0.6010 0.6010 
65.1000 0.5985 0.5985 
65.2000 0.5960 0.5960 
65.3000 0.5935 0.5935 
65.4000 0.5910 0.5910 
65.5000 0.5885 0.5885 
65.6000 0.5860 0.5860 
65.7000 0.5835 0.5835 
65.8000 0.5810 0.5810 
65.9000 0.5785 0.5785 
66.0000 0.5760 0.5760 
66.1000 0.5735 0.5735 
66.2000 0.5710 0.5710 
66.3000 0.5685 0.5685 
66.4000 0.5660 0.5660 
66.5000 0.5635 0.5635 
66.6000 0.5610 0.5610 
66.7000 0.5585 0.5585 
66.8000 0.5560 0.5560 
66.9000 0.5535 0.5535 
67.0000 0.5510 0.5510 
67.1000 0.5485 0.5485 
67.2000 0.5460 0.5460 
67.3000 0.5435 0.5435 
67.4000 0.5410 0.5410 
67.5000 0.5385 0.5385 
67.6000 0.5360 0.5360 
67.7000 0.5335 0.5335 
67.8000 0.5310 0.5310 
67.9000 0.5285 0.5285 
68.0000 0.5260 0.5260 
68.1000 0.5235 0.5235 
68.2000 0.5210 0.5210 
68.3000 0.5185 0.5185 
68.4000 0.5160 0.5160 
68.5000 0.5135 0.5135 
68.6000 0.5110 0.5110 
68.7000 0.5085 0.5085 
68.8000 0.5060 0.5060 
68.9000 0.5035 0.5035 
69.0000 0.5010 0.5010 
69.1000 0.4985 0.4985 
69.2000 0.4960 0.4960 
69.3000 0.4935 0.4935 
69.4000 0.4910 0.4910 
69.5000 0.4885 0.4885 
69.6000 0.4860 0.4860 
69.7000 0.4835 0.4835 
69.8000 0.4810 0.4810 
69.9000 0.4785 0.4785 
70.0000 0.4760 0.4760 
70.1000 0.4735 0.4735 
70.2000 0.4710 0.4710 
70.3000 0.4685 0.4685 
70.4000 0.4660 0.4660 
70.5000 0.4635 0.4635 
70.6000 0.4610 0.4610 
70.7000 0.4585 0.4585 
70.8000 0.4560 0.4560 
70.9000 0.4535 0.4535 
71.0000 0.4510 0.4510 
71.1000 0.4485 0.4485 
71.2000 0.4460 0.4460 
71.3000 0.4435 0.4435 
71.4000 0.4410 0.4410 
71.5000 0.4385 0.4385 
71.6000 0.4360 0.4360 
71.7000 0.4335 0.4335 
71.8000 0.4310 0.4310 
71.9000 0.4285 0.4285 
72.0000 0.4260 0.4260 
72.1000 0.4235 0.4235 
72.2000 0.4210 0.4210 
72.3000 0.4185 0.4185 
72.4000 0.4160 0.4160 
72.5000 0.4135 0.4135 
72.6000 0.4110 0.4110 
72.7000 0.4085 0.4085 
72.8000 0.4060 0.4060 
72.9000 0.4035 0.4035 
73.0000 0.4010 0.4010 
73.1000 0.3985 0.3985 
73.2000 0.3960 0.3960 
73.3000 0.3935 0.3935 
73.4000 0.3910 0.3910 
73.5000 0.3885 0.3885 
73.6000 0.3860 0.3860 
73.7000 0.3835 0.3835 
73.8000 0.3810 0.3810 
73.9000 0.3785 0.3785 
74.0000 0.3760 0.3760 
74.1000 0.3735 0.3735 
74.2000 0.3710 0.3710 
74.3000 0.3685 0.3685 
74.4000 0.3660 0.3660 
74.5000 0.3635 0.3635 
74.6000 0.3610 0.3610 
74.7000 0.3585 0.3585 
74.8000 0.3560 0.3560 
74.9000 0.3535 0.3535 
75.0000 0.3510 0.3510 
75.1000 0.3485 0.3485 
75.2000 0.3460 0.3460 
75.3000 0.3435 0.3435 
75.4000 0.3410 0.3410 
75.5000 0.3385 0.3385 
75.6000 0.3360 0.3360 
75.7000 0.3335 0.3335 
75.8000 0.3310 0.3310 
75.9000 0.3285 0.3285 
76.0000 0.3260 0.3260 
76.1000 0.3235 0.3235 
76.2000 0.3210 0.3210 
76.3000 0.3185 0.3185 
76.4000 0.3160 0.3160 
76.5000 0.3135 0.3135 
76.6000 0.3110 0.3110 
76.7000 0.3085 0.3085 
76.8000 0.3060 0.3060 
76.9000 0.3035 0.3035 
77.0000 0.3010 0.3010 
77.1000 0.2985 0.2985 
77.2000 0.2960 0.2960 
77.3000 0.2935 0.2935 
77.4000 0.2910 0.2910 
77.5000 0.2885 0.2885 
77.6000 0.2860 0.2860 
77.7000 0.2835 0.2835 
77.8000 0.2810 0.2810 
77.9000 0.2785 0.2785 
78.0000 0.2760 0.2760 
78.1000 0.2735 0.2735 
78.2000 0.2710 0.2710 
78.3000 0.2685 0.2685 
78.4000 0.2660 0.2660 
78.5000 0.2635 0.2635 
78.6000 0.2610 0.2610 
78.7000 0.2585 0.2585 
78.8000 0.2560 0.2560 
78.9000 0.2535 0.2535 
79.0000 0.2510 0.2510 
79.1000 0.2485 0.2485 
79.2000 0.2460 0.2460 
79.3000 0.2435 0.2435 
79.4000 0.2410 0.2410 
79.5000 0.2385 0.2385 
