0.0000 0.9975 0.9975 
0.1000 0.9950 0.9950 
0.2000 0.9925 0.9925 
0.3000 0.9900 0.9900 
0.4000 0.9875 0.9875 
0.5000 0.9850 0.9850 
0.6000 0.9825 0.9825 
0.7000 0.9800 0.9800 
0.8000 0.9775 0.9775 
0.9000 0.9750 0.9750 
1.0000 0.9725 0.9725 
1.1000 0.9700 0.9700 
1.2000 0.9675 0.9675 
1.3000 0.9650 0.9650 
1.4000 0.9625 0.9625 
1.5000 0.9600 0.9600 
1.6000 0.9575 0.9575 
1.7000 0.9550 0.9550 
1.8000 0.9525 0.9525 
1.9000 0.9500 0.9500 
2.0000 0.9475 0.9475 
2.1000 0.9450 0.9450 
2.2000 0.9425 0.9425 
2.3000 0.9400 0.9400 
2.4000 0.9375 0.9375 
2.5000 0.9350 0.9350 
2.6000 0.9325 0.9325 
2.7000 0.9300 0.9300 
2.8000 0.9275 0.9275 
2.9000 0.9250 0.9250 
3.0000 0.9225 0.9225 
3.1000 0.9200 0.9200 
3.2000 0.9175 0.9175 
3.3000 0.9150 0.9150 
3.4000 0.9125 0.9125 
3.5000 0.9100 0.9100 
3.6000 0.9075 0.9075 
3.7000 0.9050 0.9050 
3.8000 0.9025 0.9025 
3.9000 0.9000 0.9000 
4.0000 0.8975 0.8975 
4.1000 0.8950 0.8950 
4.2000 0.8925 0.8925 
4.3000 0.8900 0.8900 
4.4000 0.8875 0.8875 
4.5000 0.8850 0.8850 
4.6000 0.8825 0.8825 
4.7000 0.8800 0.8800 
4.8000 0.8775 0.8775 
4.9000 0.8750 0.8750 
5.0000 0.8725 0.8725 
5.1000 0.8700 0.8700 
5.2000 0.8675 0.8675 
5.3000 0.8650 0.8650 
5.4000 0.8625 0.8625 
5.5000 0.8600 0.8600 
5.6000 0.8575 0.8575 
5.7000 0.8550 0.8550 
5.8000 0.8525 0.8525 
5.9000 0.8500 0.8500 
6.0000 0.8475 0.8475 
6.1000 0.8450 0.8450 
6.2000 0.8425 0.8425 
6.3000 0.8400 0.8400 
6.4000 0.8375 0.8375 
6.5000 0.8350 0.8350 
6.6000 0.8325 0.8325 
6.7000 0.8300 0.8300 
6.8000 0.8275 0.8275 
6.9000 0.8250 0.8250 
7.0000 0.8225 0.8225 
7.1000 0.8200 0.8200 
7.2000 0.8175 0.8175 
7.3000 0.8150 0.8150 
7.4000 0.8125 0.8125 
7.5000 0.8100 0.8100 
7.6000 0.8075 0.8075 
7.7000 0.8050 0.8050 
7.8000 0.8025 0.8025 
7.9000 0.8000 0.8000 
8.0000 0.7975 0.7975 
8.1000 0.7950 0.7950 
8.2000 0.7925 0.7925 
8.3000 0.7900 0.7900 
8.4000 0.7875 0.7875 
8.5000 0.7850 0.7850 
8.6000 0.7825 0.7825 
8.7000 0.7800 0.7800 
8.8000 0.7775 0.7775 
8.9000 0.7750 0.7750 
9.0000 0.7725 0.7725 
9.1000 0.7700 0.7700 
9.2000 0.7675 0.7675 
9.3000 0.7650 0.7650 
9.4000 0.7625 0.7625 
9.5000 0.7600 0.7600 
9.6000 0.7575 0.7575 
9.7000 0.7550 0.7550 
9.8000 0.7525 0.7525 
9.9000 0.7500 0.7500 
10.0000 0.7475 0.7475 
10.1000 0.7450 0.7450 
10.2000 0.7425 0.7425 
10.3000 0.7400 0.7400 
10.4000 0.7375 0.7375 
10.5000 0.7350 0.7350 
10.6000 0.7325 0.7325 
10.7000 0.7300 0.7300 
10.8000 0.7275 0.7275 
10.9000 0.7250 0.7250 
11.0000 0.7225 0.7225 
11.1000 0.7200 0.7200 
11.2000 0.7175 0.7175 
11.3000 0.7150 0.7150 
11.4000 0.7125 0.7125 
11.5000 0.7100 0.7100 
11.6000 0.7075 0.7075 
11.7000 0.7050 0.7050 
11.8000 0.7025 0.7025 
11.9000 0.7000 0.7000 
12.0000 0.6975 0.6975 
12.1000 0.6950 0.6950 
12.2000 0.6925 0.6925 
12.3000 0.6900 0.6900 
12.4000 0.6875 0.6875 
12.5000 0.6850 0.6850 
12.6000 0.6825 0.6825 
12.7000 0.6800 0.6800 
12.8000 0.6775 0.6775 
12.9000 0.6750 0.6750 
13.0000 0.6725 0.6725 
13.1000 0.6700 0.6700 
13.2000 0.6675 0.6675 
13.3000 0.6650 0.6650 
13.4000 0.6625 0.6625 
13.5000 0.6600 0.6600 
13.6000 0.6575 0.6575 
13.7000 0.6550 0.6550 
13.8000 0.6525 0.6525 
13.9000 0.6500 0.6500 
14.0000 0.6475 0.6475 
14.1000 0.6450 0.6450 
14.2000 0.6425 0.6425 
14.3000 0.6400 0.6400 
14.4000 0.6375 0.6375 
14.5000 0.6350 0.6350 
14.6000 0.6325 0.6325 
14.7000 0.6300 0.6300 
14.8000 0.6275 0.6275 
14.9000 0.6250 0.6250 
15.0000 0.6225 0.6225 
15.1000 0.6200 0.6200 
15.2000 0.6175 0.6175 
15.3000 0.6150 0.6150 
15.4000 0.6125 0.6125 
15.5000 0.6100 0.6100 
15.6000 0.6075 0.6075 
15.7000 0.6050 0.6050 
15.8000 0.6025 0.6025 
15.9000 0.6000 0.6000 
16.0000 0.5975 0.5975 
16.1000 0.5950 0.5950 
16.2000 0.5925 0.5925 
16.3000 0.5900 0.5900 
16.4000 0.5875 0.5875 
16.5000 0.5850 0.5850 
16.6000 0.5825 0.5825 
16.7000 0.5800 0.5800 
16.8000 0.5775 0.5775 
16.9000 0.5750 0.5750 
17.0000 0.5725 0.5725 
17.1000 0.5700 0.5700 
17.2000 0.5675 0.5675 
17.3000 0.5650 0.5650 
17.4000 0.5625 0.5625 
17.5000 0.5600 0.5600 
17.6000 0.5575 0.5575 
17.7000 0.5550 0.5550 
17.8000 0.5525 0.5525 
17.9000 0.5500 0.5500 
18.0000 0.5475 0.5475 
18.1000 0.5450 0.5450 
18.2000 0.5425 0.5425 
18.3000 0.5400 0.5400 
18.4000 0.5375 0.5375 
18.5000 0.5350 0.5350 
18.6000 0.5325 0.5325 
18.7000 0.5300 0.5300 
18.8000 0.5275 0.5275 
18.9000 0.5250 0.5250 
19.0000 0.5225 0.5225 
19.1000 0.5200 0.5200 
19.2000 0.5175 0.5175 
19.3000 0.5150 0.5150 
19.4000 0.5125 0.5125 
19.5000 0.5100 0.5100 
19.6000 0.5075 0.5075 
19.7000 0.5050 0.5050 
19.8000 0.5025 0.5025 
19.9000 0.5000 0.5000 
20.0000 0.4975 0.4975 
20.1000 0.4950 0.4950 
20.2000 0.4925 0.4925 
20.3000 0.4900 0.4900 
20.4000 0.4875 0.4875 
20.5000 0.4850 0.4850 
20.6000 0.4825 0.4825 
20.7000 0.4800 0.4800 
20.8000 0.4775 0.4775 
20.9000 0.4750 0.4750 
21.0000 0.4725 0.4725 
21.1000 0.4700 0.4700 
21.2000 0.4675 0.4675 
21.3000 0.4650 0.4650 
21.4000 0.4625 0.4625 
21.5000 0.4600 0.4600 
21.6000 0.4575 0.4575 
21.7000 0.4550 0.4550 
21.8000 0.4525 0.4525 
21.9000 0.4500 0.4500 
22.0000 0.4475 0.4475 
22.1000 0.4450 0.4450 
22.2000 0.4425 0.4425 
22.3000 0.4400 0.4400 
22.4000 0.4375 0.4375 
22.5000 0.4350 0.4350 
22.6000 0.4325 0.4325 
22.7000 0.4300 0.4300 
22.8000 0.4275 0.4275 
22.9000 0.4250 0.4250 
23.0000 0.4225 0.4225 
23.1000 0.4200 0.4200 
23.2000 0.4175 0.4175 
23.3000 0.4150 0.4150 
23.4000 0.4125 0.4125 
23.5000 0.4100 0.4100 
23.6000 0.4075 0.4075 
23.7000 0.4050 0.4050 
23.8000 0.4025 0.4025 
23.9000 0.4000 0.4000 
24.0000 0.3975 0.3975 
24.1000 0.3950 0.3950 
24.2000 0.3925 0.3925 
24.3000 0.3900 0.3900 
24.4000 0.3875 0.3875 
24.5000 0.3850 0.3850 
24.6000 0.3825 0.3825 
24.7000 0.3800 0.3800 
24.8000 0.3775 0.3775 
24.9000 0.3750 0.3750 
25.0000 0.3725 0.3725 
25.1000 0.3700 0.3700 
25.2000 0.3675 0.3675 
25.3000 0.3650 0.3650 
25.4000 0.3625 0.3625 
25.5000 0.3600 0.3600 
25.6000 0.3575 0.3575 
25.7000 0.3550 0.3550 
25.8000 0.3525 0.3525 
25.9000 0.3500 0.3500 
26.0000 0.3475 0.3475 
26.1000 0.3450 0.3450 
26.2000 0.3425 0.3425 
26.3000 0.3400 0.3400 
26.4000 0.3375 0.3375 
26.5000 0.3350 0.3350 
26.6000 0.3325 0.3325 
26.7000 0.3300 0.3300 
26.8000 0.3275 0.3275 
26.9000 0.3250 0.3250 
27.0000 0.3225 0.3225 
27.1000 0.3200 0.3200 
27.2000 0.3175 0.3175 
27.3000 0.3150 0.3150 
27.4000 0.3125 0.3125 
27.5000 0.3100 0.3100 
27.6000 0.3075 0.3075 
27.7000 0.3050 0.3050 
27.8000 0.3025 0.3025 
27.9000 0.3000 0.3000 
28.0000 0.2975 0.2975 
28.1000 0.2950 0.2950 
28.2000 0.2925 0.2925 
28.3000 0.2900 0.2900 
28.4000 0.2875 0.2875 
28.5000 0.2850 0.2850 
28.6000 0.2825 0.2825 
28.7000 0.2800 0.2800 
28.8000 0.2775 0.2775 
28.9000 0.2750 0.2750 
29.0000 0.2725 0.2725 
29.1000 0.2700 0.2700 
29.2000 0.2675 0.2675 
29.3000 0.2650 0.2650 
29.4000 0.2625 0.2625 
29.5000 0.2600 0.2600 
29.6000 0.2575 0.2575 
29.7000 0.2550 0.2550 
29.8000 0.2525 0.2525 
29.9000 0.2500 0.2500 
30.0000 0.2475 0.2475 
30.1000 0.2450 0.2450 
30.2000 0.2425 0.2425 
30.3000 0.2400 0.2400 
30.4000 0.2375 0.2375 
30.5000 0.2350 0.2350 
30.6000 0.2325 0.2325 
30.7000 0.2300 0.2300 
30.8000 0.2275 0.2275 
30.9000 0.2250 0.2250 
31.0000 0.2225 0.2225 
31.1000 0.2200 0.2200 
31.2000 0.2175 0.2175 
31.3000 0.2150 0.2150 
31.4000 0.2125 0.2125 
31.5000 0.2100 0.2100 
31.6000 0.2075 0.2075 
31.7000 0.2050 0.2050 
31.8000 0.2025 0.2025 
31.9000 0.2000 0.2000 
32.0000 0.1975 0.1975 
32.1000 0.1950 0.1950 
32.2000 0.1925 0.1925 
32.3000 0.1900 0.1900 
32.4000 0.1875 0.1875 
32.5000 0.1850 0.1850 
32.6000 0.1825 0.1825 
32.7000 0.1800 0.1800 
32.8000 0.1775 0.1775 
32.9000 0.1750 0.1750 
33.0000 0.1725 0.1725 
33.1000 0.1700 0.1700 
33.2000 0.1675 0.1675 
33.3000 0.1650 0.1650 
33.4000 0.1625 0.1625 
33.5000 0.1600 0.1600 
33.6000 0.1575 0.1575 
33.7000 0.1550 0.1550 
33.8000 0.1525 0.1525 
33.9000 0.1500 0.1500 
34.0000 0.1475 0.1475 
34.1000 0.1450 0.1450 
34.2000 0.1425 0.1425 
34.3000 0.1400 0.1400 
34.4000 0.1375 0.1375 
34.5000 0.1350 0.1350 
34.6000 0.1325 0.1325 
34.7000 0.1300 0.1300 
34.8000 0.1275 0.1275 
34.9000 0.1250 0.1250 
35.0000 0.1225 0.1225 
35.1000 0.1200 0.1200 
35.2000 0.1175 0.1175 
35.3000 0.1150 0.1150 
35.4000 0.1125 0.1125 
35.5000 0.1100 0.1100 
35.6000 0.1075 0.1075 
35.7000 0.1050 0.1050 
35.8000 0.1025 0.1025 
35.9000 0.1000 0.1000 
36.0000 0.0975 0.0975 
36.1000 0.0950 0.0950 
36.2000 0.0925 0.0925 
36.3000 0.0900 0.0900 
36.4000 0.0875 0.0875 
36.5000 0.0850 0.0850 
36.6000 0.0825 0.0825 
36.7000 0.1024 0.1024 
36.8000 0.1222 0.1222 
36.9000 0.1419 0.1419 
37.0000 0.1615 0.1615 
37.1000 0.1809 0.1809 
37.2000 0.2003 0.2003 
37.3000 0.2195 0.2195 
37.4000 0.2385 0.2385 
37.5000 0.2574 0.2574 
37.6000 0.2760 0.2760 
37.7000 0.2945 0.2945 
37.8000 0.3128 0.3128 
37.9000 0.3308 0.3308 
38.0000 0.3486 0.3486 
38.1000 0.3662 0.3662 
38.2000 0.3835 0.3835 
38.3000 0.4006 0.4006 
38.4000 0.4174 0.4174 
38.5000 0.4339 0.4339 
38.6000 0.4501 0.4501 
38.7000 0.4661 0.4661 
38.8000 0.4817 0.4817 
38.9000 0.4971 0.4971 
39.0000 0.5122 0.5122 
39.1000 0.5269 0.5269 
39.2000 0.5414 0.5414 
39.3000 0.5555 0.5555 
39.4000 0.5693 0.5693 
39.5000 0.5828 0.5828 
39.6000 0.5960 0.5960 
39.7000 0.6089 0.6089 
39.8000 0.6215 0.6215 
39.9000 0.6338 0.6338 
40.0000 0.6458 0.6458 
40.1000 0.6574 0.6574 
40.2000 0.6688 0.6688 
40.3000 0.6798 0.6798 
40.4000 0.6906 0.6906 
40.5000 0.7011 0.7011 
40.6000 0.7112 0.7112 
40.7000 0.7211 0.7211 
40.8000 0.7307 0.7307 
40.9000 0.7400 0.7400 
41.0000 0.7491 0.7491 
41.1000 0.7579 0.7579 
41.2000 0.7664 0.7664 
41.3000 0.7746 0.7746 
41.4000 0.7826 0.7826 
41.5000 0.7904 0.7904 
41.6000 0.7979 0.7979 
41.7000 0.8051 0.8051 
41.8000 0.8122 0.8122 
41.9000 0.8190 0.8190 
42.0000 0.8256 0.8256 
42.1000 0.8319 0.8319 
42.2000 0.8381 0.8381 
42.3000 0.8440 0.8440 
42.4000 0.8498 0.8498 
42.5000 0.8554 0.8554 
42.6000 0.8607 0.8607 
42.7000 0.8659 0.8659 
42.8000 0.8709 0.8709 
42.9000 0.8757 0.8757 
43.0000 0.8804 0.8804 
43.1000 0.8849 0.8849 
43.2000 0.8892 0.8892 
43.3000 0.8934 0.8934 
43.4000 0.8975 0.8975 
43.5000 0.9014 0.9014 
43.6000 0.9051 0.9051 
43.7000 0.9087 0.9087 
43.8000 0.9122 0.9122 
43.9000 0.9156 0.9156 
44.0000 0.9188 0.9188 
44.1000 0.9219 0.9219 
44.2000 0.9249 0.9249 
44.3000 0.9278 0.9278 
44.4000 0.9306 0.9306 
44.5000 0.9333 0.9333 
44.6000 0.9358 0.9358 
44.7000 0.9383 0.9383 
44.8000 0.9407 0.9407 
44.9000 0.9430 0.9430 
45.0000 0.9452 0.9452 
45.1000 0.9474 0.9474 
45.2000 0.9494 0.9494 
45.3000 0.9469 0.9469 
45.4000 0.9444 0.9444 
45.5000 0.9419 0.9419 
45.6000 0.9394 0.9394 
45.7000 0.9369 0.9369 
45.8000 0.9344 0.9344 
45.9000 0.9319 0.9319 
46.0000 0.9294 0.9294 
46.1000 0.9269 0.9269 
46.2000 0.9244 0.9244 
46.3000 0.9219 0.9219 
46.4000 0.9194 0.9194 
46.5000 0.9169 0.9169 
46.6000 0.9144 0.9144 
46.7000 0.9119 0.9119 
46.8000 0.9094 0.9094 
46.9000 0.9069 0.9069 
47.0000 0.9044 0.9044 
47.1000 0.9019 0.9019 
47.2000 0.8994 0.8994 
47.3000 0.8969 0.8969 
47.4000 0.8944 0.8944 
47.5000 0.8919 0.8919 
47.6000 0.8894 0.8894 
47.7000 0.8869 0.8869 
47.8000 0.8844 0.8844 
47.9000 0.8819 0.8819 
48.0000 0.8794 0.8794 
48.1000 0.8769 0.8769 
48.2000 0.8744 0.8744 
48.3000 0.8719 0.8719 
48.4000 0.8694 0.8694 
48.5000 0.8669 0.8669 
48.6000 0.8644 0.8644 
48.7000 0.8619 0.8619 
48.8000 0.8594 0.8594 
48.9000 0.8569 0.8569 
49.0000 0.8544 0.8544 
49.1000 0.8519 0.8519 
49.2000 0.8494 0.8494 
49.3000 0.8469 0.8469 
49.4000 0.8444 0.8444 
49.5000 0.8419 0.8419 
49.6000 0.8394 0.8394 
49.7000 0.8369 0.8369 
49.8000 0.8344 0.8344 
49.9000 0.8319 0.8319 
50.0000 0.8294 0.8294 
50.1000 0.8269 0.8269 
50.2000 0.8244 0.8244 
50.3000 0.8219 0.8219 
50.4000 0.8194 0.8194 
50.5000 0.8169 0.8169 
50.6000 0.8144 0.8144 
50.7000 0.8119 0.8119 
50.8000 0.8094 0.8094 
50.9000 0.8069 0.8069 
51.0000 0.8044 0.8044 
51.1000 0.8019 0.8019 
51.2000 0.7994 0.7994 
51.3000 0.7969 0.7969 
51.4000 0.7944 0.7944 
51.5000 0.7919 0.7919 
51.6000 0.7894 0.7894 
51.7000 0.7869 0.7869 
51.8000 0.7844 0.7844 
51.9000 0.7819 0.7819 
52.0000 0.7794 0.7794 
52.1000 0.7769 0.7769 
52.2000 0.7744 0.7744 
52.3000 0.7719 0.7719 
52.4000 0.7694 0.7694 
52.5000 0.7669 0.7669 
52.6000 0.7644 0.7644 
52.7000 0.7619 0.7619 
52.8000 0.7594 0.7594 
52.9000 0.7569 0.7569 
53.0000 0.7544 0.7544 
53.1000 0.7519 0.7519 
53.2000 0.7494 0.7494 
53.3000 0.7469 0.7469 
53.4000 0.7444 0.7444 
53.5000 0.7419 0.7419 
53.6000 0.7394 0.7394 
53.7000 0.7369 0.7369 
53.8000 0.7344 0.7344 
53.9000 0.7319 0.7319 
54.0000 0.7294 0.7294 
54.1000 0.7269 0.7269 
54.2000 0.7244 0.7244 
54.3000 0.7219 0.7219 
54.4000 0.7194 0.7194 
54.5000 0.7169 0.7169 
54.6000 0.7144 0.7144 
54.7000 0.7119 0.7119 
54.8000 0.7094 0.7094 
54.9000 0.7069 0.7069 
55.0000 0.7044 0.7044 
55.1000 0.7019 0.7019 
55.2000 0.6994 0.6994 
55.3000 0.6969 0.6969 
55.4000 0.6944 0.6944 
55.5000 0.6919 0.6919 
55.6000 0.6894 0.6894 
55.7000 0.6869 0.6869 
55.8000 0.6844 0.6844 
55.9000 0.6819 0.6819 
56.0000 0.6794 0.6794 
56.1000 0.6769 0.6769 
56.2000 0.6744 0.6744 
56.3000 0.6719 0.6719 
56.4000 0.6694 0.6694 
56.5000 0.6669 0.6669 
56.6000 0.6644 0.6644 
56.7000 0.6619 0.6619 
56.8000 0.6594 0.6594 
56.9000 0.6569 0.6569 
57.0000 0.6544 0.6544 
57.1000 0.6519 0.6519 
57.2000 0.6494 0.6494 
57.3000 0.6469 0.6469 
57.4000 0.6444 0.6444 
57.5000 0.6419 0.6419 
57.6000 0.6394 0.6394 
57.7000 0.6369 0.6369 
57.8000 0.6344 0.6344 
57.9000 0.6319 0.6319 
58.0000 0.6294 0.6294 
58.1000 0.6269 0.6269 
58.2000 0.6244 0.6244 
58.3000 0.6219 0.6219 
58.4000 0.6194 0.6194 
58.5000 0.6169 0.6169 
58.6000 0.6144 0.6144 
58.7000 0.6119 0.6119 
58.8000 0.6094 0.6094 
58.9000 0.6069 0.6069 
59.0000 0.6044 0.6044 
59.1000 0.6019 0.6019 
59.2000 0.5994 0.5994 
59.3000 0.5969 0.5969 
59.4000 0.5944 0.5944 
59.5000 0.5919 0.5919 
59.6000 0.5894 0.5894 
59.7000 0.5869 0.5869 
59.8000 0.5844 0.5844 
59.9000 0.5819 0.5819 
60.0000 0.5794 0.5794 
60.1000 0.5769 0.5769 
60.2000 0.5744 0.5744 
60.3000 0.5719 0.5719 
60.4000 0.5694 0.5694 
60.5000 0.5669 0.5669 
60.6000 0.5644 0.5644 
60.7000 0.5619 0.5619 
60.8000 0.5594 0.5594 
60.9000 0.5569 0.5569 
61.0000 0.5544 0.5544 
61.1000 0.5519 0.5519 
61.2000 0.5494 0.5494 
61.3000 0.5469 0.5469 
61.4000 0.5444 0.5444 
61.5000 0.5419 0.5419 
61.6000 0.5394 0.5394 
61.7000 0.5369 0.5369 
61.8000 0.5344 0.5344 
61.9000 0.5319 0.5319 
62.0000 0.5294 0.5294 
62.1000 0.5269 0.5269 
62.2000 0.5244 0.5244 
62.3000 0.5219 0.5219 
62.4000 0.5194 0.5194 
62.5000 0.5169 0.5169 
62.6000 0.5144 0.5144 
62.7000 0.5119 0.5119 
62.8000 0.5094 0.5094 
62.9000 0.5069 0.5069 
63.0000 0.5044 0.5044 
63.1000 0.5019 0.5019 
63.2000 0.4994 0.4994 
63.3000 0.4969 0.4969 
63.4000 0.4944 0.4944 
63.5000 0.4919 0.4919 
63.6000 0.4894 0.4894 
63.7000 0.4869 0.4869 
63.8000 0.4844 0.4844 
63.9000 0.4819 0.4819 
64.0000 0.4794 0.4794 
64.1000 0.4769 0.4769 
64.2000 0.4744 0.4744 
64.3000 0.4719 0.4719 
64.4000 0.4694 0.4694 
64.5000 0.4669 0.4669 
64.6000 0.4644 0.4644 
64.7000 0.4619 0.4619 
64.8000 0.4594 0.4594 
64.9000 0.4569 0.4569 
65.0000 0.4544 0.4544 
65.1000 0.4519 0.4519 
65.2000 0.4494 0.4494 
65.3000 0.4469 0.4469 
65.4000 0.4444 0.4444 
65.5000 0.4419 0.4419 
65.6000 0.4394 0.4394 
65.7000 0.4369 0.4369 
65.8000 0.4344 0.4344 
65.9000 0.4319 0.4319 
66.0000 0.4294 0.4294 
66.1000 0.4269 0.4269 
66.2000 0.4244 0.4244 
66.3000 0.4219 0.4219 
66.4000 0.4194 0.4194 
66.5000 0.4169 0.4169 
66.6000 0.4144 0.4144 
66.7000 0.4119 0.4119 
66.8000 0.4094 0.4094 
66.9000 0.4069 0.4069 
67.0000 0.4044 0.4044 
67.1000 0.4019 0.4019 
67.2000 0.3994 0.3994 
67.3000 0.3969 0.3969 
67.4000 0.3944 0.3944 
67.5000 0.3919 0.3919 
67.6000 0.3894 0.3894 
67.7000 0.3869 0.3869 
67.8000 0.3844 0.3844 
67.9000 0.3819 0.3819 
68.0000 0.3794 0.3794 
68.1000 0.3769 0.3769 
68.2000 0.3744 0.3744 
68.3000 0.3719 0.3719 
68.4000 0.3694 0.3694 
68.5000 0.3669 0.3669 
68.6000 0.3644 0.3644 
68.7000 0.3619 0.3619 
68.8000 0.3594 0.3594 
68.9000 0.3569 0.3569 
69.0000 0.3544 0.3544 
69.1000 0.3519 0.3519 
69.2000 0.3494 0.3494 
69.3000 0.3469 0.3469 
69.4000 0.3444 0.3444 
69.5000 0.3419 0.3419 
69.6000 0.3394 0.3394 
69.7000 0.3369 0.3369 
69.8000 0.3344 0.3344 
69.9000 0.3319 0.3319 
70.0000 0.3294 0.3294 
70.1000 0.3269 0.3269 
70.2000 0.3244 0.3244 
70.3000 0.3219 0.3219 
70.4000 0.3194 0.3194 
70.5000 0.3169 0.3169 
70.6000 0.3144 0.3144 
70.7000 0.3119 0.3119 
70.8000 0.3094 0.3094 
70.9000 0.3069 0.3069 
71.0000 0.3044 0.3044 
71.1000 0.3019 0.3019 
71.2000 0.2994 0.2994 
71.3000 0.2969 0.2969 
71.4000 0.2944 0.2944 
71.5000 0.2919 0.2919 
71.6000 0.2894 0.2894 
71.7000 0.2869 0.2869 
71.8000 0.2844 0.2844 
71.9000 0.2819 0.2819 
72.0000 0.2794 0.2794 
72.1000 0.2769 0.2769 
72.2000 0.2744 0.2744 
72.3000 0.2719 0.2719 
72.4000 0.2694 0.2694 
72.5000 0.2669 0.2669 
72.6000 0.2644 0.2644 
72.7000 0.2619 0.2619 
72.8000 0.2594 0.2594 
72.9000 0.2569 0.2569 
73.0000 0.2544 0.2544 
73.1000 0.2519 0.2519 
73.2000 0.2494 0.2494 
73.3000 0.2469 0.2469 
73.4000 0.2444 0.2444 
73.5000 0.2419 0.2419 
73.6000 0.2394 0.2394 
73.7000 0.2369 0.2369 
73.8000 0.2344 0.2344 
73.9000 0.2319 0.2319 
74.0000 0.2294 0.2294 
74.1000 0.2269 0.2269 
74.2000 0.2244 0.2244 
74.3000 0.2219 0.2219 
74.4000 0.2194 0.2194 
74.5000 0.2169 0.2169 
74.6000 0.2144 0.2144 
74.7000 0.2119 0.2119 
74.8000 0.2094 0.2094 
74.9000 0.2069 0.2069 
75.0000 0.2044 0.2044 
75.1000 0.2019 0.2019 
75.2000 0.1994 0.1994 
75.3000 0.1969 0.1969 
75.4000 0.1944 0.1944 
75.5000 0.1919 0.1919 
75.6000 0.1894 0.1894 
75.7000 0.1869 0.1869 
75.8000 0.1844 0.1844 
75.9000 0.1819 0.1819 
76.0000 0.1794 0.1794 
76.1000 0.1769 0.1769 
76.2000 0.1744 0.1744 
76.3000 0.1719 0.1719 
76.4000 0.1694 0.1694 
76.5000 0.1669 0.1669 
76.6000 0.1644 0.1644 
76.7000 0.1619 0.1619 
76.8000 0.1594 0.1594 
76.9000 0.1569 0.1569 
77.0000 0.1544 0.1544 
77.1000 0.1519 0.1519 
77.2000 0.1494 0.1494 
77.3000 0.1469 0.1469 
77.4000 0.1444 0.1444 
77.5000 0.1419 0.1419 
77.6000 0.1394 0.1394 
77.7000 0.1369 0.1369 
77.8000 0.1344 0.1344 
77.9000 0.1319 0.1319 
78.0000 0.1294 0.1294 
78.1000 0.1269 0.1269 
78.2000 0.1244 0.1244 
78.3000 0.1219 0.1219 
78.4000 0.1194 0.1194 
78.5000 0.1169 0.1169 
78.6000 0.1144 0.1144 
78.7000 0.1119 0.1119 
78.8000 0.1094 0.1094 
78.9000 0.1069 0.1069 
79.0000 0.1044 0.1044 
79.1000 0.1019 0.1019 
79.2000 0.0994 0.0994 
79.3000 0.0969 0.0969 
79.4000 0.0944 0.0944 
79.5000 0.0919 0.0919 
79.6000 0.0894 0.0894 
79.7000 0.0869 0.0869 
79.8000 0.0844 0.0844 
79.9000 0.0819 0.0819 
80.0000 0.0794 0.0794 
80.1000 0.0769 0.0769 
80.2000 0.0744 0.0744 
80.3000 0.0719 0.0719 
80.4000 0.0694 0.0694 
80.5000 0.0669 0.0669 
80.6000 0.0644 0.0644 
80.7000 0.0619 0.0619 
80.8000 0.0594 0.0594 
80.9000 0.0569 0.0569 
81.0000 0.0544 0.0544 
81.1000 0.0519 0.0519 
81.2000 0.0494 0.0494 
81.3000 0.0469 0.0469 
81.4000 0.0444 0.0444 
81.5000 0.0419 0.0419 
81.6000 0.0394 0.0394 
81.7000 0.0369 0.0369 
81.8000 0.0344 0.0344 
81.9000 0.0319 0.0319 
82.0000 0.0294 0.0294 
82.1000 0.0269 0.0269 
82.2000 0.0244 0.0244 
82.3000 0.0219 0.0219 
82.4000 0.0194 0.0194 
82.5000 0.0169 0.0169 
82.6000 0.0144 0.0144 
82.7000 0.0119 0.0119 
82.8000 0.0094 0.0094 
82.9000 0.0069 0.0069 
83.0000 0.0044 0.0044 
83.1000 0.0019 0.0019 
83.2000 0.0000 0.0000 
83.3000 0.0000 0.0000 
83.4000 0.0000 0.0000 
83.5000 0.0000 0.0000 
83.6000 0.0000 0.0000 
83.7000 0.0000 0.0000 
83.8000 0.0000 0.0000 
83.9000 0.0000 0.0000 
84.0000 0.0000 0.0000 
84.1000 0.0000 0.0000 
84.2000 0.0000 0.0000 
84.3000 0.0000 0.0000 
84.4000 0.0000 0.0000 
84.5000 0.0000 0.0000 
84.6000 0.0000 0.0000 
84.7000 0.0000 0.0000 
84.8000 0.0000 0.0000 
84.9000 0.0200 0.0200 
85.0000 0.0400 0.0400 
85.1000 0.0600 0.0600 
85.2000 0.0799 0.0799 
85.3000 0.0998 0.0998 
85.4000 0.1196 0.1196 
85.5000 0.1393 0.1393 
85.6000 0.1589 0.1589 
85.7000 0.1784 0.1784 
85.8000 0.1977 0.1977 
85.9000 0.2170 0.2170 
86.0000 0.2360 0.2360 
86.1000 0.2549 0.2549 
86.2000 0.2736 0.2736 
86.3000 0.2921 0.2921 
86.4000 0.3104 0.3104 
86.5000 0.3285 0.3285 
86.6000 0.3463 0.3463 
86.7000 0.3639 0.3639 
86.8000 0.3813 0.3813 
86.9000 0.3984 0.3984 
87.0000 0.4152 0.4152 
87.1000 0.4317 0.4317 
87.2000 0.4480 0.4480 
87.3000 0.4640 0.4640 
87.4000 0.4797 0.4797 
87.5000 0.4951 0.4951 
87.6000 0.5102 0.5102 
87.7000 0.5250 0.5250 
87.8000 0.5395 0.5395 
87.9000 0.5537 0.5537 
88.0000 0.5675 0.5675 
88.1000 0.5811 0.5811 
88.2000 0.5943 0.5943 
88.3000 0.6073 0.6073 
88.4000 0.6199 0.6199 
88.5000 0.6322 0.6322 
88.6000 0.6442 0.6442 
88.7000 0.6559 0.6559 
88.8000 0.6673 0.6673 
88.9000 0.6784 0.6784 
89.0000 0.6892 0.6892 
89.1000 0.6997 0.6997 
89.2000 0.7099 0.7099 
89.3000 0.7198 0.7198 
89.4000 0.7295 0.7295 
89.5000 0.7388 0.7388 
89.6000 0.7479 0.7479 
89.7000 0.7567 0.7567 
89.8000 0.7653 0.7653 
89.9000 0.7735 0.7735 
90.0000 0.7816 0.7816 
90.1000 0.7894 0.7894 
90.2000 0.7969 0.7969 
90.3000 0.8042 0.8042 
90.4000 0.8113 0.8113 
90.5000 0.8181 0.8181 
90.6000 0.8247 0.8247 
90.7000 0.8311 0.8311 
90.8000 0.8373 0.8373 
90.9000 0.8433 0.8433 
91.0000 0.8491 0.8491 
91.1000 0.8546 0.8546 
91.2000 0.8600 0.8600 
91.3000 0.8652 0.8652 
91.4000 0.8703 0.8703 
91.5000 0.8751 0.8751 
91.6000 0.8798 0.8798 
91.7000 0.8843 0.8843 
91.8000 0.8887 0.8887 
91.9000 0.8929 0.8929 
92.0000 0.8969 0.8969 
92.1000 0.9008 0.9008 
92.2000 0.9046 0.9046 
92.3000 0.9083 0.9083 
92.4000 0.9118 0.9118 
92.5000 0.9151 0.9151 
92.6000 0.9184 0.9184 
92.7000 0.9215 0.9215 
92.8000 0.9245 0.9245 
92.9000 0.9274 0.9274 
93.0000 0.9302 0.9302 
93.1000 0.9329 0.9329 
93.2000 0.9355 0.9355 
93.3000 0.9380 0.9380 
93.4000 0.9404 0.9404 
93.5000 0.9427 0.9427 
93.6000 0.9402 0.9402 
93.7000 0.9377 0.9377 
93.8000 0.9352 0.9352 
93.9000 0.9327 0.9327 
94.0000 0.9302 0.9302 
94.1000 0.9277 0.9277 
94.2000 0.9252 0.9252 
94.3000 0.9227 0.9227 
94.4000 0.9202 0.9202 
94.5000 0.9177 0.9177 
94.6000 0.9152 0.9152 
94.7000 0.9127 0.9127 
94.8000 0.9102 0.9102 
94.9000 0.9077 0.9077 
95.0000 0.9052 0.9052 
95.1000 0.9027 0.9027 
95.2000 0.9002 0.9002 
95.3000 0.8977 0.8977 
95.4000 0.8952 0.8952 
95.5000 0.8927 0.8927 
95.6000 0.8902 0.8902 
95.7000 0.8877 0.8877 
95.8000 0.8852 0.8852 
95.9000 0.8827 0.8827 
96.0000 0.8802 0.8802 
96.1000 0.8777 0.8777 
96.2000 0.8752 0.8752 
96.3000 0.8727 0.8727 
96.4000 0.8702 0.8702 
96.5000 0.8677 0.8677 
96.6000 0.8652 0.8652 
96.7000 0.8627 0.8627 
96.8000 0.8602 0.8602 
96.9000 0.8577 0.8577 
97.0000 0.8552 0.8552 
97.1000 0.8527 0.8527 
97.2000 0.8502 0.8502 
97.3000 0.8477 0.8477 
97.4000 0.8452 0.8452 
97.5000 0.8427 0.8427 
97.6000 0.8402 0.8402 
97.7000 0.8377 0.8377 
97.8000 0.8352 0.8352 
97.9000 0.8327 0.8327 
98.0000 0.8302 0.8302 
98.1000 0.8277 0.8277 
98.2000 0.8252 0.8252 
98.3000 0.8227 0.8227 
98.4000 0.8202 0.8202 
98.5000 0.8177 0.8177 
98.6000 0.8152 0.8152 
98.7000 0.8127 0.8127 
98.8000 0.8102 0.8102 
98.9000 0.8077 0.8077 
99.0000 0.8052 0.8052 
99.1000 0.8027 0.8027 
99.2000 0.8002 0.8002 
99.3000 0.7977 0.7977 
99.4000 0.7952 0.7952 
99.5000 0.7927 0.7927 
99.6000 0.7902 0.7902 
99.7000 0.7877 0.7877 
99.8000 0.7852 0.7852 
99.9000 0.7827 0.7827 
100.0000 0.7802 0.7802 
100.1000 0.7777 0.7777 
100.2000 0.7752 0.7752 
100.3000 0.7727 0.7727 
100.4000 0.7702 0.7702 
100.5000 0.7677 0.7677 
100.6000 0.7652 0.7652 
100.7000 0.7627 0.7627 
100.8000 0.7602 0.7602 
100.9000 0.7577 0.7577 
101.0000 0.7552 0.7552 
101.1000 0.7527 0.7527 
101.2000 0.7502 0.7502 
101.3000 0.7477 0.7477 
101.4000 0.7452 0.7452 
101.5000 0.7427 0.7427 
101.6000 0.7402 0.7402 
101.7000 0.7377 0.7377 
101.8000 0.7352 0.7352 
