0.0000 0.9975 0.9975 
0.1000 0.9950 0.9950 
0.2000 0.9925 0.9925 
0.3000 0.9900 0.9900 
0.4000 0.9875 0.9875 
0.5000 0.9850 0.9850 
0.6000 0.9825 0.9825 
0.7000 0.9800 0.9800 
0.8000 0.9775 0.9775 
0.9000 0.9750 0.9750 
1.0000 0.9725 0.9725 
1.1000 0.9700 0.9700 
1.2000 0.9675 0.9675 
1.3000 0.9650 0.9650 
1.4000 0.9625 0.9625 
1.5000 0.9600 0.9600 
1.6000 0.9575 0.9575 
1.7000 0.9550 0.9550 
1.8000 0.9525 0.9525 
1.9000 0.9500 0.9500 
2.0000 0.9475 0.9475 
2.1000 0.9450 0.9450 
2.2000 0.9425 0.9425 
2.3000 0.9400 0.9400 
2.4000 0.9375 0.9375 
2.5000 0.9350 0.9350 
2.6000 0.9325 0.9325 
2.7000 0.9300 0.9300 
2.8000 0.9275 0.9275 
2.9000 0.9250 0.9250 
3.0000 0.9225 0.9225 
3.1000 0.9200 0.9200 
3.2000 0.9175 0.9175 
3.3000 0.9150 0.9150 
3.4000 0.9125 0.9125 
3.5000 0.9100 0.9100 
3.6000 0.9075 0.9075 
3.7000 0.9050 0.9050 
3.8000 0.9025 0.9025 
3.9000 0.9000 0.9000 
4.0000 0.8975 0.8975 
4.1000 0.8950 0.8950 
4.2000 0.8925 0.8925 
4.3000 0.8900 0.8900 
4.4000 0.8875 0.8875 
4.5000 0.8850 0.8850 
4.6000 0.8825 0.8825 
4.7000 0.8800 0.8800 
4.8000 0.8775 0.8775 
4.9000 0.8750 0.8750 
5.0000 0.8725 0.8725 
5.1000 0.8700 0.8700 
5.2000 0.8675 0.8675 
5.3000 0.8650 0.8650 
5.4000 0.8625 0.8625 
5.5000 0.8600 0.8600 
5.6000 0.8575 0.8575 
5.7000 0.8550 0.8550 
5.8000 0.8525 0.8525 
5.9000 0.8500 0.8500 
6.0000 0.8475 0.8475 
6.1000 0.8450 0.8450 
6.2000 0.8425 0.8425 
6.3000 0.8400 0.8400 
6.4000 0.8375 0.8375 
6.5000 0.8350 0.8350 
6.6000 0.8325 0.8325 
6.7000 0.8300 0.8300 
6.8000 0.8275 0.8275 
6.9000 0.8250 0.8250 
7.0000 0.8225 0.8225 
7.1000 0.8200 0.8200 
7.2000 0.8175 0.8175 
7.3000 0.8150 0.8150 
7.4000 0.8125 0.8125 
7.5000 0.8100 0.8100 
7.6000 0.8075 0.8075 
7.7000 0.8050 0.8050 
7.8000 0.8025 0.8025 
7.9000 0.8000 0.8000 
8.0000 0.7975 0.7975 
8.1000 0.7950 0.7950 
8.2000 0.7925 0.7925 
8.3000 0.7900 0.7900 
8.4000 0.7875 0.7875 
8.5000 0.7850 0.7850 
8.6000 0.7825 0.7825 
8.7000 0.7800 0.7800 
8.8000 0.7775 0.7775 
8.9000 0.7750 0.7750 
9.0000 0.7725 0.7725 
9.1000 0.7700 0.7700 
9.2000 0.7675 0.7675 
9.3000 0.7650 0.7650 
9.4000 0.7625 0.7625 
9.5000 0.7600 0.7600 
9.6000 0.7575 0.7575 
9.7000 0.7550 0.7550 
9.8000 0.7525 0.7525 
9.9000 0.7500 0.7500 
10.0000 0.7475 0.7475 
10.1000 0.7450 0.7450 
10.2000 0.7425 0.7425 
10.3000 0.7400 0.7400 
10.4000 0.7375 0.7375 
10.5000 0.7350 0.7350 
10.6000 0.7325 0.7325 
10.7000 0.7300 0.7300 
10.8000 0.7275 0.7275 
10.9000 0.7250 0.7250 
11.0000 0.7225 0.7225 
11.1000 0.7200 0.7200 
11.2000 0.7175 0.7175 
11.3000 0.7150 0.7150 
11.4000 0.7125 0.7125 
11.5000 0.7100 0.7100 
11.6000 0.7075 0.7075 
11.7000 0.7050 0.7050 
11.8000 0.7025 0.7025 
11.9000 0.7000 0.7000 
12.0000 0.6975 0.6975 
12.1000 0.6950 0.6950 
12.2000 0.6925 0.6925 
12.3000 0.6900 0.6900 
12.4000 0.6875 0.6875 
12.5000 0.6850 0.6850 
12.6000 0.6825 0.6825 
12.7000 0.6800 0.6800 
12.8000 0.6775 0.6775 
12.9000 0.6750 0.6750 
13.0000 0.6725 0.6725 
13.1000 0.6700 0.6700 
13.2000 0.6675 0.6675 
13.3000 0.6650 0.6650 
13.4000 0.6625 0.6625 
13.5000 0.6600 0.6600 
13.6000 0.6575 0.6575 
13.7000 0.6550 0.6550 
13.8000 0.6525 0.6525 
13.9000 0.6500 0.6500 
14.0000 0.6475 0.6475 
14.1000 0.6450 0.6450 
14.2000 0.6425 0.6425 
14.3000 0.6400 0.6400 
14.4000 0.6375 0.6375 
14.5000 0.6350 0.6350 
14.6000 0.6325 0.6325 
14.7000 0.6300 0.6300 
14.8000 0.6275 0.6275 
14.9000 0.6250 0.6250 
15.0000 0.6225 0.6225 
15.1000 0.6200 0.6200 
15.2000 0.6175 0.6175 
15.3000 0.6150 0.6150 
15.4000 0.6125 0.6125 
15.5000 0.6100 0.6100 
15.6000 0.6075 0.6075 
15.7000 0.6050 0.6050 
15.8000 0.6025 0.6025 
15.9000 0.6000 0.6000 
16.0000 0.5975 0.5975 
16.1000 0.5950 0.5950 
16.2000 0.5925 0.5925 
16.3000 0.5900 0.5900 
16.4000 0.5875 0.5875 
16.5000 0.5850 0.5850 
16.6000 0.5825 0.5825 
16.7000 0.5800 0.5800 
16.8000 0.5775 0.5775 
16.9000 0.5750 0.5750 
17.0000 0.5725 0.5725 
17.1000 0.5700 0.5700 
17.2000 0.5675 0.5675 
17.3000 0.5650 0.5650 
17.4000 0.5625 0.5625 
17.5000 0.5600 0.5600 
17.6000 0.5575 0.5575 
17.7000 0.5550 0.5550 
17.8000 0.5525 0.5525 
17.9000 0.5500 0.5500 
18.0000 0.5475 0.5475 
18.1000 0.5450 0.5450 
18.2000 0.5425 0.5425 
18.3000 0.5400 0.5400 
18.4000 0.5375 0.5375 
18.5000 0.5350 0.5350 
18.6000 0.5325 0.5325 
18.7000 0.5300 0.5300 
18.8000 0.5275 0.5275 
18.9000 0.5250 0.5250 
19.0000 0.5225 0.5225 
19.1000 0.5200 0.5200 
19.2000 0.5175 0.5175 
19.3000 0.5150 0.5150 
19.4000 0.5125 0.5125 
19.5000 0.5100 0.5100 
19.6000 0.5075 0.5075 
19.7000 0.5050 0.5050 
19.8000 0.5025 0.5025 
19.9000 0.5000 0.5000 
20.0000 0.4975 0.4975 
20.1000 0.4950 0.4950 
20.2000 0.4925 0.4925 
20.3000 0.4900 0.4900 
20.4000 0.4875 0.4875 
20.5000 0.4850 0.4850 
20.6000 0.4825 0.4825 
20.7000 0.4800 0.4800 
20.8000 0.4775 0.4775 
20.9000 0.4750 0.4750 
21.0000 0.4725 0.4725 
21.1000 0.4700 0.4700 
21.2000 0.4675 0.4675 
21.3000 0.4650 0.4650 
21.4000 0.4625 0.4625 
21.5000 0.4600 0.4600 
21.6000 0.4575 0.4575 
21.7000 0.4550 0.4550 
21.8000 0.4525 0.4525 
21.9000 0.4500 0.4500 
22.0000 0.4475 0.4475 
22.1000 0.4450 0.4450 
22.2000 0.4425 0.4425 
22.3000 0.4400 0.4400 
22.4000 0.4375 0.4375 
22.5000 0.4350 0.4350 
22.6000 0.4325 0.4325 
22.7000 0.4300 0.4300 
22.8000 0.4275 0.4275 
22.9000 0.4250 0.4250 
23.0000 0.4225 0.4225 
23.1000 0.4200 0.4200 
23.2000 0.4175 0.4175 
23.3000 0.4150 0.4150 
23.4000 0.4125 0.4125 
23.5000 0.4100 0.4100 
23.6000 0.4075 0.4075 
23.7000 0.4050 0.4050 
23.8000 0.4025 0.4025 
23.9000 0.4000 0.4000 
24.0000 0.3975 0.3975 
24.1000 0.3950 0.3950 
24.2000 0.3925 0.3925 
24.3000 0.3900 0.3900 
24.4000 0.3875 0.3875 
24.5000 0.3850 0.3850 
24.6000 0.3825 0.3825 
24.7000 0.3800 0.3800 
24.8000 0.3775 0.3775 
24.9000 0.3750 0.3750 
25.0000 0.3725 0.3725 
25.1000 0.3700 0.3700 
25.2000 0.3675 0.3675 
25.3000 0.3650 0.3650 
25.4000 0.3625 0.3625 
25.5000 0.3600 0.3600 
25.6000 0.3575 0.3575 
25.7000 0.3550 0.3550 
25.8000 0.3525 0.3525 
25.9000 0.3500 0.3500 
26.0000 0.3475 0.3475 
26.1000 0.3450 0.3450 
26.2000 0.3425 0.3425 
26.3000 0.3400 0.3400 
26.4000 0.3375 0.3375 
26.5000 0.3350 0.3350 
26.6000 0.3325 0.3325 
26.7000 0.3300 0.3300 
26.8000 0.3275 0.3275 
26.9000 0.3250 0.3250 
27.0000 0.3225 0.3225 
27.1000 0.3200 0.3200 
27.2000 0.3175 0.3175 
27.3000 0.3150 0.3150 
27.4000 0.3125 0.3125 
27.5000 0.3100 0.3100 
27.6000 0.3075 0.3075 
27.7000 0.3050 0.3050 
27.8000 0.3025 0.3025 
27.9000 0.3000 0.3000 
28.0000 0.2975 0.2975 
28.1000 0.2950 0.2950 
28.2000 0.2925 0.2925 
28.3000 0.2900 0.2900 
28.4000 0.2875 0.2875 
28.5000 0.2850 0.2850 
28.6000 0.2825 0.2825 
28.7000 0.2800 0.2800 
28.8000 0.2775 0.2775 
28.9000 0.2750 0.2750 
29.0000 0.2725 0.2725 
29.1000 0.2700 0.2700 
29.2000 0.2675 0.2675 
29.3000 0.2650 0.2650 
29.4000 0.2625 0.2625 
29.5000 0.2600 0.2600 
29.6000 0.2575 0.2575 
29.7000 0.2550 0.2550 
29.8000 0.2525 0.2525 
29.9000 0.2500 0.2500 
30.0000 0.2475 0.2475 
30.1000 0.2450 0.2450 
30.2000 0.2425 0.2425 
30.3000 0.2400 0.2400 
30.4000 0.2375 0.2375 
30.5000 0.2350 0.2350 
30.6000 0.2325 0.2325 
30.7000 0.2300 0.2300 
30.8000 0.2275 0.2275 
30.9000 0.2250 0.2250 
31.0000 0.2225 0.2225 
31.1000 0.2200 0.2200 
31.2000 0.2175 0.2175 
31.3000 0.2150 0.2150 
31.4000 0.2125 0.2125 
31.5000 0.2100 0.2100 
31.6000 0.2075 0.2075 
31.7000 0.2050 0.2050 
31.8000 0.2025 0.2025 
31.9000 0.2217 0.2217 
32.0000 0.2407 0.2407 
32.1000 0.2595 0.2595 
32.2000 0.2782 0.2782 
32.3000 0.2966 0.2966 
32.4000 0.3149 0.3149 
32.5000 0.3329 0.3329 
32.6000 0.3507 0.3507 
32.7000 0.3682 0.3682 
32.8000 0.3855 0.3855 
32.9000 0.4025 0.4025 
33.0000 0.4193 0.4193 
33.1000 0.4358 0.4358 
33.2000 0.4520 0.4520 
33.3000 0.4679 0.4679 
33.4000 0.4835 0.4835 
33.5000 0.4988 0.4988 
33.6000 0.5139 0.5139 
33.7000 0.5286 0.5286 
33.8000 0.5430 0.5430 
33.9000 0.5571 0.5571 
34.0000 0.5709 0.5709 
34.1000 0.5844 0.5844 
34.2000 0.5975 0.5975 
34.3000 0.6104 0.6104 
34.4000 0.6230 0.6230 
34.5000 0.6352 0.6352 
34.6000 0.6471 0.6471 
34.7000 0.6587 0.6587 
34.8000 0.6701 0.6701 
34.9000 0.6811 0.6811 
35.0000 0.6918 0.6918 
35.1000 0.7022 0.7022 
35.2000 0.7124 0.7124 
35.3000 0.7222 0.7222 
35.4000 0.7318 0.7318 
35.5000 0.7411 0.7411 
35.6000 0.7501 0.7501 
35.7000 0.7588 0.7588 
35.8000 0.7673 0.7673 
35.9000 0.7756 0.7756 
36.0000 0.7835 0.7835 
36.1000 0.7912 0.7912 
36.2000 0.7987 0.7987 
36.3000 0.8060 0.8060 
36.4000 0.8130 0.8130 
36.5000 0.8198 0.8198 
36.6000 0.8263 0.8263 
36.7000 0.8327 0.8327 
36.8000 0.8388 0.8388 
36.9000 0.8447 0.8447 
37.0000 0.8505 0.8505 
37.1000 0.8560 0.8560 
37.2000 0.8613 0.8613 
37.3000 0.8665 0.8665 
37.4000 0.8715 0.8715 
37.5000 0.8763 0.8763 
37.6000 0.8809 0.8809 
37.7000 0.8854 0.8854 
37.8000 0.8897 0.8897 
37.9000 0.8939 0.8939 
38.0000 0.8979 0.8979 
38.1000 0.9018 0.9018 
38.2000 0.9055 0.9055 
38.3000 0.9091 0.9091 
38.4000 0.9126 0.9126 
38.5000 0.9159 0.9159 
38.6000 0.9192 0.9192 
38.7000 0.9223 0.9223 
38.8000 0.9253 0.9253 
38.9000 0.9281 0.9281 
39.0000 0.9309 0.9309 
39.1000 0.9336 0.9336 
39.2000 0.9361 0.9361 
39.3000 0.9386 0.9386 
39.4000 0.9410 0.9410 
39.5000 0.9433 0.9433 
39.6000 0.9455 0.9455 
39.7000 0.9476 0.9476 
39.8000 0.9496 0.9496 
39.9000 0.9516 0.9516 
40.0000 0.9535 0.9535 
40.1000 0.9553 0.9553 
40.2000 0.9571 0.9571 
40.3000 0.9587 0.9587 
40.4000 0.9604 0.9604 
40.5000 0.9619 0.9619 
40.6000 0.9634 0.9634 
40.7000 0.9648 0.9648 
40.8000 0.9662 0.9662 
40.9000 0.9637 0.9637 
41.0000 0.9612 0.9612 
41.1000 0.9587 0.9587 
41.2000 0.9562 0.9562 
41.3000 0.9537 0.9537 
41.4000 0.9512 0.9512 
41.5000 0.9487 0.9487 
41.6000 0.9462 0.9462 
41.7000 0.9437 0.9437 
41.8000 0.9412 0.9412 
41.9000 0.9387 0.9387 
42.0000 0.9362 0.9362 
42.1000 0.9337 0.9337 
42.2000 0.9312 0.9312 
42.3000 0.9287 0.9287 
42.4000 0.9262 0.9262 
42.5000 0.9237 0.9237 
42.6000 0.9212 0.9212 
42.7000 0.9187 0.9187 
42.8000 0.9162 0.9162 
42.9000 0.9137 0.9137 
43.0000 0.9112 0.9112 
43.1000 0.9087 0.9087 
43.2000 0.9062 0.9062 
43.3000 0.9037 0.9037 
43.4000 0.9012 0.9012 
43.5000 0.8987 0.8987 
43.6000 0.8962 0.8962 
43.7000 0.8937 0.8937 
43.8000 0.8912 0.8912 
43.9000 0.8887 0.8887 
44.0000 0.8862 0.8862 
44.1000 0.8837 0.8837 
44.2000 0.8812 0.8812 
44.3000 0.8787 0.8787 
44.4000 0.8762 0.8762 
44.5000 0.8737 0.8737 
44.6000 0.8712 0.8712 
44.7000 0.8687 0.8687 
44.8000 0.8662 0.8662 
44.9000 0.8637 0.8637 
45.0000 0.8612 0.8612 
45.1000 0.8587 0.8587 
45.2000 0.8562 0.8562 
45.3000 0.8537 0.8537 
45.4000 0.8512 0.8512 
45.5000 0.8487 0.8487 
45.6000 0.8462 0.8462 
45.7000 0.8437 0.8437 
45.8000 0.8412 0.8412 
45.9000 0.8387 0.8387 
46.0000 0.8362 0.8362 
46.1000 0.8337 0.8337 
46.2000 0.8312 0.8312 
46.3000 0.8287 0.8287 
46.4000 0.8262 0.8262 
46.5000 0.8237 0.8237 
46.6000 0.8212 0.8212 
46.7000 0.8187 0.8187 
46.8000 0.8162 0.8162 
46.9000 0.8137 0.8137 
47.0000 0.8112 0.8112 
47.1000 0.8087 0.8087 
47.2000 0.8062 0.8062 
47.3000 0.8037 0.8037 
47.4000 0.8012 0.8012 
47.5000 0.7987 0.7987 
47.6000 0.7962 0.7962 
47.7000 0.7937 0.7937 
47.8000 0.7912 0.7912 
47.9000 0.7887 0.7887 
48.0000 0.7862 0.7862 
48.1000 0.7837 0.7837 
48.2000 0.7812 0.7812 
48.3000 0.7787 0.7787 
48.4000 0.7762 0.7762 
48.5000 0.7737 0.7737 
48.6000 0.7712 0.7712 
48.7000 0.7687 0.7687 
48.8000 0.7662 0.7662 
48.9000 0.7637 0.7637 
49.0000 0.7612 0.7612 
49.1000 0.7587 0.7587 
49.2000 0.7562 0.7562 
49.3000 0.7537 0.7537 
49.4000 0.7512 0.7512 
49.5000 0.7487 0.7487 
49.6000 0.7462 0.7462 
49.7000 0.7437 0.7437 
49.8000 0.7412 0.7412 
49.9000 0.7387 0.7387 
50.0000 0.7362 0.7362 
50.1000 0.7337 0.7337 
50.2000 0.7312 0.7312 
50.3000 0.7287 0.7287 
50.4000 0.7262 0.7262 
50.5000 0.7237 0.7237 
50.6000 0.7212 0.7212 
50.7000 0.7187 0.7187 
50.8000 0.7162 0.7162 
50.9000 0.7137 0.7137 
51.0000 0.7112 0.7112 
51.1000 0.7087 0.7087 
51.2000 0.7062 0.7062 
51.3000 0.7037 0.7037 
51.4000 0.7012 0.7012 
51.5000 0.6987 0.6987 
51.6000 0.6962 0.6962 
51.7000 0.6937 0.6937 
51.8000 0.6912 0.6912 
51.9000 0.6887 0.6887 
52.0000 0.6862 0.6862 
52.1000 0.6837 0.6837 
52.2000 0.6812 0.6812 
52.3000 0.6787 0.6787 
52.4000 0.6762 0.6762 
52.5000 0.6737 0.6737 
52.6000 0.6712 0.6712 
52.7000 0.6687 0.6687 
52.8000 0.6662 0.6662 
52.9000 0.6637 0.6637 
53.0000 0.6612 0.6612 
53.1000 0.6587 0.6587 
53.2000 0.6562 0.6562 
53.3000 0.6537 0.6537 
53.4000 0.6512 0.6512 
53.5000 0.6487 0.6487 
53.6000 0.6462 0.6462 
53.7000 0.6437 0.6437 
53.8000 0.6412 0.6412 
53.9000 0.6387 0.6387 
54.0000 0.6362 0.6362 
54.1000 0.6337 0.6337 
54.2000 0.6312 0.6312 
54.3000 0.6287 0.6287 
54.4000 0.6262 0.6262 
54.5000 0.6237 0.6237 
54.6000 0.6212 0.6212 
54.7000 0.6187 0.6187 
54.8000 0.6162 0.6162 
54.9000 0.6137 0.6137 
55.0000 0.6112 0.6112 
55.1000 0.6087 0.6087 
55.2000 0.6062 0.6062 
55.3000 0.6037 0.6037 
55.4000 0.6012 0.6012 
55.5000 0.5987 0.5987 
55.6000 0.5962 0.5962 
55.7000 0.5937 0.5937 
55.8000 0.5912 0.5912 
55.9000 0.5887 0.5887 
56.0000 0.5862 0.5862 
56.1000 0.5837 0.5837 
56.2000 0.5812 0.5812 
56.3000 0.5787 0.5787 
56.4000 0.5762 0.5762 
56.5000 0.5737 0.5737 
56.6000 0.5712 0.5712 
56.7000 0.5687 0.5687 
56.8000 0.5662 0.5662 
56.9000 0.5637 0.5637 
57.0000 0.5612 0.5612 
57.1000 0.5587 0.5587 
57.2000 0.5562 0.5562 
57.3000 0.5537 0.5537 
57.4000 0.5512 0.5512 
57.5000 0.5487 0.5487 
57.6000 0.5462 0.5462 
57.7000 0.5437 0.5437 
57.8000 0.5412 0.5412 
57.9000 0.5387 0.5387 
58.0000 0.5362 0.5362 
58.1000 0.5337 0.5337 
58.2000 0.5312 0.5312 
58.3000 0.5287 0.5287 
58.4000 0.5262 0.5262 
58.5000 0.5237 0.5237 
58.6000 0.5212 0.5212 
58.7000 0.5187 0.5187 
58.8000 0.5162 0.5162 
58.9000 0.5137 0.5137 
59.0000 0.5112 0.5112 
59.1000 0.5087 0.5087 
59.2000 0.5062 0.5062 
59.3000 0.5037 0.5037 
59.4000 0.5012 0.5012 
59.5000 0.4987 0.4987 
59.6000 0.4962 0.4962 
59.7000 0.4937 0.4937 
59.8000 0.4912 0.4912 
59.9000 0.4887 0.4887 
60.0000 0.4862 0.4862 
60.1000 0.4837 0.4837 
60.2000 0.4812 0.4812 
60.3000 0.4787 0.4787 
60.4000 0.4762 0.4762 
60.5000 0.4737 0.4737 
60.6000 0.4712 0.4712 
60.7000 0.4687 0.4687 
60.8000 0.4662 0.4662 
60.9000 0.4637 0.4637 
61.0000 0.4612 0.4612 
61.1000 0.4587 0.4587 
61.2000 0.4562 0.4562 
61.3000 0.4537 0.4537 
61.4000 0.4512 0.4512 
61.5000 0.4487 0.4487 
61.6000 0.4462 0.4462 
61.7000 0.4437 0.4437 
61.8000 0.4412 0.4412 
61.9000 0.4387 0.4387 
62.0000 0.4362 0.4362 
62.1000 0.4337 0.4337 
62.2000 0.4312 0.4312 
62.3000 0.4287 0.4287 
62.4000 0.4262 0.4262 
62.5000 0.4237 0.4237 
62.6000 0.4212 0.4212 
62.7000 0.4187 0.4187 
62.8000 0.4162 0.4162 
62.9000 0.4137 0.4137 
63.0000 0.4112 0.4112 
63.1000 0.4087 0.4087 
63.2000 0.4062 0.4062 
63.3000 0.4037 0.4037 
63.4000 0.4012 0.4012 
63.5000 0.3987 0.3987 
63.6000 0.3962 0.3962 
63.7000 0.3937 0.3937 
63.8000 0.3912 0.3912 
63.9000 0.3887 0.3887 
64.0000 0.3862 0.3862 
64.1000 0.3837 0.3837 
64.2000 0.3812 0.3812 
64.3000 0.3787 0.3787 
64.4000 0.3762 0.3762 
64.5000 0.3737 0.3737 
64.6000 0.3712 0.3712 
64.7000 0.3687 0.3687 
64.8000 0.3662 0.3662 
64.9000 0.3637 0.3637 
65.0000 0.3612 0.3612 
65.1000 0.3587 0.3587 
65.2000 0.3562 0.3562 
65.3000 0.3537 0.3537 
65.4000 0.3512 0.3512 
65.5000 0.3487 0.3487 
65.6000 0.3462 0.3462 
65.7000 0.3437 0.3437 
65.8000 0.3412 0.3412 
65.9000 0.3387 0.3387 
66.0000 0.3362 0.3362 
66.1000 0.3337 0.3337 
66.2000 0.3312 0.3312 
66.3000 0.3287 0.3287 
66.4000 0.3262 0.3262 
66.5000 0.3237 0.3237 
66.6000 0.3212 0.3212 
66.7000 0.3187 0.3187 
66.8000 0.3162 0.3162 
66.9000 0.3137 0.3137 
67.0000 0.3112 0.3112 
67.1000 0.3087 0.3087 
67.2000 0.3062 0.3062 
67.3000 0.3037 0.3037 
67.4000 0.3012 0.3012 
67.5000 0.2987 0.2987 
67.6000 0.2962 0.2962 
67.7000 0.2937 0.2937 
67.8000 0.2912 0.2912 
67.9000 0.2887 0.2887 
68.0000 0.2862 0.2862 
68.1000 0.2837 0.2837 
68.2000 0.2812 0.2812 
68.3000 0.2787 0.2787 
68.4000 0.2762 0.2762 
68.5000 0.2737 0.2737 
68.6000 0.2712 0.2712 
68.7000 0.2687 0.2687 
68.8000 0.2662 0.2662 
68.9000 0.2637 0.2637 
69.0000 0.2612 0.2612 
69.1000 0.2587 0.2587 
69.2000 0.2562 0.2562 
69.3000 0.2537 0.2537 
69.4000 0.2512 0.2512 
69.5000 0.2487 0.2487 
69.6000 0.2462 0.2462 
69.7000 0.2437 0.2437 
69.8000 0.2412 0.2412 
69.9000 0.2387 0.2387 
70.0000 0.2362 0.2362 
70.1000 0.2337 0.2337 
70.2000 0.2312 0.2312 
70.3000 0.2287 0.2287 
70.4000 0.2262 0.2262 
70.5000 0.2237 0.2237 
70.6000 0.2212 0.2212 
70.7000 0.2187 0.2187 
70.8000 0.2162 0.2162 
70.9000 0.2137 0.2137 
71.0000 0.2112 0.2112 
71.1000 0.2087 0.2087 
71.2000 0.2062 0.2062 
71.3000 0.2037 0.2037 
71.4000 0.2012 0.2012 
71.5000 0.1987 0.1987 
71.6000 0.1962 0.1962 
71.7000 0.1937 0.1937 
71.8000 0.1912 0.1912 
71.9000 0.1887 0.1887 
72.0000 0.1862 0.1862 
72.1000 0.1837 0.1837 
72.2000 0.1812 0.1812 
72.3000 0.1787 0.1787 
72.4000 0.1762 0.1762 
72.5000 0.1737 0.1737 
72.6000 0.1712 0.1712 
72.7000 0.1687 0.1687 
72.8000 0.1662 0.1662 
72.9000 0.1637 0.1637 
73.0000 0.1612 0.1612 
73.1000 0.1587 0.1587 
73.2000 0.1562 0.1562 
73.3000 0.1537 0.1537 
73.4000 0.1512 0.1512 
73.5000 0.1487 0.1487 
73.6000 0.1462 0.1462 
73.7000 0.1437 0.1437 
73.8000 0.1412 0.1412 
73.9000 0.1387 0.1387 
74.0000 0.1362 0.1362 
74.1000 0.1337 0.1337 
74.2000 0.1312 0.1312 
74.3000 0.1287 0.1287 
74.4000 0.1262 0.1262 
74.5000 0.1237 0.1237 
74.6000 0.1212 0.1212 
74.7000 0.1187 0.1187 
74.8000 0.1162 0.1162 
74.9000 0.1137 0.1137 
75.0000 0.1112 0.1112 
75.1000 0.1087 0.1087 
75.2000 0.1062 0.1062 
75.3000 0.1037 0.1037 
75.4000 0.1012 0.1012 
75.5000 0.0987 0.0987 
75.6000 0.0962 0.0962 
75.7000 0.0937 0.0937 
75.8000 0.0912 0.0912 
75.9000 0.0887 0.0887 
76.0000 0.0862 0.0862 
76.1000 0.0837 0.0837 
76.2000 0.0812 0.0812 
76.3000 0.0787 0.0787 
76.4000 0.0762 0.0762 
76.5000 0.0737 0.0737 
76.6000 0.0712 0.0712 
76.7000 0.0687 0.0687 
76.8000 0.0662 0.0662 
76.9000 0.0637 0.0637 
77.0000 0.0612 0.0612 
77.1000 0.0587 0.0587 
77.2000 0.0562 0.0562 
77.3000 0.0537 0.0537 
77.4000 0.0512 0.0512 
77.5000 0.0487 0.0487 
77.6000 0.0462 0.0462 
77.7000 0.0437 0.0437 
77.8000 0.0412 0.0412 
77.9000 0.0387 0.0387 
78.0000 0.0362 0.0362 
78.1000 0.0337 0.0337 
78.2000 0.0312 0.0312 
78.3000 0.0287 0.0287 
78.4000 0.0262 0.0262 
78.5000 0.0237 0.0237 
78.6000 0.0212 0.0212 
78.7000 0.0187 0.0187 
78.8000 0.0162 0.0162 
78.9000 0.0137 0.0137 
79.0000 0.0112 0.0112 
79.1000 0.0087 0.0087 
79.2000 0.0062 0.0062 
79.3000 0.0037 0.0037 
79.4000 0.0012 0.0012 
79.5000 0.0000 0.0000 
79.6000 0.0000 0.0000 
79.7000 0.0000 0.0000 
79.8000 0.0000 0.0000 
79.9000 0.0000 0.0000 
80.0000 0.0000 0.0000 
80.1000 0.0000 0.0000 
80.2000 0.0000 0.0000 
80.3000 0.0000 0.0000 
80.4000 0.0000 0.0000 
80.5000 0.0000 0.0000 
80.6000 0.0000 0.0000 
80.7000 0.0000 0.0000 
80.8000 0.0000 0.0000 
80.9000 0.0000 0.0000 
81.0000 0.0000 0.0000 
81.1000 0.0000 0.0000 
81.2000 0.0000 0.0000 
81.3000 0.0000 0.0000 
81.4000 0.0000 0.0000 
81.5000 0.0000 0.0000 
81.6000 0.0000 0.0000 
81.7000 0.0000 0.0000 
81.8000 0.0000 0.0000 
81.9000 0.0000 0.0000 
82.0000 0.0000 0.0000 
82.1000 0.0000 0.0000 
82.2000 0.0000 0.0000 
82.3000 0.0000 0.0000 
82.4000 0.0000 0.0000 
82.5000 0.0000 0.0000 
82.6000 0.0000 0.0000 
82.7000 0.0000 0.0000 
82.8000 0.0000 0.0000 
82.9000 0.0000 0.0000 
83.0000 0.0000 0.0000 
83.1000 0.0000 0.0000 
83.2000 0.0000 0.0000 
83.3000 0.0000 0.0000 
83.4000 0.0000 0.0000 
83.5000 0.0000 0.0000 
83.6000 0.0000 0.0000 
83.7000 0.0000 0.0000 
83.8000 0.0000 0.0000 
83.9000 0.0000 0.0000 
84.0000 0.0000 0.0000 
84.1000 0.0000 0.0000 
84.2000 0.0000 0.0000 
84.3000 0.0000 0.0000 
84.4000 0.0000 0.0000 
84.5000 0.0000 0.0000 
84.6000 0.0000 0.0000 
84.7000 0.0000 0.0000 
84.8000 0.0000 0.0000 
84.9000 0.0000 0.0000 
85.0000 0.0000 0.0000 
85.1000 0.0000 0.0000 
85.2000 0.0000 0.0000 
85.3000 0.0000 0.0000 
85.4000 0.0000 0.0000 
85.5000 0.0000 0.0000 
85.6000 0.0000 0.0000 
85.7000 0.0000 0.0000 
85.8000 0.0000 0.0000 
85.9000 0.0000 0.0000 
86.0000 0.0000 0.0000 
86.1000 0.0000 0.0000 
86.2000 0.0000 0.0000 
86.3000 0.0000 0.0000 
86.4000 0.0000 0.0000 
86.5000 0.0000 0.0000 
86.6000 0.0000 0.0000 
86.7000 0.0000 0.0000 
86.8000 0.0000 0.0000 
86.9000 0.0000 0.0000 
87.0000 0.0000 0.0000 
87.1000 0.0000 0.0000 
87.2000 0.0000 0.0000 
87.3000 0.0200 0.0200 
87.4000 0.0400 0.0400 
87.5000 0.0600 0.0600 
87.6000 0.0799 0.0799 
87.7000 0.0998 0.0998 
87.8000 0.1196 0.1196 
87.9000 0.1393 0.1393 
88.0000 0.1589 0.1589 
88.1000 0.1784 0.1784 
88.2000 0.1977 0.1977 
88.3000 0.2170 0.2170 
88.4000 0.2360 0.2360 
88.5000 0.2549 0.2549 
88.6000 0.2736 0.2736 
88.7000 0.2921 0.2921 
88.8000 0.3104 0.3104 
88.9000 0.3285 0.3285 
89.0000 0.3463 0.3463 
89.1000 0.3639 0.3639 
89.2000 0.3813 0.3813 
89.3000 0.3984 0.3984 
89.4000 0.4152 0.4152 
89.5000 0.4317 0.4317 
89.6000 0.4480 0.4480 
89.7000 0.4640 0.4640 
89.8000 0.4797 0.4797 
89.9000 0.4951 0.4951 
90.0000 0.5102 0.5102 
90.1000 0.5250 0.5250 
90.2000 0.5395 0.5395 
90.3000 0.5537 0.5537 
90.4000 0.5675 0.5675 
90.5000 0.5811 0.5811 
90.6000 0.5943 0.5943 
90.7000 0.6073 0.6073 
90.8000 0.6199 0.6199 
90.9000 0.6322 0.6322 
91.0000 0.6442 0.6442 
91.1000 0.6559 0.6559 
91.2000 0.6673 0.6673 
91.3000 0.6784 0.6784 
91.4000 0.6892 0.6892 
91.5000 0.6997 0.6997 
91.6000 0.7099 0.7099 
91.7000 0.7198 0.7198 
91.8000 0.7295 0.7295 
91.9000 0.7388 0.7388 
92.0000 0.7479 0.7479 
92.1000 0.7567 0.7567 
92.2000 0.7653 0.7653 
92.3000 0.7735 0.7735 
92.4000 0.7816 0.7816 
92.5000 0.7894 0.7894 
92.6000 0.7969 0.7969 
92.7000 0.8042 0.8042 
92.8000 0.8113 0.8113 
92.9000 0.8181 0.8181 
93.0000 0.8247 0.8247 
93.1000 0.8311 0.8311 
93.2000 0.8373 0.8373 
93.3000 0.8433 0.8433 
93.4000 0.8491 0.8491 
93.5000 0.8546 0.8546 
93.6000 0.8600 0.8600 
93.7000 0.8652 0.8652 
93.8000 0.8703 0.8703 
93.9000 0.8751 0.8751 
94.0000 0.8798 0.8798 
94.1000 0.8843 0.8843 
94.2000 0.8887 0.8887 
94.3000 0.8929 0.8929 
94.4000 0.8969 0.8969 
94.5000 0.9008 0.9008 
94.6000 0.9046 0.9046 
94.7000 0.9083 0.9083 
94.8000 0.9118 0.9118 
94.9000 0.9151 0.9151 
95.0000 0.9184 0.9184 
95.1000 0.9215 0.9215 
95.2000 0.9245 0.9245 
95.3000 0.9274 0.9274 
95.4000 0.9302 0.9302 
95.5000 0.9329 0.9329 
95.6000 0.9355 0.9355 
95.7000 0.9380 0.9380 
95.8000 0.9404 0.9404 
95.9000 0.9427 0.9427 
96.0000 0.9450 0.9450 
96.1000 0.9425 0.9425 
96.2000 0.9400 0.9400 
96.3000 0.9375 0.9375 
96.4000 0.9350 0.9350 
96.5000 0.9325 0.9325 
96.6000 0.9300 0.9300 
96.7000 0.9275 0.9275 
96.8000 0.9250 0.9250 
96.9000 0.9225 0.9225 
97.0000 0.9200 0.9200 
97.1000 0.9175 0.9175 
97.2000 0.9150 0.9150 
97.3000 0.9125 0.9125 
97.4000 0.9100 0.9100 
97.5000 0.9075 0.9075 
97.6000 0.9050 0.9050 
97.7000 0.9025 0.9025 
97.8000 0.9000 0.9000 
97.9000 0.8975 0.8975 
98.0000 0.8950 0.8950 
98.1000 0.8925 0.8925 
98.2000 0.8900 0.8900 
98.3000 0.8875 0.8875 
98.4000 0.8850 0.8850 
98.5000 0.8825 0.8825 
98.6000 0.8800 0.8800 
98.7000 0.8775 0.8775 
98.8000 0.8750 0.8750 
98.9000 0.8725 0.8725 
99.0000 0.8700 0.8700 
99.1000 0.8675 0.8675 
99.2000 0.8650 0.8650 
99.3000 0.8625 0.8625 
99.4000 0.8600 0.8600 
99.5000 0.8575 0.8575 
99.6000 0.8550 0.8550 
99.7000 0.8525 0.8525 
99.8000 0.8500 0.8500 
99.9000 0.8475 0.8475 
100.0000 0.8450 0.8450 
100.1000 0.8425 0.8425 
100.2000 0.8400 0.8400 
100.3000 0.8375 0.8375 
100.4000 0.8350 0.8350 
100.5000 0.8325 0.8325 
100.6000 0.8300 0.8300 
100.7000 0.8275 0.8275 
100.8000 0.8250 0.8250 
100.9000 0.8225 0.8225 
101.0000 0.8200 0.8200 
101.1000 0.8175 0.8175 
101.2000 0.8150 0.8150 
101.3000 0.8125 0.8125 
101.4000 0.8100 0.8100 
101.5000 0.8075 0.8075 
101.6000 0.8050 0.8050 
101.7000 0.8025 0.8025 
101.8000 0.8000 0.8000 
101.9000 0.7975 0.7975 
102.0000 0.7950 0.7950 
102.1000 0.7925 0.7925 
102.2000 0.7900 0.7900 
102.3000 0.7875 0.7875 
102.4000 0.7850 0.7850 
102.5000 0.7825 0.7825 
102.6000 0.7800 0.7800 
102.7000 0.7775 0.7775 
102.8000 0.7750 0.7750 
102.9000 0.7725 0.7725 
103.0000 0.7700 0.7700 
103.1000 0.7675 0.7675 
103.2000 0.7650 0.7650 
103.3000 0.7625 0.7625 
103.4000 0.7600 0.7600 
103.5000 0.7575 0.7575 
103.6000 0.7550 0.7550 
103.7000 0.7525 0.7525 
103.8000 0.7500 0.7500 
103.9000 0.7475 0.7475 
104.0000 0.7450 0.7450 
104.1000 0.7425 0.7425 
104.2000 0.7400 0.7400 
104.3000 0.7375 0.7375 
104.4000 0.7350 0.7350 
104.5000 0.7325 0.7325 
104.6000 0.7300 0.7300 
104.7000 0.7275 0.7275 
104.8000 0.7250 0.7250 
104.9000 0.7225 0.7225 
105.0000 0.7200 0.7200 
105.1000 0.7175 0.7175 
105.2000 0.7150 0.7150 
105.3000 0.7125 0.7125 
105.4000 0.7100 0.7100 
105.5000 0.7075 0.7075 
105.6000 0.7050 0.7050 
105.7000 0.7025 0.7025 
105.8000 0.7000 0.7000 
105.9000 0.6975 0.6975 
106.0000 0.6950 0.6950 
106.1000 0.6925 0.6925 
106.2000 0.6900 0.6900 
106.3000 0.6875 0.6875 
106.4000 0.6850 0.6850 
106.5000 0.6825 0.6825 
106.6000 0.6800 0.6800 
106.7000 0.6775 0.6775 
106.8000 0.6750 0.6750 
106.9000 0.6725 0.6725 
107.0000 0.6700 0.6700 
107.1000 0.6675 0.6675 
107.2000 0.6650 0.6650 
107.3000 0.6625 0.6625 
107.4000 0.6600 0.6600 
107.5000 0.6575 0.6575 
107.6000 0.6550 0.6550 
107.7000 0.6525 0.6525 
107.8000 0.6500 0.6500 
107.9000 0.6475 0.6475 
108.0000 0.6450 0.6450 
108.1000 0.6425 0.6425 
108.2000 0.6400 0.6400 
108.3000 0.6375 0.6375 
108.4000 0.6350 0.6350 
108.5000 0.6325 0.6325 
108.6000 0.6300 0.6300 
108.7000 0.6275 0.6275 
108.8000 0.6250 0.6250 
108.9000 0.6225 0.6225 
109.0000 0.6200 0.6200 
109.1000 0.6175 0.6175 
109.2000 0.6150 0.6150 
109.3000 0.6125 0.6125 
109.4000 0.6100 0.6100 
109.5000 0.6075 0.6075 
109.6000 0.6050 0.6050 
109.7000 0.6025 0.6025 
109.8000 0.6000 0.6000 
109.9000 0.5975 0.5975 
110.0000 0.5950 0.5950 
110.1000 0.5925 0.5925 
110.2000 0.5900 0.5900 
110.3000 0.5875 0.5875 
110.4000 0.5850 0.5850 
110.5000 0.5825 0.5825 
110.6000 0.5800 0.5800 
110.7000 0.5775 0.5775 
110.8000 0.5750 0.5750 
110.9000 0.5725 0.5725 
111.0000 0.5700 0.5700 
111.1000 0.5675 0.5675 
111.2000 0.5650 0.5650 
111.3000 0.5625 0.5625 
111.4000 0.5600 0.5600 
111.5000 0.5575 0.5575 
111.6000 0.5550 0.5550 
111.7000 0.5525 0.5525 
