0.0000 0.9975 0.9975 
0.1000 0.9950 0.9950 
0.2000 0.9925 0.9925 
0.3000 0.9900 0.9900 
0.4000 0.9875 0.9875 
0.5000 0.9850 0.9850 
0.6000 0.9825 0.9825 
0.7000 0.9800 0.9800 
0.8000 0.9775 0.9775 
0.9000 0.9750 0.9750 
1.0000 0.9725 0.9725 
1.1000 0.9700 0.9700 
1.2000 0.9675 0.9675 
1.3000 0.9650 0.9650 
1.4000 0.9625 0.9625 
1.5000 0.9600 0.9600 
1.6000 0.9575 0.9575 
1.7000 0.9550 0.9550 
1.8000 0.9525 0.9525 
1.9000 0.9500 0.9500 
2.0000 0.9475 0.9475 
2.1000 0.9450 0.9450 
2.2000 0.9425 0.9425 
2.3000 0.9400 0.9400 
2.4000 0.9375 0.9375 
2.5000 0.9350 0.9350 
2.6000 0.9325 0.9325 
2.7000 0.9300 0.9300 
2.8000 0.9275 0.9275 
2.9000 0.9250 0.9250 
3.0000 0.9225 0.9225 
3.1000 0.9200 0.9200 
3.2000 0.9175 0.9175 
3.3000 0.9150 0.9150 
3.4000 0.9125 0.9125 
3.5000 0.9100 0.9100 
3.6000 0.9075 0.9075 
3.7000 0.9050 0.9050 
3.8000 0.9025 0.9025 
3.9000 0.9000 0.9000 
4.0000 0.8975 0.8975 
4.1000 0.8950 0.8950 
4.2000 0.8925 0.8925 
4.3000 0.8900 0.8900 
4.4000 0.8875 0.8875 
4.5000 0.8850 0.8850 
4.6000 0.8825 0.8825 
4.7000 0.8800 0.8800 
4.8000 0.8775 0.8775 
4.9000 0.8750 0.8750 
5.0000 0.8725 0.8725 
5.1000 0.8700 0.8700 
5.2000 0.8675 0.8675 
5.3000 0.8650 0.8650 
5.4000 0.8625 0.8625 
5.5000 0.8600 0.8600 
5.6000 0.8575 0.8575 
5.7000 0.8550 0.8550 
5.8000 0.8525 0.8525 
5.9000 0.8500 0.8500 
6.0000 0.8475 0.8475 
6.1000 0.8450 0.8450 
6.2000 0.8425 0.8425 
6.3000 0.8400 0.8400 
6.4000 0.8375 0.8375 
6.5000 0.8350 0.8350 
6.6000 0.8325 0.8325 
6.7000 0.8300 0.8300 
6.8000 0.8275 0.8275 
6.9000 0.8250 0.8250 
7.0000 0.8225 0.8225 
7.1000 0.8200 0.8200 
7.2000 0.8175 0.8175 
7.3000 0.8150 0.8150 
7.4000 0.8125 0.8125 
7.5000 0.8100 0.8100 
7.6000 0.8075 0.8075 
7.7000 0.8050 0.8050 
7.8000 0.8025 0.8025 
7.9000 0.8000 0.8000 
8.0000 0.7975 0.7975 
8.1000 0.7950 0.7950 
8.2000 0.7925 0.7925 
8.3000 0.7900 0.7900 
8.4000 0.7875 0.7875 
8.5000 0.7850 0.7850 
8.6000 0.7825 0.7825 
8.7000 0.7800 0.7800 
8.8000 0.7775 0.7775 
8.9000 0.7750 0.7750 
9.0000 0.7725 0.7725 
9.1000 0.7700 0.7700 
9.2000 0.7675 0.7675 
9.3000 0.7650 0.7650 
9.4000 0.7625 0.7625 
9.5000 0.7600 0.7600 
9.6000 0.7575 0.7575 
9.7000 0.7550 0.7550 
9.8000 0.7525 0.7525 
9.9000 0.7500 0.7500 
10.0000 0.7475 0.7475 
10.1000 0.7450 0.7450 
10.2000 0.7425 0.7425 
10.3000 0.7400 0.7400 
10.4000 0.7375 0.7375 
10.5000 0.7350 0.7350 
10.6000 0.7325 0.7325 
10.7000 0.7300 0.7300 
10.8000 0.7275 0.7275 
10.9000 0.7250 0.7250 
11.0000 0.7225 0.7225 
11.1000 0.7200 0.7200 
11.2000 0.7175 0.7175 
11.3000 0.7150 0.7150 
11.4000 0.7125 0.7125 
11.5000 0.7100 0.7100 
11.6000 0.7075 0.7075 
11.7000 0.7050 0.7050 
11.8000 0.7025 0.7025 
11.9000 0.7000 0.7000 
12.0000 0.6975 0.6975 
12.1000 0.6950 0.6950 
12.2000 0.6925 0.6925 
12.3000 0.6900 0.6900 
12.4000 0.6875 0.6875 
12.5000 0.6850 0.6850 
12.6000 0.6825 0.6825 
12.7000 0.6800 0.6800 
12.8000 0.6775 0.6775 
12.9000 0.6750 0.6750 
13.0000 0.6725 0.6725 
13.1000 0.6700 0.6700 
13.2000 0.6675 0.6675 
13.3000 0.6650 0.6650 
13.4000 0.6625 0.6625 
13.5000 0.6600 0.6600 
13.6000 0.6575 0.6575 
13.7000 0.6550 0.6550 
13.8000 0.6525 0.6525 
13.9000 0.6500 0.6500 
14.0000 0.6475 0.6475 
14.1000 0.6450 0.6450 
14.2000 0.6425 0.6425 
14.3000 0.6400 0.6400 
14.4000 0.6375 0.6375 
14.5000 0.6350 0.6350 
14.6000 0.6325 0.6325 
14.7000 0.6300 0.6300 
14.8000 0.6275 0.6275 
14.9000 0.6250 0.6250 
15.0000 0.6225 0.6225 
15.1000 0.6200 0.6200 
15.2000 0.6175 0.6175 
15.3000 0.6150 0.6150 
15.4000 0.6125 0.6125 
15.5000 0.6100 0.6100 
15.6000 0.6075 0.6075 
15.7000 0.6050 0.6050 
15.8000 0.6025 0.6025 
15.9000 0.6000 0.6000 
16.0000 0.5975 0.5975 
16.1000 0.5950 0.5950 
16.2000 0.5925 0.5925 
16.3000 0.5900 0.5900 
16.4000 0.5875 0.5875 
16.5000 0.5850 0.5850 
16.6000 0.5825 0.5825 
16.7000 0.5800 0.5800 
16.8000 0.5775 0.5775 
16.9000 0.5750 0.5750 
17.0000 0.5725 0.5725 
17.1000 0.5700 0.5700 
17.2000 0.5675 0.5675 
17.3000 0.5650 0.5650 
17.4000 0.5625 0.5625 
17.5000 0.5600 0.5600 
17.6000 0.5575 0.5575 
17.7000 0.5550 0.5550 
17.8000 0.5525 0.5525 
17.9000 0.5500 0.5500 
18.0000 0.5475 0.5475 
18.1000 0.5450 0.5450 
18.2000 0.5425 0.5425 
18.3000 0.5400 0.5400 
18.4000 0.5375 0.5375 
18.5000 0.5350 0.5350 
18.6000 0.5325 0.5325 
18.7000 0.5300 0.5300 
18.8000 0.5275 0.5275 
18.9000 0.5250 0.5250 
19.0000 0.5225 0.5225 
19.1000 0.5200 0.5200 
19.2000 0.5175 0.5175 
19.3000 0.5150 0.5150 
19.4000 0.5125 0.5125 
19.5000 0.5100 0.5100 
19.6000 0.5075 0.5075 
19.7000 0.5050 0.5050 
19.8000 0.5025 0.5025 
19.9000 0.5000 0.5000 
20.0000 0.4975 0.4975 
20.1000 0.4950 0.4950 
20.2000 0.4925 0.4925 
20.3000 0.4900 0.4900 
20.4000 0.4875 0.4875 
20.5000 0.4850 0.4850 
20.6000 0.4825 0.4825 
20.7000 0.4800 0.4800 
20.8000 0.4775 0.4775 
20.9000 0.4750 0.4750 
21.0000 0.4725 0.4725 
21.1000 0.4700 0.4700 
21.2000 0.4675 0.4675 
21.3000 0.4650 0.4650 
21.4000 0.4625 0.4625 
21.5000 0.4600 0.4600 
21.6000 0.4575 0.4575 
21.7000 0.4550 0.4550 
21.8000 0.4525 0.4525 
21.9000 0.4500 0.4500 
22.0000 0.4475 0.4475 
22.1000 0.4450 0.4450 
22.2000 0.4425 0.4425 
22.3000 0.4400 0.4400 
22.4000 0.4375 0.4375 
22.5000 0.4350 0.4350 
22.6000 0.4325 0.4325 
22.7000 0.4300 0.4300 
22.8000 0.4275 0.4275 
22.9000 0.4250 0.4250 
23.0000 0.4225 0.4225 
23.1000 0.4200 0.4200 
23.2000 0.4175 0.4175 
23.3000 0.4150 0.4150 
23.4000 0.4125 0.4125 
23.5000 0.4100 0.4100 
23.6000 0.4075 0.4075 
23.7000 0.4050 0.4050 
23.8000 0.4025 0.4025 
23.9000 0.4000 0.4000 
24.0000 0.3975 0.3975 
24.1000 0.3950 0.3950 
24.2000 0.3925 0.3925 
24.3000 0.3900 0.3900 
24.4000 0.3875 0.3875 
24.5000 0.3850 0.3850 
24.6000 0.3825 0.3825 
24.7000 0.3800 0.3800 
24.8000 0.3775 0.3775 
24.9000 0.3750 0.3750 
25.0000 0.3725 0.3725 
25.1000 0.3700 0.3700 
25.2000 0.3675 0.3675 
25.3000 0.3650 0.3650 
25.4000 0.3625 0.3625 
25.5000 0.3600 0.3600 
25.6000 0.3575 0.3575 
25.7000 0.3550 0.3550 
25.8000 0.3525 0.3525 
25.9000 0.3500 0.3500 
26.0000 0.3475 0.3475 
26.1000 0.3450 0.3450 
26.2000 0.3425 0.3425 
26.3000 0.3400 0.3400 
26.4000 0.3375 0.3375 
26.5000 0.3350 0.3350 
26.6000 0.3325 0.3325 
26.7000 0.3300 0.3300 
26.8000 0.3275 0.3275 
26.9000 0.3250 0.3250 
27.0000 0.3225 0.3225 
27.1000 0.3200 0.3200 
27.2000 0.3175 0.3175 
27.3000 0.3150 0.3150 
27.4000 0.3125 0.3125 
27.5000 0.3100 0.3100 
27.6000 0.3075 0.3075 
27.7000 0.3050 0.3050 
27.8000 0.3025 0.3025 
27.9000 0.3000 0.3000 
28.0000 0.2975 0.2975 
28.1000 0.2950 0.2950 
28.2000 0.2925 0.2925 
28.3000 0.2900 0.2900 
28.4000 0.2875 0.2875 
28.5000 0.2850 0.2850 
28.6000 0.2825 0.2825 
28.7000 0.2800 0.2800 
28.8000 0.2775 0.2775 
28.9000 0.2750 0.2750 
29.0000 0.2725 0.2725 
29.1000 0.2700 0.2700 
29.2000 0.2675 0.2675 
29.3000 0.2650 0.2650 
29.4000 0.2625 0.2625 
29.5000 0.2600 0.2600 
29.6000 0.2575 0.2575 
29.7000 0.2550 0.2550 
29.8000 0.2525 0.2525 
29.9000 0.2500 0.2500 
30.0000 0.2475 0.2475 
30.1000 0.2450 0.2450 
30.2000 0.2425 0.2425 
30.3000 0.2400 0.2400 
30.4000 0.2375 0.2375 
30.5000 0.2350 0.2350 
30.6000 0.2325 0.2325 
30.7000 0.2300 0.2300 
30.8000 0.2275 0.2275 
30.9000 0.2250 0.2250 
31.0000 0.2225 0.2225 
31.1000 0.2200 0.2200 
31.2000 0.2175 0.2175 
31.3000 0.2150 0.2150 
31.4000 0.2125 0.2125 
31.5000 0.2100 0.2100 
31.6000 0.2075 0.2075 
31.7000 0.2050 0.2050 
31.8000 0.2025 0.2025 
31.9000 0.2000 0.2000 
32.0000 0.1975 0.1975 
32.1000 0.1950 0.1950 
32.2000 0.1925 0.1925 
32.3000 0.1900 0.1900 
32.4000 0.1875 0.1875 
32.5000 0.1850 0.1850 
32.6000 0.1825 0.1825 
32.7000 0.1800 0.1800 
32.8000 0.1775 0.1775 
32.9000 0.1750 0.1750 
33.0000 0.1725 0.1725 
33.1000 0.1700 0.1700 
33.2000 0.1675 0.1675 
33.3000 0.1650 0.1650 
33.4000 0.1625 0.1625 
33.5000 0.1600 0.1600 
33.6000 0.1575 0.1575 
33.7000 0.1550 0.1550 
33.8000 0.1525 0.1525 
33.9000 0.1500 0.1500 
34.0000 0.1475 0.1475 
34.1000 0.1450 0.1450 
34.2000 0.1425 0.1425 
34.3000 0.1400 0.1400 
34.4000 0.1375 0.1375 
34.5000 0.1350 0.1350 
34.6000 0.1325 0.1325 
34.7000 0.1300 0.1300 
34.8000 0.1275 0.1275 
34.9000 0.1250 0.1250 
35.0000 0.1225 0.1225 
35.1000 0.1200 0.1200 
35.2000 0.1175 0.1175 
35.3000 0.1150 0.1150 
35.4000 0.1125 0.1125 
35.5000 0.1100 0.1100 
35.6000 0.1075 0.1075 
35.7000 0.1050 0.1050 
35.8000 0.1025 0.1025 
35.9000 0.1000 0.1000 
36.0000 0.0975 0.0975 
36.1000 0.0950 0.0950 
36.2000 0.0925 0.0925 
36.3000 0.0900 0.0900 
36.4000 0.0875 0.0875 
36.5000 0.0850 0.0850 
36.6000 0.0825 0.0825 
36.7000 0.0800 0.0800 
36.8000 0.0775 0.0775 
36.9000 0.0750 0.0750 
37.0000 0.0725 0.0725 
37.1000 0.0700 0.0700 
37.2000 0.0675 0.0675 
37.3000 0.0650 0.0650 
37.4000 0.0625 0.0625 
37.5000 0.0600 0.0600 
37.6000 0.0575 0.0575 
37.7000 0.0550 0.0550 
37.8000 0.0525 0.0525 
37.9000 0.0500 0.0500 
38.0000 0.0475 0.0475 
38.1000 0.0450 0.0450 
38.2000 0.0425 0.0425 
38.3000 0.0400 0.0400 
38.4000 0.0375 0.0375 
38.5000 0.0350 0.0350 
38.6000 0.0325 0.0325 
38.7000 0.0300 0.0300 
38.8000 0.0275 0.0275 
38.9000 0.0250 0.0250 
39.0000 0.0225 0.0225 
39.1000 0.0200 0.0200 
39.2000 0.0175 0.0175 
39.3000 0.0150 0.0150 
39.4000 0.0125 0.0125 
39.5000 0.0100 0.0100 
39.6000 0.0075 0.0075 
39.7000 0.0050 0.0050 
39.8000 0.0025 0.0025 
39.9000 0.0000 0.0000 
40.0000 0.0000 0.0000 
40.1000 0.0000 0.0000 
40.2000 0.0000 0.0000 
40.3000 0.0000 0.0000 
40.4000 0.0000 0.0000 
40.5000 0.0000 0.0000 
40.6000 0.0000 0.0000 
40.7000 0.0000 0.0000 
40.8000 0.0000 0.0000 
40.9000 0.0000 0.0000 
41.0000 0.0000 0.0000 
41.1000 0.0000 0.0000 
41.2000 0.0000 0.0000 
41.3000 0.0000 0.0000 
41.4000 0.0000 0.0000 
41.5000 0.0000 0.0000 
41.6000 0.0000 0.0000 
41.7000 0.0000 0.0000 
41.8000 0.0000 0.0000 
41.9000 0.0000 0.0000 
42.0000 0.0000 0.0000 
42.1000 0.0000 0.0000 
42.2000 0.0000 0.0000 
42.3000 0.0000 0.0000 
42.4000 0.0000 0.0000 
42.5000 0.0000 0.0000 
42.6000 0.0000 0.0000 
42.7000 0.0000 0.0000 
42.8000 0.0000 0.0000 
42.9000 0.0000 0.0000 
43.0000 0.0000 0.0000 
43.1000 0.0000 0.0000 
43.2000 0.0000 0.0000 
43.3000 0.0000 0.0000 
43.4000 0.0000 0.0000 
43.5000 0.0000 0.0000 
43.6000 0.0000 0.0000 
43.7000 0.0000 0.0000 
43.8000 0.0000 0.0000 
43.9000 0.0000 0.0000 
44.0000 0.0000 0.0000 
44.1000 0.0000 0.0000 
44.2000 0.0000 0.0000 
44.3000 0.0000 0.0000 
44.4000 0.0000 0.0000 
44.5000 0.0000 0.0000 
44.6000 0.0000 0.0000 
44.7000 0.0000 0.0000 
44.8000 0.0000 0.0000 
44.9000 0.0000 0.0000 
45.0000 0.0000 0.0000 
45.1000 0.0000 0.0000 
45.2000 0.0000 0.0000 
45.3000 0.0000 0.0000 
45.4000 0.0000 0.0000 
45.5000 0.0000 0.0000 
45.6000 0.0000 0.0000 
45.7000 0.0000 0.0000 
45.8000 0.0000 0.0000 
45.9000 0.0000 0.0000 
46.0000 0.0000 0.0000 
46.1000 0.0000 0.0000 
46.2000 0.0000 0.0000 
46.3000 0.0000 0.0000 
46.4000 0.0000 0.0000 
46.5000 0.0000 0.0000 
46.6000 0.0000 0.0000 
46.7000 0.0000 0.0000 
46.8000 0.0000 0.0000 
46.9000 0.0000 0.0000 
47.0000 0.0000 0.0000 
47.1000 0.0000 0.0000 
47.2000 0.0000 0.0000 
47.3000 0.0000 0.0000 
47.4000 0.0000 0.0000 
47.5000 0.0000 0.0000 
47.6000 0.0000 0.0000 
47.7000 0.0000 0.0000 
47.8000 0.0000 0.0000 
47.9000 0.0000 0.0000 
48.0000 0.0000 0.0000 
48.1000 0.0000 0.0000 
48.2000 0.0000 0.0000 
48.3000 0.0000 0.0000 
48.4000 0.0000 0.0000 
48.5000 0.0000 0.0000 
48.6000 0.0000 0.0000 
48.7000 0.0000 0.0000 
48.8000 0.0000 0.0000 
48.9000 0.0000 0.0000 
49.0000 0.0000 0.0000 
49.1000 0.0000 0.0000 
49.2000 0.0000 0.0000 
49.3000 0.0000 0.0000 
49.4000 0.0000 0.0000 
49.5000 0.0000 0.0000 
49.6000 0.0000 0.0000 
49.7000 0.0000 0.0000 
49.8000 0.0000 0.0000 
49.9000 0.0000 0.0000 
50.0000 0.0000 0.0000 
50.1000 0.0000 0.0000 
50.2000 0.0000 0.0000 
50.3000 0.0000 0.0000 
50.4000 0.0000 0.0000 
50.5000 0.0000 0.0000 
50.6000 0.0000 0.0000 
50.7000 0.0000 0.0000 
50.8000 0.0000 0.0000 
50.9000 0.0000 0.0000 
51.0000 0.0000 0.0000 
51.1000 0.0000 0.0000 
51.2000 0.0000 0.0000 
51.3000 0.0000 0.0000 
51.4000 0.0000 0.0000 
51.5000 0.0000 0.0000 
51.6000 0.0000 0.0000 
51.7000 0.0000 0.0000 
51.8000 0.0000 0.0000 
51.9000 0.0000 0.0000 
52.0000 0.0000 0.0000 
52.1000 0.0000 0.0000 
52.2000 0.0000 0.0000 
52.3000 0.0000 0.0000 
52.4000 0.0000 0.0000 
52.5000 0.0000 0.0000 
52.6000 0.0000 0.0000 
52.7000 0.0000 0.0000 
52.8000 0.0000 0.0000 
52.9000 0.0000 0.0000 
53.0000 0.0000 0.0000 
53.1000 0.0000 0.0000 
53.2000 0.0000 0.0000 
53.3000 0.0000 0.0000 
53.4000 0.0000 0.0000 
53.5000 0.0000 0.0000 
53.6000 0.0000 0.0000 
53.7000 0.0000 0.0000 
53.8000 0.0000 0.0000 
53.9000 0.0000 0.0000 
54.0000 0.0000 0.0000 
54.1000 0.0000 0.0000 
54.2000 0.0000 0.0000 
54.3000 0.0000 0.0000 
54.4000 0.0000 0.0000 
54.5000 0.0000 0.0000 
54.6000 0.0000 0.0000 
54.7000 0.0000 0.0000 
54.8000 0.0000 0.0000 
54.9000 0.0000 0.0000 
55.0000 0.0000 0.0000 
55.1000 0.0000 0.0000 
55.2000 0.0000 0.0000 
55.3000 0.0000 0.0000 
55.4000 0.0000 0.0000 
55.5000 0.0000 0.0000 
55.6000 0.0000 0.0000 
55.7000 0.0000 0.0000 
55.8000 0.0000 0.0000 
55.9000 0.0000 0.0000 
56.0000 0.0000 0.0000 
56.1000 0.0000 0.0000 
56.2000 0.0000 0.0000 
56.3000 0.0000 0.0000 
56.4000 0.0000 0.0000 
56.5000 0.0000 0.0000 
56.6000 0.0000 0.0000 
56.7000 0.0000 0.0000 
56.8000 0.0000 0.0000 
56.9000 0.0000 0.0000 
57.0000 0.0000 0.0000 
57.1000 0.0000 0.0000 
57.2000 0.0000 0.0000 
57.3000 0.0000 0.0000 
57.4000 0.0000 0.0000 
57.5000 0.0000 0.0000 
57.6000 0.0000 0.0000 
57.7000 0.0000 0.0000 
57.8000 0.0000 0.0000 
57.9000 0.0000 0.0000 
58.0000 0.0000 0.0000 
58.1000 0.0000 0.0000 
58.2000 0.0000 0.0000 
58.3000 0.0000 0.0000 
58.4000 0.0000 0.0000 
58.5000 0.0000 0.0000 
58.6000 0.0000 0.0000 
58.7000 0.0000 0.0000 
58.8000 0.0000 0.0000 
58.9000 0.0000 0.0000 
59.0000 0.0000 0.0000 
59.1000 0.0000 0.0000 
59.2000 0.0000 0.0000 
59.3000 0.0000 0.0000 
59.4000 0.0000 0.0000 
59.5000 0.0000 0.0000 
59.6000 0.0000 0.0000 
59.7000 0.0000 0.0000 
59.8000 0.0000 0.0000 
59.9000 0.0000 0.0000 
60.0000 0.0000 0.0000 
60.1000 0.0000 0.0000 
60.2000 0.0000 0.0000 
60.3000 0.0000 0.0000 
60.4000 0.0000 0.0000 
60.5000 0.0000 0.0000 
60.6000 0.0000 0.0000 
60.7000 0.0000 0.0000 
60.8000 0.0000 0.0000 
60.9000 0.0000 0.0000 
61.0000 0.0000 0.0000 
61.1000 0.0000 0.0000 
61.2000 0.0000 0.0000 
61.3000 0.0000 0.0000 
61.4000 0.0000 0.0000 
61.5000 0.0000 0.0000 
61.6000 0.0000 0.0000 
61.7000 0.0000 0.0000 
61.8000 0.0000 0.0000 
61.9000 0.0000 0.0000 
62.0000 0.0000 0.0000 
62.1000 0.0000 0.0000 
62.2000 0.0000 0.0000 
62.3000 0.0000 0.0000 
62.4000 0.0000 0.0000 
62.5000 0.0000 0.0000 
62.6000 0.0000 0.0000 
62.7000 0.0000 0.0000 
62.8000 0.0000 0.0000 
62.9000 0.0000 0.0000 
63.0000 0.0000 0.0000 
63.1000 0.0000 0.0000 
63.2000 0.0000 0.0000 
63.3000 0.0000 0.0000 
63.4000 0.0000 0.0000 
63.5000 0.0000 0.0000 
63.6000 0.0000 0.0000 
63.7000 0.0200 0.0200 
63.8000 0.0400 0.0400 
63.9000 0.0600 0.0600 
64.0000 0.0799 0.0799 
64.1000 0.0998 0.0998 
64.2000 0.1196 0.1196 
64.3000 0.1393 0.1393 
64.4000 0.1589 0.1589 
64.5000 0.1784 0.1784 
64.6000 0.1977 0.1977 
64.7000 0.2170 0.2170 
64.8000 0.2360 0.2360 
64.9000 0.2549 0.2549 
65.0000 0.2736 0.2736 
65.1000 0.2921 0.2921 
65.2000 0.3104 0.3104 
65.3000 0.3285 0.3285 
65.4000 0.3463 0.3463 
65.5000 0.3639 0.3639 
65.6000 0.3813 0.3813 
65.7000 0.3984 0.3984 
65.8000 0.4152 0.4152 
65.9000 0.4317 0.4317 
66.0000 0.4480 0.4480 
66.1000 0.4640 0.4640 
66.2000 0.4797 0.4797 
66.3000 0.4951 0.4951 
66.4000 0.5102 0.5102 
66.5000 0.5250 0.5250 
66.6000 0.5395 0.5395 
66.7000 0.5537 0.5537 
66.8000 0.5675 0.5675 
66.9000 0.5811 0.5811 
67.0000 0.5943 0.5943 
67.1000 0.6073 0.6073 
67.2000 0.6199 0.6199 
67.3000 0.6322 0.6322 
67.4000 0.6442 0.6442 
67.5000 0.6559 0.6559 
67.6000 0.6673 0.6673 
67.7000 0.6784 0.6784 
67.8000 0.6892 0.6892 
67.9000 0.6997 0.6997 
68.0000 0.7099 0.7099 
68.1000 0.7198 0.7198 
68.2000 0.7295 0.7295 
68.3000 0.7388 0.7388 
68.4000 0.7479 0.7479 
68.5000 0.7567 0.7567 
68.6000 0.7653 0.7653 
68.7000 0.7735 0.7735 
68.8000 0.7816 0.7816 
68.9000 0.7894 0.7894 
69.0000 0.7969 0.7969 
69.1000 0.8042 0.8042 
69.2000 0.8113 0.8113 
69.3000 0.8181 0.8181 
69.4000 0.8247 0.8247 
69.5000 0.8311 0.8311 
69.6000 0.8373 0.8373 
69.7000 0.8433 0.8433 
69.8000 0.8491 0.8491 
69.9000 0.8546 0.8546 
70.0000 0.8600 0.8600 
70.1000 0.8652 0.8652 
70.2000 0.8703 0.8703 
70.3000 0.8751 0.8751 
70.4000 0.8798 0.8798 
70.5000 0.8843 0.8843 
70.6000 0.8887 0.8887 
70.7000 0.8929 0.8929 
70.8000 0.8969 0.8969 
70.9000 0.9008 0.9008 
71.0000 0.9046 0.9046 
71.1000 0.9083 0.9083 
71.2000 0.9118 0.9118 
71.3000 0.9151 0.9151 
71.4000 0.9184 0.9184 
71.5000 0.9215 0.9215 
71.6000 0.9245 0.9245 
71.7000 0.9274 0.9274 
71.8000 0.9302 0.9302 
71.9000 0.9329 0.9329 
72.0000 0.9304 0.9304 
72.1000 0.9279 0.9279 
72.2000 0.9254 0.9254 
72.3000 0.9229 0.9229 
72.4000 0.9204 0.9204 
72.5000 0.9179 0.9179 
72.6000 0.9154 0.9154 
72.7000 0.9129 0.9129 
72.8000 0.9104 0.9104 
72.9000 0.9079 0.9079 
73.0000 0.9054 0.9054 
73.1000 0.9029 0.9029 
73.2000 0.9004 0.9004 
73.3000 0.8979 0.8979 
73.4000 0.8954 0.8954 
73.5000 0.8929 0.8929 
73.6000 0.8904 0.8904 
73.7000 0.8879 0.8879 
73.8000 0.8854 0.8854 
73.9000 0.8829 0.8829 
74.0000 0.8804 0.8804 
74.1000 0.8779 0.8779 
74.2000 0.8754 0.8754 
74.3000 0.8729 0.8729 
74.4000 0.8704 0.8704 
74.5000 0.8679 0.8679 
74.6000 0.8654 0.8654 
74.7000 0.8629 0.8629 
74.8000 0.8604 0.8604 
74.9000 0.8579 0.8579 
75.0000 0.8554 0.8554 
75.1000 0.8529 0.8529 
75.2000 0.8504 0.8504 
75.3000 0.8479 0.8479 
75.4000 0.8454 0.8454 
75.5000 0.8429 0.8429 
75.6000 0.8404 0.8404 
75.7000 0.8379 0.8379 
75.8000 0.8354 0.8354 
75.9000 0.8329 0.8329 
76.0000 0.8304 0.8304 
76.1000 0.8279 0.8279 
76.2000 0.8254 0.8254 
76.3000 0.8229 0.8229 
76.4000 0.8204 0.8204 
76.5000 0.8179 0.8179 
76.6000 0.8154 0.8154 
76.7000 0.8129 0.8129 
76.8000 0.8104 0.8104 
76.9000 0.8079 0.8079 
77.0000 0.8054 0.8054 
77.1000 0.8029 0.8029 
77.2000 0.8004 0.8004 
77.3000 0.7979 0.7979 
77.4000 0.7954 0.7954 
77.5000 0.7929 0.7929 
77.6000 0.7904 0.7904 
77.7000 0.7879 0.7879 
77.8000 0.7854 0.7854 
77.9000 0.7829 0.7829 
78.0000 0.7804 0.7804 
78.1000 0.7779 0.7779 
78.2000 0.7754 0.7754 
78.3000 0.7729 0.7729 
78.4000 0.7704 0.7704 
78.5000 0.7679 0.7679 
78.6000 0.7654 0.7654 
78.7000 0.7629 0.7629 
78.8000 0.7604 0.7604 
78.9000 0.7579 0.7579 
79.0000 0.7554 0.7554 
79.1000 0.7529 0.7529 
79.2000 0.7504 0.7504 
79.3000 0.7479 0.7479 
79.4000 0.7454 0.7454 
79.5000 0.7429 0.7429 
79.6000 0.7404 0.7404 
79.7000 0.7379 0.7379 
79.8000 0.7354 0.7354 
79.9000 0.7329 0.7329 
80.0000 0.7304 0.7304 
80.1000 0.7279 0.7279 
80.2000 0.7254 0.7254 
80.3000 0.7229 0.7229 
80.4000 0.7204 0.7204 
80.5000 0.7179 0.7179 
80.6000 0.7154 0.7154 
80.7000 0.7129 0.7129 
80.8000 0.7104 0.7104 
80.9000 0.7079 0.7079 
81.0000 0.7054 0.7054 
81.1000 0.7029 0.7029 
81.2000 0.7004 0.7004 
81.3000 0.6979 0.6979 
81.4000 0.6954 0.6954 
81.5000 0.6929 0.6929 
81.6000 0.6904 0.6904 
81.7000 0.6879 0.6879 
81.8000 0.6854 0.6854 
81.9000 0.6829 0.6829 
82.0000 0.6804 0.6804 
82.1000 0.6779 0.6779 
82.2000 0.6754 0.6754 
82.3000 0.6729 0.6729 
82.4000 0.6704 0.6704 
82.5000 0.6679 0.6679 
82.6000 0.6654 0.6654 
82.7000 0.6629 0.6629 
82.8000 0.6604 0.6604 
82.9000 0.6579 0.6579 
83.0000 0.6554 0.6554 
83.1000 0.6529 0.6529 
83.2000 0.6504 0.6504 
83.3000 0.6479 0.6479 
83.4000 0.6454 0.6454 
83.5000 0.6429 0.6429 
83.6000 0.6404 0.6404 
83.7000 0.6379 0.6379 
83.8000 0.6354 0.6354 
83.9000 0.6329 0.6329 
84.0000 0.6304 0.6304 
84.1000 0.6279 0.6279 
84.2000 0.6254 0.6254 
84.3000 0.6229 0.6229 
84.4000 0.6204 0.6204 
84.5000 0.6179 0.6179 
84.6000 0.6154 0.6154 
84.7000 0.6129 0.6129 
84.8000 0.6104 0.6104 
84.9000 0.6079 0.6079 
85.0000 0.6054 0.6054 
85.1000 0.6029 0.6029 
85.2000 0.6004 0.6004 
85.3000 0.5979 0.5979 
85.4000 0.5954 0.5954 
85.5000 0.5929 0.5929 
85.6000 0.5904 0.5904 
85.7000 0.5879 0.5879 
85.8000 0.5854 0.5854 
85.9000 0.5829 0.5829 
86.0000 0.5804 0.5804 
86.1000 0.5779 0.5779 
86.2000 0.5754 0.5754 
86.3000 0.5729 0.5729 
86.4000 0.5704 0.5704 
86.5000 0.5679 0.5679 
86.6000 0.5654 0.5654 
86.7000 0.5629 0.5629 
86.8000 0.5604 0.5604 
86.9000 0.5579 0.5579 
87.0000 0.5554 0.5554 
87.1000 0.5529 0.5529 
87.2000 0.5504 0.5504 
87.3000 0.5479 0.5479 
87.4000 0.5454 0.5454 
87.5000 0.5429 0.5429 
87.6000 0.5404 0.5404 
87.7000 0.5379 0.5379 
87.8000 0.5354 0.5354 
87.9000 0.5329 0.5329 
88.0000 0.5304 0.5304 
88.1000 0.5279 0.5279 
88.2000 0.5254 0.5254 
88.3000 0.5229 0.5229 
88.4000 0.5204 0.5204 
88.5000 0.5179 0.5179 
88.6000 0.5154 0.5154 
88.7000 0.5129 0.5129 
88.8000 0.5104 0.5104 
88.9000 0.5079 0.5079 
89.0000 0.5054 0.5054 
89.1000 0.5029 0.5029 
89.2000 0.5004 0.5004 
89.3000 0.4979 0.4979 
89.4000 0.4954 0.4954 
89.5000 0.4929 0.4929 
89.6000 0.4904 0.4904 
89.7000 0.4879 0.4879 
89.8000 0.4854 0.4854 
89.9000 0.4829 0.4829 
90.0000 0.4804 0.4804 
90.1000 0.4779 0.4779 
90.2000 0.4754 0.4754 
90.3000 0.4729 0.4729 
90.4000 0.4704 0.4704 
90.5000 0.4679 0.4679 
90.6000 0.4654 0.4654 
90.7000 0.4629 0.4629 
90.8000 0.4604 0.4604 
90.9000 0.4579 0.4579 
91.0000 0.4554 0.4554 
91.1000 0.4529 0.4529 
91.2000 0.4504 0.4504 
91.3000 0.4479 0.4479 
91.4000 0.4454 0.4454 
91.5000 0.4429 0.4429 
91.6000 0.4404 0.4404 
91.7000 0.4379 0.4379 
91.8000 0.4354 0.4354 
91.9000 0.4329 0.4329 
92.0000 0.4304 0.4304 
92.1000 0.4279 0.4279 
92.2000 0.4254 0.4254 
92.3000 0.4229 0.4229 
92.4000 0.4204 0.4204 
92.5000 0.4179 0.4179 
92.6000 0.4154 0.4154 
92.7000 0.4129 0.4129 
92.8000 0.4104 0.4104 
92.9000 0.4079 0.4079 
93.0000 0.4054 0.4054 
93.1000 0.4029 0.4029 
93.2000 0.4004 0.4004 
93.3000 0.3979 0.3979 
93.4000 0.3954 0.3954 
93.5000 0.3929 0.3929 
93.6000 0.3904 0.3904 
93.7000 0.3879 0.3879 
93.8000 0.3854 0.3854 
93.9000 0.3829 0.3829 
94.0000 0.3804 0.3804 
94.1000 0.3779 0.3779 
94.2000 0.3754 0.3754 
94.3000 0.3729 0.3729 
94.4000 0.3704 0.3704 
94.5000 0.3679 0.3679 
94.6000 0.3654 0.3654 
94.7000 0.3629 0.3629 
94.8000 0.3604 0.3604 
94.9000 0.3579 0.3579 
95.0000 0.3554 0.3554 
95.1000 0.3529 0.3529 
95.2000 0.3504 0.3504 
95.3000 0.3479 0.3479 
95.4000 0.3454 0.3454 
95.5000 0.3429 0.3429 
95.6000 0.3404 0.3404 
95.7000 0.3379 0.3379 
95.8000 0.3354 0.3354 
95.9000 0.3329 0.3329 
96.0000 0.3304 0.3304 
96.1000 0.3279 0.3279 
96.2000 0.3254 0.3254 
96.3000 0.3229 0.3229 
96.4000 0.3204 0.3204 
96.5000 0.3179 0.3179 
96.6000 0.3154 0.3154 
96.7000 0.3129 0.3129 
96.8000 0.3104 0.3104 
96.9000 0.3079 0.3079 
97.0000 0.3054 0.3054 
97.1000 0.3029 0.3029 
97.2000 0.3004 0.3004 
97.3000 0.2979 0.2979 
97.4000 0.2954 0.2954 
97.5000 0.2929 0.2929 
97.6000 0.2904 0.2904 
97.7000 0.2879 0.2879 
97.8000 0.2854 0.2854 
97.9000 0.2829 0.2829 
98.0000 0.2804 0.2804 
98.1000 0.2779 0.2779 
98.2000 0.2754 0.2754 
98.3000 0.2729 0.2729 
98.4000 0.2704 0.2704 
98.5000 0.2679 0.2679 
98.6000 0.2654 0.2654 
98.7000 0.2629 0.2629 
98.8000 0.2604 0.2604 
98.9000 0.2579 0.2579 
99.0000 0.2554 0.2554 
99.1000 0.2529 0.2529 
99.2000 0.2504 0.2504 
99.3000 0.2479 0.2479 
99.4000 0.2454 0.2454 
99.5000 0.2429 0.2429 
99.6000 0.2404 0.2404 
99.7000 0.2379 0.2379 
99.8000 0.2354 0.2354 
99.9000 0.2329 0.2329 
100.0000 0.2304 0.2304 
100.1000 0.2279 0.2279 
100.2000 0.2254 0.2254 
100.3000 0.2229 0.2229 
100.4000 0.2204 0.2204 
100.5000 0.2179 0.2179 
100.6000 0.2154 0.2154 
100.7000 0.2129 0.2129 
100.8000 0.2104 0.2104 
100.9000 0.2079 0.2079 
101.0000 0.2054 0.2054 
101.1000 0.2029 0.2029 
101.2000 0.2004 0.2004 
101.3000 0.1979 0.1979 
101.4000 0.1954 0.1954 
101.5000 0.1929 0.1929 
101.6000 0.1904 0.1904 
101.7000 0.1879 0.1879 
101.8000 0.1854 0.1854 
101.9000 0.1829 0.1829 
102.0000 0.1804 0.1804 
102.1000 0.1779 0.1779 
102.2000 0.1754 0.1754 
102.3000 0.1729 0.1729 
102.4000 0.1704 0.1704 
102.5000 0.1679 0.1679 
102.6000 0.1654 0.1654 
102.7000 0.1629 0.1629 
102.8000 0.1604 0.1604 
102.9000 0.1579 0.1579 
103.0000 0.1554 0.1554 
103.1000 0.1529 0.1529 
103.2000 0.1504 0.1504 
103.3000 0.1479 0.1479 
103.4000 0.1454 0.1454 
103.5000 0.1429 0.1429 
103.6000 0.1404 0.1404 
103.7000 0.1379 0.1379 
103.8000 0.1354 0.1354 
103.9000 0.1329 0.1329 
104.0000 0.1304 0.1304 
104.1000 0.1279 0.1279 
104.2000 0.1254 0.1254 
104.3000 0.1229 0.1229 
104.4000 0.1204 0.1204 
104.5000 0.1179 0.1179 
104.6000 0.1154 0.1154 
104.7000 0.1129 0.1129 
104.8000 0.1104 0.1104 
104.9000 0.1079 0.1079 
105.0000 0.1054 0.1054 
105.1000 0.1029 0.1029 
105.2000 0.1004 0.1004 
105.3000 0.0979 0.0979 
105.4000 0.0954 0.0954 
105.5000 0.0929 0.0929 
105.6000 0.0904 0.0904 
105.7000 0.0879 0.0879 
105.8000 0.0854 0.0854 
105.9000 0.0829 0.0829 
106.0000 0.0804 0.0804 
106.1000 0.0779 0.0779 
106.2000 0.0754 0.0754 
106.3000 0.0729 0.0729 
106.4000 0.0704 0.0704 
106.5000 0.0679 0.0679 
106.6000 0.0654 0.0654 
106.7000 0.0629 0.0629 
106.8000 0.0604 0.0604 
106.9000 0.0579 0.0579 
107.0000 0.0554 0.0554 
107.1000 0.0529 0.0529 
107.2000 0.0504 0.0504 
107.3000 0.0479 0.0479 
107.4000 0.0454 0.0454 
107.5000 0.0429 0.0429 
107.6000 0.0404 0.0404 
107.7000 0.0379 0.0379 
107.8000 0.0354 0.0354 
107.9000 0.0329 0.0329 
108.0000 0.0304 0.0304 
108.1000 0.0279 0.0279 
108.2000 0.0254 0.0254 
108.3000 0.0229 0.0229 
108.4000 0.0204 0.0204 
108.5000 0.0179 0.0179 
108.6000 0.0154 0.0154 
108.7000 0.0129 0.0129 
108.8000 0.0104 0.0104 
108.9000 0.0079 0.0079 
109.0000 0.0054 0.0054 
109.1000 0.0029 0.0029 
109.2000 0.0004 0.0004 
109.3000 0.0000 0.0000 
109.4000 0.0000 0.0000 
109.5000 0.0000 0.0000 
109.6000 0.0000 0.0000 
109.7000 0.0000 0.0000 
109.8000 0.0000 0.0000 
109.9000 0.0000 0.0000 
110.0000 0.0000 0.0000 
110.1000 0.0000 0.0000 
110.2000 0.0000 0.0000 
110.3000 0.0000 0.0000 
110.4000 0.0000 0.0000 
110.5000 0.0000 0.0000 
110.6000 0.0000 0.0000 
110.7000 0.0000 0.0000 
110.8000 0.0000 0.0000 
110.9000 0.0000 0.0000 
111.0000 0.0000 0.0000 
111.1000 0.0000 0.0000 
111.2000 0.0000 0.0000 
111.3000 0.0000 0.0000 
111.4000 0.0000 0.0000 
111.5000 0.0000 0.0000 
111.6000 0.0000 0.0000 
111.7000 0.0000 0.0000 
111.8000 0.0000 0.0000 
111.9000 0.0000 0.0000 
112.0000 0.0000 0.0000 
112.1000 0.0000 0.0000 
112.2000 0.0000 0.0000 
112.3000 0.0000 0.0000 
112.4000 0.0000 0.0000 
112.5000 0.0000 0.0000 
112.6000 0.0000 0.0000 
112.7000 0.0000 0.0000 
112.8000 0.0000 0.0000 
112.9000 0.0000 0.0000 
113.0000 0.0000 0.0000 
113.1000 0.0000 0.0000 
113.2000 0.0000 0.0000 
113.3000 0.0000 0.0000 
113.4000 0.0000 0.0000 
113.5000 0.0000 0.0000 
113.6000 0.0000 0.0000 
113.7000 0.0000 0.0000 
113.8000 0.0000 0.0000 
113.9000 0.0000 0.0000 
114.0000 0.0000 0.0000 
114.1000 0.0000 0.0000 
114.2000 0.0000 0.0000 
114.3000 0.0000 0.0000 
114.4000 0.0000 0.0000 
114.5000 0.0000 0.0000 
114.6000 0.0000 0.0000 
114.7000 0.0000 0.0000 
114.8000 0.0000 0.0000 
114.9000 0.0000 0.0000 
115.0000 0.0000 0.0000 
115.1000 0.0000 0.0000 
115.2000 0.0000 0.0000 
115.3000 0.0000 0.0000 
115.4000 0.0000 0.0000 
115.5000 0.0000 0.0000 
115.6000 0.0000 0.0000 
115.7000 0.0000 0.0000 
115.8000 0.0000 0.0000 
115.9000 0.0000 0.0000 
116.0000 0.0000 0.0000 
116.1000 0.0000 0.0000 
116.2000 0.0000 0.0000 
116.3000 0.0000 0.0000 
116.4000 0.0000 0.0000 
116.5000 0.0000 0.0000 
116.6000 0.0000 0.0000 
116.7000 0.0000 0.0000 
116.8000 0.0000 0.0000 
116.9000 0.0000 0.0000 
117.0000 0.0000 0.0000 
117.1000 0.0000 0.0000 
117.2000 0.0000 0.0000 
117.3000 0.0000 0.0000 
117.4000 0.0000 0.0000 
117.5000 0.0000 0.0000 
117.6000 0.0000 0.0000 
117.7000 0.0000 0.0000 
117.8000 0.0000 0.0000 
117.9000 0.0000 0.0000 
118.0000 0.0000 0.0000 
118.1000 0.0000 0.0000 
118.2000 0.0000 0.0000 
118.3000 0.0000 0.0000 
118.4000 0.0000 0.0000 
118.5000 0.0000 0.0000 
118.6000 0.0000 0.0000 
118.7000 0.0000 0.0000 
118.8000 0.0000 0.0000 
118.9000 0.0000 0.0000 
119.0000 0.0000 0.0000 
119.1000 0.0000 0.0000 
119.2000 0.0000 0.0000 
119.3000 0.0000 0.0000 
119.4000 0.0000 0.0000 
119.5000 0.0000 0.0000 
119.6000 0.0000 0.0000 
119.7000 0.0000 0.0000 
119.8000 0.0000 0.0000 
119.9000 0.0000 0.0000 
120.0000 0.0000 0.0000 
120.1000 0.0000 0.0000 
120.2000 0.0000 0.0000 
120.3000 0.0000 0.0000 
120.4000 0.0000 0.0000 
120.5000 0.0000 0.0000 
120.6000 0.0000 0.0000 
120.7000 0.0000 0.0000 
120.8000 0.0000 0.0000 
120.9000 0.0000 0.0000 
121.0000 0.0000 0.0000 
121.1000 0.0000 0.0000 
121.2000 0.0000 0.0000 
121.3000 0.0000 0.0000 
121.4000 0.0000 0.0000 
121.5000 0.0000 0.0000 
121.6000 0.0000 0.0000 
121.7000 0.0000 0.0000 
121.8000 0.0000 0.0000 
121.9000 0.0000 0.0000 
122.0000 0.0000 0.0000 
122.1000 0.0000 0.0000 
122.2000 0.0000 0.0000 
122.3000 0.0000 0.0000 
122.4000 0.0000 0.0000 
122.5000 0.0000 0.0000 
122.6000 0.0000 0.0000 
122.7000 0.0000 0.0000 
122.8000 0.0000 0.0000 
122.9000 0.0000 0.0000 
123.0000 0.0000 0.0000 
123.1000 0.0000 0.0000 
123.2000 0.0000 0.0000 
123.3000 0.0000 0.0000 
123.4000 0.0000 0.0000 
123.5000 0.0000 0.0000 
123.6000 0.0000 0.0000 
123.7000 0.0000 0.0000 
123.8000 0.0000 0.0000 
123.9000 0.0000 0.0000 
124.0000 0.0000 0.0000 
124.1000 0.0000 0.0000 
124.2000 0.0000 0.0000 
124.3000 0.0000 0.0000 
124.4000 0.0000 0.0000 
124.5000 0.0000 0.0000 
124.6000 0.0000 0.0000 
124.7000 0.0000 0.0000 
124.8000 0.0000 0.0000 
124.9000 0.0000 0.0000 
125.0000 0.0000 0.0000 
125.1000 0.0000 0.0000 
125.2000 0.0000 0.0000 
125.3000 0.0000 0.0000 
125.4000 0.0000 0.0000 
125.5000 0.0000 0.0000 
125.6000 0.0000 0.0000 
125.7000 0.0000 0.0000 
125.8000 0.0000 0.0000 
125.9000 0.0000 0.0000 
126.0000 0.0000 0.0000 
126.1000 0.0000 0.0000 
126.2000 0.0000 0.0000 
126.3000 0.0000 0.0000 
126.4000 0.0000 0.0000 
126.5000 0.0000 0.0000 
126.6000 0.0000 0.0000 
126.7000 0.0000 0.0000 
126.8000 0.0000 0.0000 
126.9000 0.0000 0.0000 
127.0000 0.0000 0.0000 
127.1000 0.0000 0.0000 
127.2000 0.0000 0.0000 
127.3000 0.0000 0.0000 
127.4000 0.0000 0.0000 
127.5000 0.0000 0.0000 
127.6000 0.0000 0.0000 
127.7000 0.0000 0.0000 
127.8000 0.0000 0.0000 
127.9000 0.0000 0.0000 
128.0000 0.0000 0.0000 
128.1000 0.0000 0.0000 
128.2000 0.0000 0.0000 
128.3000 0.0000 0.0000 
128.4000 0.0000 0.0000 
128.5000 0.0000 0.0000 
128.6000 0.0000 0.0000 
128.7000 0.0000 0.0000 
128.8000 0.0000 0.0000 
128.9000 0.0000 0.0000 
129.0000 0.0000 0.0000 
129.1000 0.0000 0.0000 
129.2000 0.0000 0.0000 
129.3000 0.0000 0.0000 
129.4000 0.0000 0.0000 
129.5000 0.0000 0.0000 
129.6000 0.0000 0.0000 
129.7000 0.0000 0.0000 
129.8000 0.0000 0.0000 
129.9000 0.0000 0.0000 
130.0000 0.0000 0.0000 
130.1000 0.0000 0.0000 
130.2000 0.0000 0.0000 
130.3000 0.0000 0.0000 
130.4000 0.0000 0.0000 
130.5000 0.0000 0.0000 
130.6000 0.0000 0.0000 
130.7000 0.0000 0.0000 
130.8000 0.0000 0.0000 
130.9000 0.0000 0.0000 
131.0000 0.0000 0.0000 
131.1000 0.0000 0.0000 
131.2000 0.0000 0.0000 
131.3000 0.0000 0.0000 
131.4000 0.0000 0.0000 
131.5000 0.0000 0.0000 
131.6000 0.0000 0.0000 
131.7000 0.0000 0.0000 
131.8000 0.0000 0.0000 
131.9000 0.0000 0.0000 
132.0000 0.0000 0.0000 
132.1000 0.0000 0.0000 
132.2000 0.0000 0.0000 
132.3000 0.0000 0.0000 
132.4000 0.0000 0.0000 
132.5000 0.0000 0.0000 
132.6000 0.0000 0.0000 
132.7000 0.0000 0.0000 
132.8000 0.0000 0.0000 
132.9000 0.0000 0.0000 
133.0000 0.0000 0.0000 
133.1000 0.0000 0.0000 
133.2000 0.0000 0.0000 
133.3000 0.0000 0.0000 
133.4000 0.0000 0.0000 
133.5000 0.0000 0.0000 
133.6000 0.0000 0.0000 
133.7000 0.0000 0.0000 
133.8000 0.0000 0.0000 
133.9000 0.0000 0.0000 
134.0000 0.0000 0.0000 
134.1000 0.0000 0.0000 
134.2000 0.0000 0.0000 
134.3000 0.0000 0.0000 
134.4000 0.0000 0.0000 
134.5000 0.0000 0.0000 
134.6000 0.0000 0.0000 
134.7000 0.0000 0.0000 
134.8000 0.0000 0.0000 
134.9000 0.0000 0.0000 
135.0000 0.0000 0.0000 
135.1000 0.0000 0.0000 
135.2000 0.0000 0.0000 
135.3000 0.0000 0.0000 
135.4000 0.0000 0.0000 
135.5000 0.0000 0.0000 
135.6000 0.0000 0.0000 
135.7000 0.0000 0.0000 
135.8000 0.0000 0.0000 
135.9000 0.0000 0.0000 
136.0000 0.0000 0.0000 
136.1000 0.0000 0.0000 
136.2000 0.0000 0.0000 
136.3000 0.0000 0.0000 
136.4000 0.0000 0.0000 
136.5000 0.0000 0.0000 
136.6000 0.0000 0.0000 
136.7000 0.0000 0.0000 
136.8000 0.0000 0.0000 
136.9000 0.0000 0.0000 
137.0000 0.0000 0.0000 
137.1000 0.0000 0.0000 
137.2000 0.0000 0.0000 
137.3000 0.0000 0.0000 
137.4000 0.0000 0.0000 
137.5000 0.0000 0.0000 
137.6000 0.0000 0.0000 
137.7000 0.0000 0.0000 
137.8000 0.0000 0.0000 
137.9000 0.0000 0.0000 
138.0000 0.0000 0.0000 
138.1000 0.0000 0.0000 
138.2000 0.0000 0.0000 
138.3000 0.0000 0.0000 
138.4000 0.0000 0.0000 
138.5000 0.0000 0.0000 
138.6000 0.0000 0.0000 
138.7000 0.0000 0.0000 
138.8000 0.0000 0.0000 
138.9000 0.0000 0.0000 
139.0000 0.0000 0.0000 
139.1000 0.0000 0.0000 
139.2000 0.0000 0.0000 
139.3000 0.0000 0.0000 
139.4000 0.0000 0.0000 
139.5000 0.0000 0.0000 
139.6000 0.0000 0.0000 
139.7000 0.0000 0.0000 
139.8000 0.0000 0.0000 
139.9000 0.0000 0.0000 
140.0000 0.0000 0.0000 
140.1000 0.0000 0.0000 
140.2000 0.0000 0.0000 
140.3000 0.0000 0.0000 
140.4000 0.0000 0.0000 
140.5000 0.0000 0.0000 
140.6000 0.0000 0.0000 
140.7000 0.0000 0.0000 
140.8000 0.0000 0.0000 
140.9000 0.0000 0.0000 
141.0000 0.0000 0.0000 
141.1000 0.0000 0.0000 
141.2000 0.0000 0.0000 
141.3000 0.0000 0.0000 
141.4000 0.0000 0.0000 
141.5000 0.0000 0.0000 
141.6000 0.0000 0.0000 
141.7000 0.0000 0.0000 
141.8000 0.0000 0.0000 
141.9000 0.0000 0.0000 
142.0000 0.0000 0.0000 
142.1000 0.0000 0.0000 
142.2000 0.0000 0.0000 
142.3000 0.0000 0.0000 
142.4000 0.0000 0.0000 
142.5000 0.0000 0.0000 
142.6000 0.0000 0.0000 
142.7000 0.0000 0.0000 
142.8000 0.0000 0.0000 
142.9000 0.0000 0.0000 
143.0000 0.0000 0.0000 
143.1000 0.0000 0.0000 
143.2000 0.0000 0.0000 
143.3000 0.0000 0.0000 
143.4000 0.0000 0.0000 
143.5000 0.0000 0.0000 
143.6000 0.0000 0.0000 
143.7000 0.0000 0.0000 
143.8000 0.0000 0.0000 
143.9000 0.0000 0.0000 
144.0000 0.0000 0.0000 
144.1000 0.0000 0.0000 
144.2000 0.0000 0.0000 
144.3000 0.0000 0.0000 
144.4000 0.0000 0.0000 
144.5000 0.0000 0.0000 
144.6000 0.0000 0.0000 
144.7000 0.0000 0.0000 
144.8000 0.0000 0.0000 
144.9000 0.0000 0.0000 
145.0000 0.0000 0.0000 
145.1000 0.0000 0.0000 
145.2000 0.0000 0.0000 
145.3000 0.0000 0.0000 
145.4000 0.0000 0.0000 
145.5000 0.0000 0.0000 
145.6000 0.0000 0.0000 
145.7000 0.0000 0.0000 
145.8000 0.0000 0.0000 
145.9000 0.0000 0.0000 
146.0000 0.0000 0.0000 
146.1000 0.0000 0.0000 
146.2000 0.0000 0.0000 
146.3000 0.0000 0.0000 
146.4000 0.0000 0.0000 
146.5000 0.0000 0.0000 
146.6000 0.0000 0.0000 
146.7000 0.0000 0.0000 
146.8000 0.0000 0.0000 
146.9000 0.0000 0.0000 
147.0000 0.0000 0.0000 
147.1000 0.0000 0.0000 
147.2000 0.0000 0.0000 
147.3000 0.0000 0.0000 
147.4000 0.0000 0.0000 
147.5000 0.0000 0.0000 
147.6000 0.0000 0.0000 
147.7000 0.0000 0.0000 
147.8000 0.0000 0.0000 
147.9000 0.0000 0.0000 
148.0000 0.0000 0.0000 
148.1000 0.0000 0.0000 
148.2000 0.0000 0.0000 
148.3000 0.0000 0.0000 
148.4000 0.0000 0.0000 
148.5000 0.0000 0.0000 
148.6000 0.0000 0.0000 
148.7000 0.0000 0.0000 
148.8000 0.0000 0.0000 
148.9000 0.0000 0.0000 
149.0000 0.0000 0.0000 
149.1000 0.0000 0.0000 
149.2000 0.0000 0.0000 
149.3000 0.0000 0.0000 
149.4000 0.0000 0.0000 
149.5000 0.0000 0.0000 
149.6000 0.0000 0.0000 
149.7000 0.0000 0.0000 
149.8000 0.0000 0.0000 
149.9000 0.0000 0.0000 
150.0000 0.0000 0.0000 
150.1000 0.0000 0.0000 
150.2000 0.0000 0.0000 
150.3000 0.0000 0.0000 
150.4000 0.0000 0.0000 
150.5000 0.0000 0.0000 
150.6000 0.0000 0.0000 
150.7000 0.0000 0.0000 
150.8000 0.0000 0.0000 
150.9000 0.0000 0.0000 
151.0000 0.0000 0.0000 
151.1000 0.0000 0.0000 
151.2000 0.0000 0.0000 
151.3000 0.0000 0.0000 
151.4000 0.0000 0.0000 
151.5000 0.0000 0.0000 
151.6000 0.0000 0.0000 
151.7000 0.0000 0.0000 
151.8000 0.0000 0.0000 
151.9000 0.0000 0.0000 
152.0000 0.0000 0.0000 
152.1000 0.0000 0.0000 
152.2000 0.0000 0.0000 
152.3000 0.0000 0.0000 
152.4000 0.0000 0.0000 
152.5000 0.0000 0.0000 
152.6000 0.0000 0.0000 
152.7000 0.0000 0.0000 
152.8000 0.0000 0.0000 
152.9000 0.0000 0.0000 
153.0000 0.0000 0.0000 
153.1000 0.0000 0.0000 
153.2000 0.0000 0.0000 
153.3000 0.0000 0.0000 
153.4000 0.0000 0.0000 
153.5000 0.0000 0.0000 
153.6000 0.0000 0.0000 
153.7000 0.0000 0.0000 
153.8000 0.0000 0.0000 
153.9000 0.0000 0.0000 
154.0000 0.0000 0.0000 
154.1000 0.0000 0.0000 
154.2000 0.0000 0.0000 
154.3000 0.0000 0.0000 
154.4000 0.0000 0.0000 
154.5000 0.0000 0.0000 
154.6000 0.0000 0.0000 
154.7000 0.0000 0.0000 
154.8000 0.0000 0.0000 
154.9000 0.0000 0.0000 
155.0000 0.0000 0.0000 
155.1000 0.0000 0.0000 
155.2000 0.0000 0.0000 
155.3000 0.0000 0.0000 
155.4000 0.0000 0.0000 
155.5000 0.0000 0.0000 
155.6000 0.0000 0.0000 
155.7000 0.0000 0.0000 
155.8000 0.0000 0.0000 
155.9000 0.0000 0.0000 
156.0000 0.0000 0.0000 
156.1000 0.0000 0.0000 
156.2000 0.0000 0.0000 
156.3000 0.0000 0.0000 
156.4000 0.0000 0.0000 
156.5000 0.0000 0.0000 
156.6000 0.0000 0.0000 
156.7000 0.0000 0.0000 
156.8000 0.0000 0.0000 
156.9000 0.0000 0.0000 
157.0000 0.0000 0.0000 
157.1000 0.0000 0.0000 
157.2000 0.0000 0.0000 
157.3000 0.0000 0.0000 
157.4000 0.0000 0.0000 
157.5000 0.0000 0.0000 
157.6000 0.0000 0.0000 
157.7000 0.0000 0.0000 
157.8000 0.0000 0.0000 
157.9000 0.0000 0.0000 
158.0000 0.0000 0.0000 
158.1000 0.0000 0.0000 
158.2000 0.0000 0.0000 
158.3000 0.0000 0.0000 
158.4000 0.0000 0.0000 
158.5000 0.0000 0.0000 
158.6000 0.0200 0.0200 
158.7000 0.0400 0.0400 
158.8000 0.0600 0.0600 
158.9000 0.0799 0.0799 
159.0000 0.0998 0.0998 
159.1000 0.1196 0.1196 
159.2000 0.1393 0.1393 
159.3000 0.1589 0.1589 
159.4000 0.1784 0.1784 
159.5000 0.1977 0.1977 
159.6000 0.2170 0.2170 
159.7000 0.2360 0.2360 
159.8000 0.2549 0.2549 
159.9000 0.2736 0.2736 
160.0000 0.2921 0.2921 
160.1000 0.3104 0.3104 
160.2000 0.3285 0.3285 
160.3000 0.3463 0.3463 
160.4000 0.3639 0.3639 
160.5000 0.3813 0.3813 
160.6000 0.3984 0.3984 
160.7000 0.4152 0.4152 
160.8000 0.4317 0.4317 
160.9000 0.4480 0.4480 
161.0000 0.4640 0.4640 
161.1000 0.4797 0.4797 
161.2000 0.4951 0.4951 
161.3000 0.5102 0.5102 
161.4000 0.5250 0.5250 
161.5000 0.5395 0.5395 
161.6000 0.5537 0.5537 
161.7000 0.5675 0.5675 
161.8000 0.5811 0.5811 
161.9000 0.5943 0.5943 
162.0000 0.6073 0.6073 
162.1000 0.6199 0.6199 
162.2000 0.6322 0.6322 
162.3000 0.6442 0.6442 
162.4000 0.6559 0.6559 
162.5000 0.6673 0.6673 
162.6000 0.6784 0.6784 
162.7000 0.6892 0.6892 
162.8000 0.6997 0.6997 
162.9000 0.7099 0.7099 
163.0000 0.7198 0.7198 
163.1000 0.7295 0.7295 
163.2000 0.7388 0.7388 
163.3000 0.7479 0.7479 
163.4000 0.7567 0.7567 
163.5000 0.7653 0.7653 
163.6000 0.7735 0.7735 
163.7000 0.7816 0.7816 
163.8000 0.7894 0.7894 
163.9000 0.7969 0.7969 
164.0000 0.8042 0.8042 
164.1000 0.8113 0.8113 
164.2000 0.8181 0.8181 
164.3000 0.8247 0.8247 
164.4000 0.8311 0.8311 
164.5000 0.8373 0.8373 
164.6000 0.8433 0.8433 
164.7000 0.8491 0.8491 
164.8000 0.8546 0.8546 
164.9000 0.8600 0.8600 
165.0000 0.8652 0.8652 
165.1000 0.8703 0.8703 
165.2000 0.8751 0.8751 
165.3000 0.8798 0.8798 
165.4000 0.8843 0.8843 
165.5000 0.8887 0.8887 
165.6000 0.8929 0.8929 
165.7000 0.8969 0.8969 
165.8000 0.9008 0.9008 
165.9000 0.9046 0.9046 
166.0000 0.9083 0.9083 
166.1000 0.9118 0.9118 
166.2000 0.9151 0.9151 
166.3000 0.9184 0.9184 
166.4000 0.9215 0.9215 
166.5000 0.9245 0.9245 
166.6000 0.9274 0.9274 
166.7000 0.9302 0.9302 
166.8000 0.9329 0.9329 
166.9000 0.9355 0.9355 
167.0000 0.9380 0.9380 
167.1000 0.9355 0.9355 
167.2000 0.9330 0.9330 
167.3000 0.9305 0.9305 
167.4000 0.9280 0.9280 
167.5000 0.9255 0.9255 
167.6000 0.9230 0.9230 
167.7000 0.9205 0.9205 
167.8000 0.9180 0.9180 
167.9000 0.9155 0.9155 
168.0000 0.9130 0.9130 
168.1000 0.9105 0.9105 
168.2000 0.9080 0.9080 
168.3000 0.9055 0.9055 
168.4000 0.9030 0.9030 
168.5000 0.9005 0.9005 
168.6000 0.8980 0.8980 
168.7000 0.8955 0.8955 
168.8000 0.8930 0.8930 
168.9000 0.8905 0.8905 
169.0000 0.8880 0.8880 
169.1000 0.8855 0.8855 
169.2000 0.8830 0.8830 
169.3000 0.8805 0.8805 
169.4000 0.8780 0.8780 
169.5000 0.8755 0.8755 
169.6000 0.8730 0.8730 
169.7000 0.8705 0.8705 
169.8000 0.8680 0.8680 
169.9000 0.8655 0.8655 
170.0000 0.8630 0.8630 
170.1000 0.8605 0.8605 
170.2000 0.8580 0.8580 
170.3000 0.8555 0.8555 
170.4000 0.8530 0.8530 
170.5000 0.8505 0.8505 
170.6000 0.8480 0.8480 
170.7000 0.8455 0.8455 
170.8000 0.8430 0.8430 
170.9000 0.8405 0.8405 
171.0000 0.8380 0.8380 
171.1000 0.8355 0.8355 
171.2000 0.8330 0.8330 
171.3000 0.8305 0.8305 
171.4000 0.8280 0.8280 
171.5000 0.8255 0.8255 
171.6000 0.8230 0.8230 
171.7000 0.8205 0.8205 
171.8000 0.8180 0.8180 
171.9000 0.8155 0.8155 
172.0000 0.8130 0.8130 
172.1000 0.8105 0.8105 
172.2000 0.8080 0.8080 
172.3000 0.8055 0.8055 
172.4000 0.8030 0.8030 
172.5000 0.8005 0.8005 
172.6000 0.7980 0.7980 
172.7000 0.7955 0.7955 
172.8000 0.7930 0.7930 
