0.0000 0.9975 0.9975 
0.1000 0.9950 0.9950 
0.2000 0.9925 0.9925 
0.3000 0.9900 0.9900 
0.4000 0.9875 0.9875 
0.5000 0.9850 0.9850 
0.6000 0.9825 0.9825 
0.7000 0.9800 0.9800 
0.8000 0.9775 0.9775 
0.9000 0.9750 0.9750 
1.0000 0.9725 0.9725 
1.1000 0.9700 0.9700 
1.2000 0.9675 0.9675 
1.3000 0.9650 0.9650 
1.4000 0.9625 0.9625 
1.5000 0.9600 0.9600 
1.6000 0.9575 0.9575 
1.7000 0.9550 0.9550 
1.8000 0.9525 0.9525 
1.9000 0.9500 0.9500 
2.0000 0.9475 0.9475 
2.1000 0.9450 0.9450 
2.2000 0.9425 0.9425 
2.3000 0.9400 0.9400 
2.4000 0.9375 0.9375 
2.5000 0.9350 0.9350 
2.6000 0.9325 0.9325 
2.7000 0.9300 0.9300 
2.8000 0.9275 0.9275 
2.9000 0.9250 0.9250 
3.0000 0.9225 0.9225 
3.1000 0.9200 0.9200 
3.2000 0.9175 0.9175 
3.3000 0.9150 0.9150 
3.4000 0.9125 0.9125 
3.5000 0.9100 0.9100 
3.6000 0.9075 0.9075 
3.7000 0.9050 0.9050 
3.8000 0.9025 0.9025 
3.9000 0.9000 0.9000 
4.0000 0.8975 0.8975 
4.1000 0.8950 0.8950 
4.2000 0.8925 0.8925 
4.3000 0.8900 0.8900 
4.4000 0.8875 0.8875 
4.5000 0.8850 0.8850 
4.6000 0.8825 0.8825 
4.7000 0.8800 0.8800 
4.8000 0.8775 0.8775 
4.9000 0.8750 0.8750 
5.0000 0.8725 0.8725 
5.1000 0.8700 0.8700 
5.2000 0.8675 0.8675 
5.3000 0.8650 0.8650 
5.4000 0.8625 0.8625 
5.5000 0.8600 0.8600 
5.6000 0.8575 0.8575 
5.7000 0.8550 0.8550 
5.8000 0.8525 0.8525 
5.9000 0.8500 0.8500 
6.0000 0.8475 0.8475 
6.1000 0.8450 0.8450 
6.2000 0.8425 0.8425 
6.3000 0.8400 0.8400 
6.4000 0.8375 0.8375 
6.5000 0.8350 0.8350 
6.6000 0.8325 0.8325 
6.7000 0.8300 0.8300 
6.8000 0.8275 0.8275 
6.9000 0.8250 0.8250 
7.0000 0.8225 0.8225 
7.1000 0.8200 0.8200 
7.2000 0.8175 0.8175 
7.3000 0.8150 0.8150 
7.4000 0.8125 0.8125 
7.5000 0.8100 0.8100 
7.6000 0.8075 0.8075 
7.7000 0.8050 0.8050 
7.8000 0.8025 0.8025 
7.9000 0.8000 0.8000 
8.0000 0.7975 0.7975 
8.1000 0.7950 0.7950 
8.2000 0.7925 0.7925 
8.3000 0.7900 0.7900 
8.4000 0.7875 0.7875 
8.5000 0.7850 0.7850 
8.6000 0.7825 0.7825 
8.7000 0.7800 0.7800 
8.8000 0.7775 0.7775 
8.9000 0.7750 0.7750 
9.0000 0.7725 0.7725 
9.1000 0.7700 0.7700 
9.2000 0.7675 0.7675 
9.3000 0.7650 0.7650 
9.4000 0.7625 0.7625 
9.5000 0.7600 0.7600 
9.6000 0.7575 0.7575 
9.7000 0.7550 0.7550 
9.8000 0.7525 0.7525 
9.9000 0.7500 0.7500 
10.0000 0.7475 0.7475 
10.1000 0.7450 0.7450 
10.2000 0.7425 0.7425 
10.3000 0.7400 0.7400 
10.4000 0.7375 0.7375 
10.5000 0.7350 0.7350 
10.6000 0.7325 0.7325 
10.7000 0.7300 0.7300 
10.8000 0.7275 0.7275 
10.9000 0.7250 0.7250 
11.0000 0.7225 0.7225 
11.1000 0.7200 0.7200 
11.2000 0.7175 0.7175 
11.3000 0.7150 0.7150 
11.4000 0.7125 0.7125 
11.5000 0.7100 0.7100 
11.6000 0.7075 0.7075 
11.7000 0.7050 0.7050 
11.8000 0.7025 0.7025 
11.9000 0.7000 0.7000 
12.0000 0.6975 0.6975 
12.1000 0.6950 0.6950 
12.2000 0.6925 0.6925 
12.3000 0.6900 0.6900 
12.4000 0.6875 0.6875 
12.5000 0.6850 0.6850 
12.6000 0.6825 0.6825 
12.7000 0.6800 0.6800 
12.8000 0.6775 0.6775 
12.9000 0.6750 0.6750 
13.0000 0.6725 0.6725 
13.1000 0.6700 0.6700 
13.2000 0.6675 0.6675 
13.3000 0.6650 0.6650 
13.4000 0.6625 0.6625 
13.5000 0.6600 0.6600 
13.6000 0.6575 0.6575 
13.7000 0.6550 0.6550 
13.8000 0.6525 0.6525 
13.9000 0.6500 0.6500 
14.0000 0.6475 0.6475 
14.1000 0.6450 0.6450 
14.2000 0.6425 0.6425 
14.3000 0.6400 0.6400 
14.4000 0.6375 0.6375 
14.5000 0.6350 0.6350 
14.6000 0.6325 0.6325 
14.7000 0.6300 0.6300 
14.8000 0.6275 0.6275 
14.9000 0.6250 0.6250 
15.0000 0.6225 0.6225 
15.1000 0.6200 0.6200 
15.2000 0.6175 0.6175 
15.3000 0.6150 0.6150 
15.4000 0.6125 0.6125 
15.5000 0.6100 0.6100 
15.6000 0.6075 0.6075 
15.7000 0.6050 0.6050 
15.8000 0.6025 0.6025 
15.9000 0.6000 0.6000 
16.0000 0.5975 0.5975 
16.1000 0.5950 0.5950 
16.2000 0.5925 0.5925 
16.3000 0.5900 0.5900 
16.4000 0.5875 0.5875 
16.5000 0.5850 0.5850 
16.6000 0.5825 0.5825 
16.7000 0.5800 0.5800 
16.8000 0.5775 0.5775 
16.9000 0.5750 0.5750 
17.0000 0.5725 0.5725 
17.1000 0.5700 0.5700 
17.2000 0.5675 0.5675 
17.3000 0.5650 0.5650 
17.4000 0.5625 0.5625 
17.5000 0.5600 0.5600 
17.6000 0.5575 0.5575 
17.7000 0.5550 0.5550 
17.8000 0.5525 0.5525 
17.9000 0.5500 0.5500 
18.0000 0.5475 0.5475 
18.1000 0.5450 0.5450 
18.2000 0.5425 0.5425 
18.3000 0.5400 0.5400 
18.4000 0.5375 0.5375 
18.5000 0.5350 0.5350 
18.6000 0.5325 0.5325 
18.7000 0.5300 0.5300 
18.8000 0.5275 0.5275 
18.9000 0.5250 0.5250 
19.0000 0.5225 0.5225 
19.1000 0.5200 0.5200 
19.2000 0.5175 0.5175 
19.3000 0.5150 0.5150 
19.4000 0.5125 0.5125 
19.5000 0.5100 0.5100 
19.6000 0.5075 0.5075 
19.7000 0.5050 0.5050 
19.8000 0.5025 0.5025 
19.9000 0.5000 0.5000 
20.0000 0.4975 0.4975 
20.1000 0.4950 0.4950 
20.2000 0.4925 0.4925 
20.3000 0.4900 0.4900 
20.4000 0.4875 0.4875 
20.5000 0.4850 0.4850 
20.6000 0.4825 0.4825 
20.7000 0.4978 0.4978 
20.8000 0.5129 0.5129 
20.9000 0.5276 0.5276 
21.0000 0.5421 0.5421 
21.1000 0.5562 0.5562 
21.2000 0.5700 0.5700 
21.3000 0.5835 0.5835 
21.4000 0.5967 0.5967 
21.5000 0.6096 0.6096 
21.6000 0.6221 0.6221 
21.7000 0.6344 0.6344 
21.8000 0.6463 0.6463 
21.9000 0.6580 0.6580 
22.0000 0.6693 0.6693 
22.1000 0.6804 0.6804 
22.2000 0.6911 0.6911 
22.3000 0.7016 0.7016 
22.4000 0.7117 0.7117 
22.5000 0.7216 0.7216 
22.6000 0.7312 0.7312 
22.7000 0.7405 0.7405 
22.8000 0.7495 0.7495 
22.9000 0.7583 0.7583 
23.0000 0.7668 0.7668 
23.1000 0.7750 0.7750 
23.2000 0.7725 0.7725 
23.3000 0.7700 0.7700 
23.4000 0.7675 0.7675 
23.5000 0.7650 0.7650 
23.6000 0.7625 0.7625 
23.7000 0.7600 0.7600 
23.8000 0.7575 0.7575 
23.9000 0.7550 0.7550 
24.0000 0.7525 0.7525 
24.1000 0.7500 0.7500 
24.2000 0.7475 0.7475 
24.3000 0.7450 0.7450 
24.4000 0.7425 0.7425 
24.5000 0.7400 0.7400 
24.6000 0.7375 0.7375 
24.7000 0.7350 0.7350 
24.8000 0.7325 0.7325 
24.9000 0.7300 0.7300 
25.0000 0.7275 0.7275 
25.1000 0.7250 0.7250 
25.2000 0.7225 0.7225 
25.3000 0.7200 0.7200 
25.4000 0.7175 0.7175 
25.5000 0.7150 0.7150 
25.6000 0.7125 0.7125 
25.7000 0.7100 0.7100 
25.8000 0.7075 0.7075 
25.9000 0.7050 0.7050 
26.0000 0.7025 0.7025 
26.1000 0.7000 0.7000 
26.2000 0.6975 0.6975 
26.3000 0.6950 0.6950 
26.4000 0.6925 0.6925 
26.5000 0.6900 0.6900 
26.6000 0.6875 0.6875 
26.7000 0.6850 0.6850 
26.8000 0.6825 0.6825 
26.9000 0.6800 0.6800 
27.0000 0.6775 0.6775 
27.1000 0.6750 0.6750 
27.2000 0.6725 0.6725 
27.3000 0.6700 0.6700 
27.4000 0.6675 0.6675 
27.5000 0.6650 0.6650 
27.6000 0.6625 0.6625 
27.7000 0.6600 0.6600 
27.8000 0.6575 0.6575 
27.9000 0.6550 0.6550 
28.0000 0.6525 0.6525 
28.1000 0.6500 0.6500 
28.2000 0.6475 0.6475 
28.3000 0.6450 0.6450 
28.4000 0.6425 0.6425 
28.5000 0.6400 0.6400 
28.6000 0.6375 0.6375 
28.7000 0.6350 0.6350 
28.8000 0.6325 0.6325 
28.9000 0.6300 0.6300 
29.0000 0.6275 0.6275 
29.1000 0.6250 0.6250 
29.2000 0.6225 0.6225 
29.3000 0.6200 0.6200 
29.4000 0.6175 0.6175 
29.5000 0.6150 0.6150 
29.6000 0.6125 0.6125 
29.7000 0.6100 0.6100 
29.8000 0.6075 0.6075 
29.9000 0.6050 0.6050 
30.0000 0.6025 0.6025 
30.1000 0.6000 0.6000 
30.2000 0.5975 0.5975 
30.3000 0.5950 0.5950 
30.4000 0.5925 0.5925 
30.5000 0.5900 0.5900 
30.6000 0.5875 0.5875 
30.7000 0.5850 0.5850 
30.8000 0.5825 0.5825 
30.9000 0.5800 0.5800 
31.0000 0.5775 0.5775 
31.1000 0.5750 0.5750 
31.2000 0.5725 0.5725 
31.3000 0.5700 0.5700 
31.4000 0.5675 0.5675 
31.5000 0.5650 0.5650 
31.6000 0.5625 0.5625 
31.7000 0.5600 0.5600 
31.8000 0.5575 0.5575 
31.9000 0.5550 0.5550 
32.0000 0.5525 0.5525 
32.1000 0.5500 0.5500 
32.2000 0.5475 0.5475 
32.3000 0.5450 0.5450 
32.4000 0.5425 0.5425 
32.5000 0.5400 0.5400 
32.6000 0.5375 0.5375 
32.7000 0.5350 0.5350 
32.8000 0.5325 0.5325 
32.9000 0.5300 0.5300 
33.0000 0.5275 0.5275 
33.1000 0.5250 0.5250 
33.2000 0.5225 0.5225 
33.3000 0.5200 0.5200 
33.4000 0.5175 0.5175 
33.5000 0.5150 0.5150 
33.6000 0.5125 0.5125 
33.7000 0.5100 0.5100 
33.8000 0.5075 0.5075 
33.9000 0.5050 0.5050 
34.0000 0.5025 0.5025 
34.1000 0.5000 0.5000 
34.2000 0.4975 0.4975 
34.3000 0.4950 0.4950 
34.4000 0.4925 0.4925 
34.5000 0.4900 0.4900 
34.6000 0.4875 0.4875 
34.7000 0.4850 0.4850 
34.8000 0.4825 0.4825 
34.9000 0.4800 0.4800 
35.0000 0.4775 0.4775 
35.1000 0.4750 0.4750 
35.2000 0.4725 0.4725 
35.3000 0.4700 0.4700 
35.4000 0.4675 0.4675 
35.5000 0.4650 0.4650 
35.6000 0.4625 0.4625 
35.7000 0.4600 0.4600 
35.8000 0.4575 0.4575 
35.9000 0.4550 0.4550 
36.0000 0.4525 0.4525 
36.1000 0.4500 0.4500 
36.2000 0.4475 0.4475 
36.3000 0.4450 0.4450 
36.4000 0.4425 0.4425 
36.5000 0.4400 0.4400 
36.6000 0.4375 0.4375 
36.7000 0.4350 0.4350 
36.8000 0.4325 0.4325 
36.9000 0.4300 0.4300 
37.0000 0.4275 0.4275 
37.1000 0.4250 0.4250 
37.2000 0.4225 0.4225 
37.3000 0.4200 0.4200 
37.4000 0.4175 0.4175 
37.5000 0.4150 0.4150 
37.6000 0.4125 0.4125 
37.7000 0.4100 0.4100 
37.8000 0.4075 0.4075 
37.9000 0.4050 0.4050 
38.0000 0.4025 0.4025 
38.1000 0.4000 0.4000 
38.2000 0.3975 0.3975 
38.3000 0.3950 0.3950 
38.4000 0.3925 0.3925 
38.5000 0.3900 0.3900 
38.6000 0.3875 0.3875 
38.7000 0.3850 0.3850 
38.8000 0.3825 0.3825 
38.9000 0.3800 0.3800 
39.0000 0.3775 0.3775 
39.1000 0.3750 0.3750 
39.2000 0.3725 0.3725 
39.3000 0.3700 0.3700 
39.4000 0.3675 0.3675 
39.5000 0.3650 0.3650 
39.6000 0.3625 0.3625 
39.7000 0.3600 0.3600 
39.8000 0.3575 0.3575 
39.9000 0.3550 0.3550 
40.0000 0.3525 0.3525 
40.1000 0.3500 0.3500 
40.2000 0.3475 0.3475 
40.3000 0.3450 0.3450 
40.4000 0.3425 0.3425 
40.5000 0.3400 0.3400 
40.6000 0.3375 0.3375 
40.7000 0.3350 0.3350 
40.8000 0.3325 0.3325 
40.9000 0.3300 0.3300 
41.0000 0.3275 0.3275 
41.1000 0.3250 0.3250 
41.2000 0.3225 0.3225 
41.3000 0.3200 0.3200 
41.4000 0.3175 0.3175 
41.5000 0.3150 0.3150 
41.6000 0.3125 0.3125 
41.7000 0.3100 0.3100 
41.8000 0.3075 0.3075 
41.9000 0.3050 0.3050 
42.0000 0.3025 0.3025 
42.1000 0.3000 0.3000 
42.2000 0.2975 0.2975 
42.3000 0.2950 0.2950 
42.4000 0.2925 0.2925 
42.5000 0.2900 0.2900 
42.6000 0.2875 0.2875 
42.7000 0.2850 0.2850 
42.8000 0.2825 0.2825 
42.9000 0.2800 0.2800 
43.0000 0.2775 0.2775 
43.1000 0.2750 0.2750 
43.2000 0.2725 0.2725 
43.3000 0.2700 0.2700 
43.4000 0.2675 0.2675 
43.5000 0.2650 0.2650 
43.6000 0.2625 0.2625 
43.7000 0.2600 0.2600 
43.8000 0.2575 0.2575 
43.9000 0.2550 0.2550 
44.0000 0.2525 0.2525 
44.1000 0.2500 0.2500 
44.2000 0.2475 0.2475 
44.3000 0.2450 0.2450 
44.4000 0.2425 0.2425 
44.5000 0.2400 0.2400 
44.6000 0.2375 0.2375 
44.7000 0.2350 0.2350 
44.8000 0.2325 0.2325 
44.9000 0.2300 0.2300 
45.0000 0.2275 0.2275 
45.1000 0.2250 0.2250 
45.2000 0.2225 0.2225 
45.3000 0.2200 0.2200 
45.4000 0.2175 0.2175 
45.5000 0.2150 0.2150 
45.6000 0.2125 0.2125 
45.7000 0.2100 0.2100 
45.8000 0.2075 0.2075 
45.9000 0.2050 0.2050 
46.0000 0.2025 0.2025 
46.1000 0.2000 0.2000 
46.2000 0.1975 0.1975 
46.3000 0.1950 0.1950 
46.4000 0.1925 0.1925 
46.5000 0.1900 0.1900 
46.6000 0.1875 0.1875 
46.7000 0.1850 0.1850 
46.8000 0.1825 0.1825 
46.9000 0.1800 0.1800 
47.0000 0.1775 0.1775 
47.1000 0.1750 0.1750 
47.2000 0.1725 0.1725 
47.3000 0.1700 0.1700 
47.4000 0.1675 0.1675 
47.5000 0.1650 0.1650 
47.6000 0.1625 0.1625 
47.7000 0.1600 0.1600 
47.8000 0.1575 0.1575 
47.9000 0.1550 0.1550 
48.0000 0.1525 0.1525 
48.1000 0.1500 0.1500 
48.2000 0.1475 0.1475 
48.3000 0.1450 0.1450 
48.4000 0.1425 0.1425 
48.5000 0.1400 0.1400 
48.6000 0.1375 0.1375 
48.7000 0.1350 0.1350 
48.8000 0.1325 0.1325 
48.9000 0.1300 0.1300 
49.0000 0.1275 0.1275 
49.1000 0.1250 0.1250 
49.2000 0.1225 0.1225 
49.3000 0.1200 0.1200 
49.4000 0.1175 0.1175 
49.5000 0.1150 0.1150 
49.6000 0.1125 0.1125 
49.7000 0.1100 0.1100 
49.8000 0.1075 0.1075 
49.9000 0.1050 0.1050 
50.0000 0.1025 0.1025 
50.1000 0.1000 0.1000 
50.2000 0.0975 0.0975 
50.3000 0.0950 0.0950 
50.4000 0.0925 0.0925 
50.5000 0.0900 0.0900 
50.6000 0.0875 0.0875 
50.7000 0.1074 0.1074 
50.8000 0.1271 0.1271 
50.9000 0.1468 0.1468 
51.0000 0.1664 0.1664 
51.1000 0.1858 0.1858 
51.2000 0.2051 0.2051 
51.3000 0.2243 0.2243 
51.4000 0.2433 0.2433 
51.5000 0.2621 0.2621 
51.6000 0.2807 0.2807 
51.7000 0.2992 0.2992 
51.8000 0.3174 0.3174 
51.9000 0.3354 0.3354 
52.0000 0.3531 0.3531 
52.1000 0.3706 0.3706 
52.2000 0.3879 0.3879 
52.3000 0.4049 0.4049 
52.4000 0.4216 0.4216 
52.5000 0.4380 0.4380 
52.6000 0.4542 0.4542 
52.7000 0.4701 0.4701 
52.8000 0.4856 0.4856 
52.9000 0.5009 0.5009 
53.0000 0.5159 0.5159 
53.1000 0.5306 0.5306 
53.2000 0.5449 0.5449 
53.3000 0.5590 0.5590 
53.4000 0.5565 0.5565 
53.5000 0.5540 0.5540 
53.6000 0.5515 0.5515 
53.7000 0.5490 0.5490 
53.8000 0.5465 0.5465 
53.9000 0.5440 0.5440 
54.0000 0.5415 0.5415 
54.1000 0.5390 0.5390 
54.2000 0.5365 0.5365 
54.3000 0.5340 0.5340 
54.4000 0.5315 0.5315 
54.5000 0.5290 0.5290 
54.6000 0.5265 0.5265 
54.7000 0.5240 0.5240 
54.8000 0.5215 0.5215 
54.9000 0.5190 0.5190 
55.0000 0.5165 0.5165 
55.1000 0.5140 0.5140 
55.2000 0.5115 0.5115 
55.3000 0.5090 0.5090 
55.4000 0.5065 0.5065 
55.5000 0.5040 0.5040 
55.6000 0.5015 0.5015 
55.7000 0.4990 0.4990 
55.8000 0.4965 0.4965 
55.9000 0.4940 0.4940 
56.0000 0.4915 0.4915 
56.1000 0.4890 0.4890 
56.2000 0.4865 0.4865 
56.3000 0.4840 0.4840 
56.4000 0.4815 0.4815 
56.5000 0.4790 0.4790 
56.6000 0.4765 0.4765 
56.7000 0.4740 0.4740 
56.8000 0.4715 0.4715 
56.9000 0.4690 0.4690 
57.0000 0.4665 0.4665 
57.1000 0.4640 0.4640 
57.2000 0.4615 0.4615 
57.3000 0.4590 0.4590 
57.4000 0.4565 0.4565 
57.5000 0.4540 0.4540 
57.6000 0.4515 0.4515 
57.7000 0.4490 0.4490 
57.8000 0.4465 0.4465 
57.9000 0.4440 0.4440 
58.0000 0.4415 0.4415 
58.1000 0.4390 0.4390 
58.2000 0.4365 0.4365 
58.3000 0.4340 0.4340 
58.4000 0.4315 0.4315 
58.5000 0.4290 0.4290 
58.6000 0.4265 0.4265 
58.7000 0.4240 0.4240 
58.8000 0.4215 0.4215 
58.9000 0.4190 0.4190 
59.0000 0.4165 0.4165 
59.1000 0.4140 0.4140 
59.2000 0.4115 0.4115 
59.3000 0.4090 0.4090 
59.4000 0.4065 0.4065 
59.5000 0.4040 0.4040 
59.6000 0.4015 0.4015 
59.7000 0.3990 0.3990 
59.8000 0.3965 0.3965 
59.9000 0.3940 0.3940 
60.0000 0.3915 0.3915 
60.1000 0.3890 0.3890 
60.2000 0.3865 0.3865 
60.3000 0.3840 0.3840 
60.4000 0.3815 0.3815 
60.5000 0.3790 0.3790 
60.6000 0.3765 0.3765 
60.7000 0.3740 0.3740 
60.8000 0.3715 0.3715 
60.9000 0.3690 0.3690 
61.0000 0.3665 0.3665 
61.1000 0.3640 0.3640 
61.2000 0.3615 0.3615 
61.3000 0.3590 0.3590 
61.4000 0.3565 0.3565 
61.5000 0.3540 0.3540 
61.6000 0.3515 0.3515 
61.7000 0.3490 0.3490 
61.8000 0.3465 0.3465 
61.9000 0.3440 0.3440 
62.0000 0.3415 0.3415 
62.1000 0.3390 0.3390 
62.2000 0.3365 0.3365 
62.3000 0.3340 0.3340 
62.4000 0.3315 0.3315 
62.5000 0.3290 0.3290 
62.6000 0.3265 0.3265 
62.7000 0.3240 0.3240 
62.8000 0.3215 0.3215 
62.9000 0.3190 0.3190 
63.0000 0.3165 0.3165 
63.1000 0.3140 0.3140 
63.2000 0.3115 0.3115 
63.3000 0.3090 0.3090 
63.4000 0.3065 0.3065 
63.5000 0.3040 0.3040 
63.6000 0.3015 0.3015 
63.7000 0.2990 0.2990 
63.8000 0.2965 0.2965 
63.9000 0.2940 0.2940 
64.0000 0.2915 0.2915 
64.1000 0.2890 0.2890 
64.2000 0.2865 0.2865 
64.3000 0.2840 0.2840 
64.4000 0.2815 0.2815 
64.5000 0.2790 0.2790 
64.6000 0.2765 0.2765 
64.7000 0.2740 0.2740 
64.8000 0.2715 0.2715 
64.9000 0.2690 0.2690 
65.0000 0.2665 0.2665 
65.1000 0.2640 0.2640 
65.2000 0.2615 0.2615 
65.3000 0.2590 0.2590 
65.4000 0.2565 0.2565 
65.5000 0.2540 0.2540 
65.6000 0.2515 0.2515 
65.7000 0.2490 0.2490 
65.8000 0.2465 0.2465 
65.9000 0.2440 0.2440 
66.0000 0.2415 0.2415 
66.1000 0.2390 0.2390 
66.2000 0.2365 0.2365 
66.3000 0.2340 0.2340 
66.4000 0.2315 0.2315 
66.5000 0.2290 0.2290 
66.6000 0.2265 0.2265 
66.7000 0.2240 0.2240 
66.8000 0.2215 0.2215 
66.9000 0.2190 0.2190 
67.0000 0.2165 0.2165 
67.1000 0.2140 0.2140 
67.2000 0.2115 0.2115 
67.3000 0.2090 0.2090 
67.4000 0.2065 0.2065 
67.5000 0.2040 0.2040 
67.6000 0.2015 0.2015 
67.7000 0.1990 0.1990 
67.8000 0.1965 0.1965 
67.9000 0.1940 0.1940 
68.0000 0.1915 0.1915 
68.1000 0.1890 0.1890 
68.2000 0.1865 0.1865 
68.3000 0.1840 0.1840 
68.4000 0.1815 0.1815 
68.5000 0.1790 0.1790 
68.6000 0.1765 0.1765 
68.7000 0.1740 0.1740 
68.8000 0.1715 0.1715 
68.9000 0.1690 0.1690 
69.0000 0.1665 0.1665 
69.1000 0.1640 0.1640 
69.2000 0.1615 0.1615 
69.3000 0.1590 0.1590 
69.4000 0.1565 0.1565 
69.5000 0.1540 0.1540 
69.6000 0.1515 0.1515 
69.7000 0.1490 0.1490 
69.8000 0.1465 0.1465 
69.9000 0.1440 0.1440 
70.0000 0.1415 0.1415 
70.1000 0.1390 0.1390 
70.2000 0.1365 0.1365 
70.3000 0.1340 0.1340 
70.4000 0.1315 0.1315 
70.5000 0.1290 0.1290 
70.6000 0.1265 0.1265 
70.7000 0.1240 0.1240 
70.8000 0.1215 0.1215 
70.9000 0.1190 0.1190 
71.0000 0.1165 0.1165 
71.1000 0.1140 0.1140 
71.2000 0.1115 0.1115 
71.3000 0.1090 0.1090 
71.4000 0.1065 0.1065 
71.5000 0.1040 0.1040 
71.6000 0.1015 0.1015 
71.7000 0.0990 0.0990 
71.8000 0.0965 0.0965 
71.9000 0.0940 0.0940 
72.0000 0.0915 0.0915 
72.1000 0.0890 0.0890 
72.2000 0.0865 0.0865 
72.3000 0.0840 0.0840 
72.4000 0.0815 0.0815 
72.5000 0.0790 0.0790 
72.6000 0.0765 0.0765 
72.7000 0.0740 0.0740 
72.8000 0.0715 0.0715 
72.9000 0.0690 0.0690 
73.0000 0.0665 0.0665 
73.1000 0.0640 0.0640 
73.2000 0.0615 0.0615 
73.3000 0.0590 0.0590 
73.4000 0.0565 0.0565 
73.5000 0.0540 0.0540 
73.6000 0.0515 0.0515 
73.7000 0.0490 0.0490 
73.8000 0.0465 0.0465 
73.9000 0.0440 0.0440 
74.0000 0.0415 0.0415 
74.1000 0.0390 0.0390 
74.2000 0.0365 0.0365 
74.3000 0.0340 0.0340 
74.4000 0.0315 0.0315 
74.5000 0.0290 0.0290 
74.6000 0.0265 0.0265 
74.7000 0.0240 0.0240 
74.8000 0.0215 0.0215 
74.9000 0.0190 0.0190 
75.0000 0.0165 0.0165 
75.1000 0.0140 0.0140 
75.2000 0.0115 0.0115 
75.3000 0.0090 0.0090 
75.4000 0.0065 0.0065 
75.5000 0.0040 0.0040 
75.6000 0.0015 0.0015 
75.7000 0.0000 0.0000 
75.8000 0.0000 0.0000 
75.9000 0.0000 0.0000 
76.0000 0.0000 0.0000 
76.1000 0.0000 0.0000 
76.2000 0.0000 0.0000 
76.3000 0.0000 0.0000 
76.4000 0.0000 0.0000 
76.5000 0.0000 0.0000 
76.6000 0.0000 0.0000 
76.7000 0.0000 0.0000 
76.8000 0.0000 0.0000 
76.9000 0.0000 0.0000 
77.0000 0.0000 0.0000 
77.1000 0.0000 0.0000 
77.2000 0.0000 0.0000 
77.3000 0.0000 0.0000 
77.4000 0.0000 0.0000 
77.5000 0.0000 0.0000 
77.6000 0.0000 0.0000 
77.7000 0.0000 0.0000 
77.8000 0.0000 0.0000 
77.9000 0.0000 0.0000 
78.0000 0.0000 0.0000 
78.1000 0.0000 0.0000 
78.2000 0.0000 0.0000 
78.3000 0.0000 0.0000 
78.4000 0.0000 0.0000 
78.5000 0.0000 0.0000 
78.6000 0.0000 0.0000 
78.7000 0.0000 0.0000 
78.8000 0.0000 0.0000 
78.9000 0.0000 0.0000 
79.0000 0.0000 0.0000 
79.1000 0.0000 0.0000 
79.2000 0.0000 0.0000 
79.3000 0.0000 0.0000 
79.4000 0.0000 0.0000 
79.5000 0.0000 0.0000 
79.6000 0.0000 0.0000 
79.7000 0.0000 0.0000 
79.8000 0.0000 0.0000 
79.9000 0.0000 0.0000 
80.0000 0.0000 0.0000 
80.1000 0.0000 0.0000 
80.2000 0.0000 0.0000 
80.3000 0.0000 0.0000 
80.4000 0.0200 0.0200 
80.5000 0.0400 0.0400 
80.6000 0.0600 0.0600 
80.7000 0.0799 0.0799 
80.8000 0.0998 0.0998 
80.9000 0.1196 0.1196 
81.0000 0.1393 0.1393 
81.1000 0.1589 0.1589 
81.2000 0.1784 0.1784 
81.3000 0.1977 0.1977 
81.4000 0.2170 0.2170 
81.5000 0.2360 0.2360 
81.6000 0.2549 0.2549 
81.7000 0.2736 0.2736 
81.8000 0.2921 0.2921 
81.9000 0.3104 0.3104 
82.0000 0.3285 0.3285 
82.1000 0.3463 0.3463 
82.2000 0.3639 0.3639 
82.3000 0.3813 0.3813 
82.4000 0.3984 0.3984 
82.5000 0.4152 0.4152 
82.6000 0.4317 0.4317 
82.7000 0.4480 0.4480 
82.8000 0.4640 0.4640 
82.9000 0.4797 0.4797 
83.0000 0.4951 0.4951 
83.1000 0.5102 0.5102 
83.2000 0.5250 0.5250 
83.3000 0.5395 0.5395 
83.4000 0.5537 0.5537 
83.5000 0.5675 0.5675 
83.6000 0.5811 0.5811 
83.7000 0.5786 0.5786 
83.8000 0.5761 0.5761 
83.9000 0.5736 0.5736 
84.0000 0.5711 0.5711 
84.1000 0.5686 0.5686 
84.2000 0.5661 0.5661 
84.3000 0.5636 0.5636 
84.4000 0.5611 0.5611 
84.5000 0.5586 0.5586 
84.6000 0.5561 0.5561 
