0.0000 0.9975 0.9975 
0.1000 0.9950 0.9950 
0.2000 0.9925 0.9925 
0.3000 0.9900 0.9900 
0.4000 0.9875 0.9875 
0.5000 0.9850 0.9850 
0.6000 0.9825 0.9825 
0.7000 0.9800 0.9800 
0.8000 0.9775 0.9775 
0.9000 0.9750 0.9750 
1.0000 0.9725 0.9725 
1.1000 0.9700 0.9700 
1.2000 0.9675 0.9675 
1.3000 0.9650 0.9650 
1.4000 0.9625 0.9625 
1.5000 0.9600 0.9600 
1.6000 0.9575 0.9575 
1.7000 0.9550 0.9550 
1.8000 0.9525 0.9525 
1.9000 0.9500 0.9500 
2.0000 0.9475 0.9475 
2.1000 0.9450 0.9450 
2.2000 0.9425 0.9425 
2.3000 0.9400 0.9400 
2.4000 0.9375 0.9375 
2.5000 0.9350 0.9350 
2.6000 0.9325 0.9325 
2.7000 0.9300 0.9300 
2.8000 0.9275 0.9275 
2.9000 0.9250 0.9250 
3.0000 0.9225 0.9225 
3.1000 0.9200 0.9200 
3.2000 0.9175 0.9175 
3.3000 0.9150 0.9150 
3.4000 0.9125 0.9125 
3.5000 0.9100 0.9100 
3.6000 0.9075 0.9075 
3.7000 0.9050 0.9050 
3.8000 0.9025 0.9025 
3.9000 0.9000 0.9000 
4.0000 0.8975 0.8975 
4.1000 0.8950 0.8950 
4.2000 0.8925 0.8925 
4.3000 0.8900 0.8900 
4.4000 0.8875 0.8875 
4.5000 0.8850 0.8850 
4.6000 0.8825 0.8825 
4.7000 0.8800 0.8800 
4.8000 0.8775 0.8775 
4.9000 0.8750 0.8750 
5.0000 0.8725 0.8725 
5.1000 0.8700 0.8700 
5.2000 0.8675 0.8675 
5.3000 0.8650 0.8650 
5.4000 0.8625 0.8625 
5.5000 0.8600 0.8600 
5.6000 0.8575 0.8575 
5.7000 0.8550 0.8550 
5.8000 0.8525 0.8525 
5.9000 0.8500 0.8500 
6.0000 0.8475 0.8475 
6.1000 0.8450 0.8450 
6.2000 0.8425 0.8425 
6.3000 0.8400 0.8400 
6.4000 0.8375 0.8375 
6.5000 0.8350 0.8350 
6.6000 0.8325 0.8325 
6.7000 0.8300 0.8300 
6.8000 0.8275 0.8275 
6.9000 0.8250 0.8250 
7.0000 0.8225 0.8225 
7.1000 0.8200 0.8200 
7.2000 0.8175 0.8175 
7.3000 0.8150 0.8150 
7.4000 0.8125 0.8125 
7.5000 0.8100 0.8100 
7.6000 0.8075 0.8075 
7.7000 0.8050 0.8050 
7.8000 0.8025 0.8025 
7.9000 0.8000 0.8000 
8.0000 0.7975 0.7975 
8.1000 0.7950 0.7950 
8.2000 0.7925 0.7925 
8.3000 0.7900 0.7900 
8.4000 0.7875 0.7875 
8.5000 0.7850 0.7850 
8.6000 0.7825 0.7825 
8.7000 0.7800 0.7800 
8.8000 0.7775 0.7775 
8.9000 0.7750 0.7750 
9.0000 0.7725 0.7725 
9.1000 0.7700 0.7700 
9.2000 0.7675 0.7675 
9.3000 0.7650 0.7650 
9.4000 0.7625 0.7625 
9.5000 0.7600 0.7600 
9.6000 0.7575 0.7575 
9.7000 0.7550 0.7550 
9.8000 0.7525 0.7525 
9.9000 0.7500 0.7500 
10.0000 0.7475 0.7475 
10.1000 0.7450 0.7450 
10.2000 0.7425 0.7425 
10.3000 0.7400 0.7400 
10.4000 0.7375 0.7375 
10.5000 0.7350 0.7350 
10.6000 0.7325 0.7325 
10.7000 0.7300 0.7300 
10.8000 0.7275 0.7275 
10.9000 0.7250 0.7250 
11.0000 0.7225 0.7225 
11.1000 0.7200 0.7200 
11.2000 0.7175 0.7175 
11.3000 0.7150 0.7150 
11.4000 0.7125 0.7125 
11.5000 0.7100 0.7100 
11.6000 0.7075 0.7075 
11.7000 0.7050 0.7050 
11.8000 0.7025 0.7025 
11.9000 0.7000 0.7000 
12.0000 0.6975 0.6975 
12.1000 0.6950 0.6950 
12.2000 0.6925 0.6925 
12.3000 0.6900 0.6900 
12.4000 0.6875 0.6875 
12.5000 0.6850 0.6850 
12.6000 0.6825 0.6825 
12.7000 0.6800 0.6800 
12.8000 0.6775 0.6775 
12.9000 0.6750 0.6750 
13.0000 0.6725 0.6725 
13.1000 0.6700 0.6700 
13.2000 0.6675 0.6675 
13.3000 0.6650 0.6650 
13.4000 0.6625 0.6625 
13.5000 0.6600 0.6600 
13.6000 0.6575 0.6575 
13.7000 0.6550 0.6550 
13.8000 0.6525 0.6525 
13.9000 0.6500 0.6500 
14.0000 0.6475 0.6475 
14.1000 0.6450 0.6450 
14.2000 0.6425 0.6425 
14.3000 0.6400 0.6400 
14.4000 0.6375 0.6375 
14.5000 0.6350 0.6350 
14.6000 0.6325 0.6325 
14.7000 0.6300 0.6300 
14.8000 0.6275 0.6275 
14.9000 0.6250 0.6250 
15.0000 0.6225 0.6225 
15.1000 0.6200 0.6200 
15.2000 0.6175 0.6175 
15.3000 0.6150 0.6150 
15.4000 0.6125 0.6125 
15.5000 0.6100 0.6100 
15.6000 0.6075 0.6075 
15.7000 0.6050 0.6050 
15.8000 0.6025 0.6025 
15.9000 0.6000 0.6000 
16.0000 0.5975 0.5975 
16.1000 0.5950 0.5950 
16.2000 0.5925 0.5925 
16.3000 0.5900 0.5900 
16.4000 0.5875 0.5875 
16.5000 0.5850 0.5850 
16.6000 0.5825 0.5825 
16.7000 0.5800 0.5800 
16.8000 0.5775 0.5775 
16.9000 0.5750 0.5750 
17.0000 0.5725 0.5725 
17.1000 0.5700 0.5700 
17.2000 0.5675 0.5675 
17.3000 0.5650 0.5650 
17.4000 0.5625 0.5625 
17.5000 0.5600 0.5600 
17.6000 0.5575 0.5575 
17.7000 0.5550 0.5550 
17.8000 0.5525 0.5525 
17.9000 0.5500 0.5500 
18.0000 0.5475 0.5475 
18.1000 0.5450 0.5450 
18.2000 0.5425 0.5425 
18.3000 0.5400 0.5400 
18.4000 0.5375 0.5375 
18.5000 0.5350 0.5350 
18.6000 0.5325 0.5325 
18.7000 0.5300 0.5300 
18.8000 0.5275 0.5275 
18.9000 0.5250 0.5250 
19.0000 0.5225 0.5225 
19.1000 0.5200 0.5200 
19.2000 0.5175 0.5175 
19.3000 0.5150 0.5150 
19.4000 0.5125 0.5125 
19.5000 0.5100 0.5100 
19.6000 0.5075 0.5075 
19.7000 0.5050 0.5050 
19.8000 0.5025 0.5025 
19.9000 0.5000 0.5000 
20.0000 0.4975 0.4975 
20.1000 0.4950 0.4950 
20.2000 0.4925 0.4925 
20.3000 0.4900 0.4900 
20.4000 0.4875 0.4875 
20.5000 0.4850 0.4850 
20.6000 0.4825 0.4825 
20.7000 0.4800 0.4800 
20.8000 0.4775 0.4775 
20.9000 0.4750 0.4750 
21.0000 0.4725 0.4725 
21.1000 0.4700 0.4700 
21.2000 0.4675 0.4675 
21.3000 0.4650 0.4650 
21.4000 0.4625 0.4625 
21.5000 0.4600 0.4600 
21.6000 0.4575 0.4575 
21.7000 0.4550 0.4550 
21.8000 0.4525 0.4525 
21.9000 0.4500 0.4500 
22.0000 0.4475 0.4475 
22.1000 0.4450 0.4450 
22.2000 0.4425 0.4425 
22.3000 0.4400 0.4400 
22.4000 0.4375 0.4375 
22.5000 0.4350 0.4350 
22.6000 0.4325 0.4325 
22.7000 0.4300 0.4300 
22.8000 0.4275 0.4275 
22.9000 0.4250 0.4250 
23.0000 0.4225 0.4225 
23.1000 0.4200 0.4200 
23.2000 0.4175 0.4175 
23.3000 0.4150 0.4150 
23.4000 0.4125 0.4125 
23.5000 0.4100 0.4100 
23.6000 0.4075 0.4075 
23.7000 0.4050 0.4050 
23.8000 0.4025 0.4025 
23.9000 0.4000 0.4000 
24.0000 0.3975 0.3975 
24.1000 0.3950 0.3950 
24.2000 0.3925 0.3925 
24.3000 0.3900 0.3900 
24.4000 0.3875 0.3875 
24.5000 0.3850 0.3850 
24.6000 0.3825 0.3825 
24.7000 0.3800 0.3800 
24.8000 0.3775 0.3775 
24.9000 0.3750 0.3750 
25.0000 0.3725 0.3725 
25.1000 0.3700 0.3700 
25.2000 0.3675 0.3675 
25.3000 0.3650 0.3650 
25.4000 0.3625 0.3625 
25.5000 0.3600 0.3600 
25.6000 0.3575 0.3575 
25.7000 0.3550 0.3550 
25.8000 0.3525 0.3525 
25.9000 0.3500 0.3500 
26.0000 0.3475 0.3475 
26.1000 0.3450 0.3450 
26.2000 0.3425 0.3425 
26.3000 0.3400 0.3400 
26.4000 0.3375 0.3375 
26.5000 0.3350 0.3350 
26.6000 0.3325 0.3325 
26.7000 0.3300 0.3300 
26.8000 0.3275 0.3275 
26.9000 0.3250 0.3250 
27.0000 0.3225 0.3225 
27.1000 0.3200 0.3200 
27.2000 0.3175 0.3175 
27.3000 0.3150 0.3150 
27.4000 0.3125 0.3125 
27.5000 0.3100 0.3100 
27.6000 0.3075 0.3075 
27.7000 0.3050 0.3050 
27.8000 0.3025 0.3025 
27.9000 0.3000 0.3000 
28.0000 0.2975 0.2975 
28.1000 0.2950 0.2950 
28.2000 0.2925 0.2925 
28.3000 0.2900 0.2900 
28.4000 0.2875 0.2875 
28.5000 0.2850 0.2850 
28.6000 0.2825 0.2825 
28.7000 0.2800 0.2800 
28.8000 0.2775 0.2775 
28.9000 0.2750 0.2750 
29.0000 0.2725 0.2725 
29.1000 0.2700 0.2700 
29.2000 0.2675 0.2675 
29.3000 0.2650 0.2650 
29.4000 0.2625 0.2625 
29.5000 0.2600 0.2600 
29.6000 0.2575 0.2575 
29.7000 0.2550 0.2550 
29.8000 0.2525 0.2525 
29.9000 0.2500 0.2500 
30.0000 0.2475 0.2475 
30.1000 0.2450 0.2450 
30.2000 0.2425 0.2425 
30.3000 0.2400 0.2400 
30.4000 0.2375 0.2375 
30.5000 0.2350 0.2350 
30.6000 0.2325 0.2325 
30.7000 0.2300 0.2300 
30.8000 0.2275 0.2275 
30.9000 0.2250 0.2250 
31.0000 0.2225 0.2225 
31.1000 0.2200 0.2200 
31.2000 0.2175 0.2175 
31.3000 0.2150 0.2150 
31.4000 0.2125 0.2125 
31.5000 0.2100 0.2100 
31.6000 0.2075 0.2075 
31.7000 0.2050 0.2050 
31.8000 0.2025 0.2025 
31.9000 0.2000 0.2000 
32.0000 0.1975 0.1975 
32.1000 0.1950 0.1950 
32.2000 0.2142 0.2142 
32.3000 0.2333 0.2333 
32.4000 0.2522 0.2522 
32.5000 0.2710 0.2710 
32.6000 0.2895 0.2895 
32.7000 0.3078 0.3078 
32.8000 0.3259 0.3259 
32.9000 0.3438 0.3438 
33.0000 0.3614 0.3614 
33.1000 0.3788 0.3788 
33.2000 0.3959 0.3959 
33.3000 0.4128 0.4128 
33.4000 0.4294 0.4294 
33.5000 0.4457 0.4457 
33.6000 0.4617 0.4617 
33.7000 0.4775 0.4775 
33.8000 0.4929 0.4929 
33.9000 0.5081 0.5081 
34.0000 0.5229 0.5229 
34.1000 0.5374 0.5374 
34.2000 0.5517 0.5517 
34.3000 0.5656 0.5656 
34.4000 0.5792 0.5792 
34.5000 0.5925 0.5925 
34.6000 0.6054 0.6054 
34.7000 0.6181 0.6181 
34.8000 0.6305 0.6305 
34.9000 0.6425 0.6425 
35.0000 0.6543 0.6543 
35.1000 0.6657 0.6657 
35.2000 0.6768 0.6768 
35.3000 0.6877 0.6877 
35.4000 0.6982 0.6982 
35.5000 0.7085 0.7085 
35.6000 0.7184 0.7184 
35.7000 0.7281 0.7281 
35.8000 0.7375 0.7375 
35.9000 0.7466 0.7466 
36.0000 0.7555 0.7555 
36.1000 0.7641 0.7641 
36.2000 0.7724 0.7724 
36.3000 0.7805 0.7805 
36.4000 0.7883 0.7883 
36.5000 0.7958 0.7958 
36.6000 0.8032 0.8032 
36.7000 0.8103 0.8103 
36.8000 0.8171 0.8171 
36.9000 0.8238 0.8238 
37.0000 0.8302 0.8302 
37.1000 0.8364 0.8364 
37.2000 0.8424 0.8424 
37.3000 0.8482 0.8482 
37.4000 0.8539 0.8539 
37.5000 0.8593 0.8593 
37.6000 0.8645 0.8645 
37.7000 0.8696 0.8696 
37.8000 0.8744 0.8744 
37.9000 0.8791 0.8791 
38.0000 0.8837 0.8837 
38.1000 0.8881 0.8881 
38.2000 0.8923 0.8923 
38.3000 0.8964 0.8964 
38.4000 0.9003 0.9003 
38.5000 0.9041 0.9041 
38.6000 0.9077 0.9077 
38.7000 0.9113 0.9113 
38.8000 0.9147 0.9147 
38.9000 0.9179 0.9179 
39.0000 0.9211 0.9211 
39.1000 0.9241 0.9241 
39.2000 0.9270 0.9270 
39.3000 0.9298 0.9298 
39.4000 0.9325 0.9325 
39.5000 0.9352 0.9352 
39.6000 0.9377 0.9377 
39.7000 0.9401 0.9401 
39.8000 0.9424 0.9424 
39.9000 0.9446 0.9446 
40.0000 0.9468 0.9468 
40.1000 0.9489 0.9489 
40.2000 0.9509 0.9509 
40.3000 0.9528 0.9528 
40.4000 0.9546 0.9546 
40.5000 0.9564 0.9564 
40.6000 0.9581 0.9581 
40.7000 0.9597 0.9597 
40.8000 0.9613 0.9613 
40.9000 0.9588 0.9588 
41.0000 0.9563 0.9563 
41.1000 0.9538 0.9538 
41.2000 0.9513 0.9513 
41.3000 0.9488 0.9488 
41.4000 0.9463 0.9463 
41.5000 0.9438 0.9438 
41.6000 0.9413 0.9413 
41.7000 0.9388 0.9388 
41.8000 0.9363 0.9363 
41.9000 0.9338 0.9338 
42.0000 0.9313 0.9313 
42.1000 0.9288 0.9288 
42.2000 0.9263 0.9263 
42.3000 0.9238 0.9238 
42.4000 0.9213 0.9213 
42.5000 0.9188 0.9188 
42.6000 0.9163 0.9163 
42.7000 0.9138 0.9138 
42.8000 0.9113 0.9113 
42.9000 0.9088 0.9088 
43.0000 0.9063 0.9063 
43.1000 0.9038 0.9038 
43.2000 0.9013 0.9013 
43.3000 0.8988 0.8988 
43.4000 0.8963 0.8963 
43.5000 0.8938 0.8938 
43.6000 0.8913 0.8913 
43.7000 0.8888 0.8888 
43.8000 0.8863 0.8863 
43.9000 0.8838 0.8838 
44.0000 0.8813 0.8813 
44.1000 0.8788 0.8788 
44.2000 0.8763 0.8763 
44.3000 0.8738 0.8738 
44.4000 0.8713 0.8713 
44.5000 0.8688 0.8688 
44.6000 0.8663 0.8663 
44.7000 0.8638 0.8638 
44.8000 0.8613 0.8613 
44.9000 0.8588 0.8588 
45.0000 0.8563 0.8563 
45.1000 0.8538 0.8538 
45.2000 0.8513 0.8513 
45.3000 0.8488 0.8488 
45.4000 0.8463 0.8463 
45.5000 0.8438 0.8438 
45.6000 0.8413 0.8413 
45.7000 0.8388 0.8388 
45.8000 0.8363 0.8363 
45.9000 0.8338 0.8338 
46.0000 0.8313 0.8313 
46.1000 0.8288 0.8288 
46.2000 0.8263 0.8263 
46.3000 0.8238 0.8238 
46.4000 0.8213 0.8213 
46.5000 0.8188 0.8188 
46.6000 0.8163 0.8163 
46.7000 0.8138 0.8138 
46.8000 0.8113 0.8113 
46.9000 0.8088 0.8088 
47.0000 0.8063 0.8063 
47.1000 0.8038 0.8038 
47.2000 0.8013 0.8013 
47.3000 0.7988 0.7988 
47.4000 0.7963 0.7963 
47.5000 0.7938 0.7938 
47.6000 0.7913 0.7913 
47.7000 0.7888 0.7888 
47.8000 0.7863 0.7863 
47.9000 0.7838 0.7838 
48.0000 0.7813 0.7813 
48.1000 0.7788 0.7788 
48.2000 0.7763 0.7763 
48.3000 0.7738 0.7738 
48.4000 0.7713 0.7713 
48.5000 0.7688 0.7688 
48.6000 0.7663 0.7663 
48.7000 0.7638 0.7638 
48.8000 0.7613 0.7613 
48.9000 0.7588 0.7588 
49.0000 0.7563 0.7563 
49.1000 0.7538 0.7538 
49.2000 0.7513 0.7513 
49.3000 0.7488 0.7488 
49.4000 0.7463 0.7463 
49.5000 0.7438 0.7438 
49.6000 0.7413 0.7413 
49.7000 0.7388 0.7388 
49.8000 0.7363 0.7363 
49.9000 0.7338 0.7338 
50.0000 0.7313 0.7313 
50.1000 0.7288 0.7288 
50.2000 0.7263 0.7263 
50.3000 0.7238 0.7238 
50.4000 0.7213 0.7213 
50.5000 0.7188 0.7188 
50.6000 0.7163 0.7163 
50.7000 0.7138 0.7138 
50.8000 0.7113 0.7113 
50.9000 0.7088 0.7088 
51.0000 0.7063 0.7063 
51.1000 0.7038 0.7038 
51.2000 0.7013 0.7013 
51.3000 0.6988 0.6988 
51.4000 0.6963 0.6963 
51.5000 0.6938 0.6938 
51.6000 0.6913 0.6913 
51.7000 0.6888 0.6888 
51.8000 0.6863 0.6863 
51.9000 0.6838 0.6838 
52.0000 0.6813 0.6813 
52.1000 0.6788 0.6788 
52.2000 0.6763 0.6763 
52.3000 0.6738 0.6738 
52.4000 0.6713 0.6713 
52.5000 0.6688 0.6688 
52.6000 0.6663 0.6663 
52.7000 0.6638 0.6638 
52.8000 0.6613 0.6613 
52.9000 0.6588 0.6588 
53.0000 0.6563 0.6563 
53.1000 0.6538 0.6538 
53.2000 0.6513 0.6513 
53.3000 0.6488 0.6488 
53.4000 0.6463 0.6463 
53.5000 0.6438 0.6438 
53.6000 0.6413 0.6413 
53.7000 0.6388 0.6388 
53.8000 0.6363 0.6363 
53.9000 0.6338 0.6338 
54.0000 0.6313 0.6313 
54.1000 0.6288 0.6288 
54.2000 0.6263 0.6263 
54.3000 0.6238 0.6238 
54.4000 0.6213 0.6213 
54.5000 0.6188 0.6188 
54.6000 0.6163 0.6163 
54.7000 0.6138 0.6138 
54.8000 0.6113 0.6113 
54.9000 0.6088 0.6088 
55.0000 0.6063 0.6063 
55.1000 0.6038 0.6038 
55.2000 0.6013 0.6013 
55.3000 0.5988 0.5988 
55.4000 0.5963 0.5963 
55.5000 0.5938 0.5938 
55.6000 0.5913 0.5913 
55.7000 0.5888 0.5888 
55.8000 0.5863 0.5863 
55.9000 0.5838 0.5838 
56.0000 0.5813 0.5813 
56.1000 0.5788 0.5788 
56.2000 0.5763 0.5763 
56.3000 0.5738 0.5738 
56.4000 0.5713 0.5713 
56.5000 0.5688 0.5688 
56.6000 0.5663 0.5663 
56.7000 0.5638 0.5638 
56.8000 0.5613 0.5613 
56.9000 0.5588 0.5588 
57.0000 0.5563 0.5563 
57.1000 0.5538 0.5538 
57.2000 0.5513 0.5513 
57.3000 0.5488 0.5488 
57.4000 0.5463 0.5463 
57.5000 0.5438 0.5438 
57.6000 0.5413 0.5413 
57.7000 0.5388 0.5388 
57.8000 0.5363 0.5363 
57.9000 0.5338 0.5338 
58.0000 0.5313 0.5313 
58.1000 0.5288 0.5288 
58.2000 0.5263 0.5263 
58.3000 0.5238 0.5238 
58.4000 0.5213 0.5213 
58.5000 0.5188 0.5188 
58.6000 0.5163 0.5163 
58.7000 0.5138 0.5138 
58.8000 0.5113 0.5113 
58.9000 0.5088 0.5088 
59.0000 0.5063 0.5063 
59.1000 0.5038 0.5038 
59.2000 0.5013 0.5013 
59.3000 0.4988 0.4988 
59.4000 0.4963 0.4963 
59.5000 0.4938 0.4938 
59.6000 0.4913 0.4913 
59.7000 0.4888 0.4888 
59.8000 0.4863 0.4863 
59.9000 0.4838 0.4838 
60.0000 0.4813 0.4813 
60.1000 0.4788 0.4788 
60.2000 0.4763 0.4763 
60.3000 0.4738 0.4738 
60.4000 0.4713 0.4713 
60.5000 0.4688 0.4688 
60.6000 0.4663 0.4663 
60.7000 0.4638 0.4638 
60.8000 0.4613 0.4613 
60.9000 0.4588 0.4588 
61.0000 0.4563 0.4563 
61.1000 0.4538 0.4538 
61.2000 0.4513 0.4513 
61.3000 0.4488 0.4488 
61.4000 0.4463 0.4463 
61.5000 0.4438 0.4438 
61.6000 0.4413 0.4413 
61.7000 0.4388 0.4388 
61.8000 0.4363 0.4363 
61.9000 0.4338 0.4338 
62.0000 0.4313 0.4313 
62.1000 0.4288 0.4288 
62.2000 0.4263 0.4263 
62.3000 0.4238 0.4238 
62.4000 0.4213 0.4213 
62.5000 0.4188 0.4188 
62.6000 0.4163 0.4163 
62.7000 0.4138 0.4138 
62.8000 0.4113 0.4113 
62.9000 0.4088 0.4088 
63.0000 0.4063 0.4063 
63.1000 0.4038 0.4038 
63.2000 0.4013 0.4013 
63.3000 0.3988 0.3988 
63.4000 0.3963 0.3963 
63.5000 0.3938 0.3938 
63.6000 0.3913 0.3913 
63.7000 0.3888 0.3888 
63.8000 0.3863 0.3863 
63.9000 0.3838 0.3838 
64.0000 0.3813 0.3813 
64.1000 0.3788 0.3788 
64.2000 0.3763 0.3763 
64.3000 0.3738 0.3738 
64.4000 0.3713 0.3713 
64.5000 0.3688 0.3688 
64.6000 0.3663 0.3663 
64.7000 0.3638 0.3638 
64.8000 0.3613 0.3613 
64.9000 0.3588 0.3588 
65.0000 0.3563 0.3563 
65.1000 0.3538 0.3538 
65.2000 0.3513 0.3513 
65.3000 0.3488 0.3488 
65.4000 0.3463 0.3463 
65.5000 0.3438 0.3438 
65.6000 0.3413 0.3413 
65.7000 0.3388 0.3388 
65.8000 0.3363 0.3363 
65.9000 0.3338 0.3338 
66.0000 0.3313 0.3313 
66.1000 0.3288 0.3288 
66.2000 0.3263 0.3263 
66.3000 0.3238 0.3238 
66.4000 0.3213 0.3213 
66.5000 0.3188 0.3188 
66.6000 0.3163 0.3163 
66.7000 0.3138 0.3138 
66.8000 0.3113 0.3113 
66.9000 0.3088 0.3088 
67.0000 0.3063 0.3063 
67.1000 0.3038 0.3038 
67.2000 0.3013 0.3013 
67.3000 0.2988 0.2988 
67.4000 0.2963 0.2963 
67.5000 0.2938 0.2938 
67.6000 0.2913 0.2913 
67.7000 0.2888 0.2888 
67.8000 0.2863 0.2863 
67.9000 0.2838 0.2838 
68.0000 0.2813 0.2813 
68.1000 0.2788 0.2788 
68.2000 0.2763 0.2763 
68.3000 0.2738 0.2738 
68.4000 0.2713 0.2713 
68.5000 0.2688 0.2688 
68.6000 0.2663 0.2663 
68.7000 0.2638 0.2638 
68.8000 0.2613 0.2613 
68.9000 0.2588 0.2588 
69.0000 0.2563 0.2563 
69.1000 0.2538 0.2538 
69.2000 0.2513 0.2513 
69.3000 0.2488 0.2488 
69.4000 0.2463 0.2463 
69.5000 0.2438 0.2438 
69.6000 0.2413 0.2413 
69.7000 0.2388 0.2388 
69.8000 0.2363 0.2363 
69.9000 0.2338 0.2338 
70.0000 0.2313 0.2313 
70.1000 0.2288 0.2288 
70.2000 0.2263 0.2263 
70.3000 0.2238 0.2238 
70.4000 0.2213 0.2213 
70.5000 0.2188 0.2188 
70.6000 0.2163 0.2163 
70.7000 0.2138 0.2138 
70.8000 0.2113 0.2113 
70.9000 0.2088 0.2088 
71.0000 0.2063 0.2063 
71.1000 0.2038 0.2038 
71.2000 0.2013 0.2013 
71.3000 0.1988 0.1988 
71.4000 0.1963 0.1963 
71.5000 0.1938 0.1938 
71.6000 0.1913 0.1913 
71.7000 0.1888 0.1888 
71.8000 0.1863 0.1863 
71.9000 0.1838 0.1838 
72.0000 0.1813 0.1813 
72.1000 0.1788 0.1788 
72.2000 0.1763 0.1763 
72.3000 0.1738 0.1738 
72.4000 0.1713 0.1713 
72.5000 0.1688 0.1688 
72.6000 0.1663 0.1663 
72.7000 0.1638 0.1638 
72.8000 0.1613 0.1613 
72.9000 0.1588 0.1588 
73.0000 0.1563 0.1563 
73.1000 0.1538 0.1538 
73.2000 0.1513 0.1513 
73.3000 0.1488 0.1488 
73.4000 0.1463 0.1463 
73.5000 0.1438 0.1438 
73.6000 0.1413 0.1413 
73.7000 0.1388 0.1388 
73.8000 0.1363 0.1363 
73.9000 0.1338 0.1338 
74.0000 0.1313 0.1313 
74.1000 0.1288 0.1288 
74.2000 0.1263 0.1263 
74.3000 0.1238 0.1238 
74.4000 0.1213 0.1213 
74.5000 0.1188 0.1188 
74.6000 0.1163 0.1163 
74.7000 0.1138 0.1138 
74.8000 0.1113 0.1113 
74.9000 0.1088 0.1088 
75.0000 0.1063 0.1063 
75.1000 0.1038 0.1038 
75.2000 0.1013 0.1013 
75.3000 0.0988 0.0988 
75.4000 0.0963 0.0963 
75.5000 0.0938 0.0938 
75.6000 0.0913 0.0913 
75.7000 0.0888 0.0888 
75.8000 0.0863 0.0863 
75.9000 0.0838 0.0838 
76.0000 0.0813 0.0813 
76.1000 0.0788 0.0788 
76.2000 0.0763 0.0763 
76.3000 0.0738 0.0738 
76.4000 0.0713 0.0713 
76.5000 0.0688 0.0688 
76.6000 0.0663 0.0663 
76.7000 0.0638 0.0638 
76.8000 0.0613 0.0613 
76.9000 0.0588 0.0588 
77.0000 0.0563 0.0563 
77.1000 0.0538 0.0538 
77.2000 0.0513 0.0513 
77.3000 0.0488 0.0488 
77.4000 0.0463 0.0463 
77.5000 0.0438 0.0438 
77.6000 0.0413 0.0413 
77.7000 0.0388 0.0388 
77.8000 0.0363 0.0363 
77.9000 0.0338 0.0338 
78.0000 0.0313 0.0313 
78.1000 0.0288 0.0288 
78.2000 0.0263 0.0263 
78.3000 0.0238 0.0238 
78.4000 0.0213 0.0213 
78.5000 0.0188 0.0188 
78.6000 0.0163 0.0163 
78.7000 0.0138 0.0138 
78.8000 0.0113 0.0113 
78.9000 0.0088 0.0088 
79.0000 0.0063 0.0063 
79.1000 0.0038 0.0038 
79.2000 0.0013 0.0013 
79.3000 0.0000 0.0000 
79.4000 0.0000 0.0000 
79.5000 0.0000 0.0000 
79.6000 0.0000 0.0000 
79.7000 0.0000 0.0000 
79.8000 0.0000 0.0000 
79.9000 0.0000 0.0000 
80.0000 0.0200 0.0200 
80.1000 0.0400 0.0400 
80.2000 0.0600 0.0600 
80.3000 0.0799 0.0799 
80.4000 0.0998 0.0998 
80.5000 0.1196 0.1196 
80.6000 0.1393 0.1393 
80.7000 0.1589 0.1589 
80.8000 0.1784 0.1784 
80.9000 0.1977 0.1977 
81.0000 0.2170 0.2170 
81.1000 0.2360 0.2360 
81.2000 0.2549 0.2549 
81.3000 0.2736 0.2736 
81.4000 0.2921 0.2921 
81.5000 0.3104 0.3104 
81.6000 0.3285 0.3285 
81.7000 0.3463 0.3463 
81.8000 0.3639 0.3639 
81.9000 0.3813 0.3813 
82.0000 0.3984 0.3984 
82.1000 0.4152 0.4152 
82.2000 0.4317 0.4317 
82.3000 0.4480 0.4480 
82.4000 0.4640 0.4640 
82.5000 0.4797 0.4797 
82.6000 0.4951 0.4951 
82.7000 0.5102 0.5102 
82.8000 0.5250 0.5250 
82.9000 0.5395 0.5395 
83.0000 0.5537 0.5537 
83.1000 0.5675 0.5675 
83.2000 0.5811 0.5811 
83.3000 0.5943 0.5943 
83.4000 0.6073 0.6073 
83.5000 0.6199 0.6199 
83.6000 0.6322 0.6322 
83.7000 0.6442 0.6442 
83.8000 0.6559 0.6559 
83.9000 0.6673 0.6673 
84.0000 0.6784 0.6784 
84.1000 0.6892 0.6892 
84.2000 0.6997 0.6997 
84.3000 0.7099 0.7099 
84.4000 0.7198 0.7198 
84.5000 0.7295 0.7295 
84.6000 0.7388 0.7388 
84.7000 0.7479 0.7479 
84.8000 0.7567 0.7567 
84.9000 0.7653 0.7653 
85.0000 0.7735 0.7735 
85.1000 0.7816 0.7816 
85.2000 0.7894 0.7894 
85.3000 0.7969 0.7969 
85.4000 0.8042 0.8042 
85.5000 0.8113 0.8113 
85.6000 0.8181 0.8181 
85.7000 0.8247 0.8247 
85.8000 0.8311 0.8311 
85.9000 0.8373 0.8373 
86.0000 0.8433 0.8433 
86.1000 0.8491 0.8491 
86.2000 0.8546 0.8546 
86.3000 0.8600 0.8600 
86.4000 0.8652 0.8652 
86.5000 0.8703 0.8703 
86.6000 0.8751 0.8751 
86.7000 0.8798 0.8798 
86.8000 0.8843 0.8843 
86.9000 0.8887 0.8887 
87.0000 0.8929 0.8929 
87.1000 0.8969 0.8969 
87.2000 0.9008 0.9008 
87.3000 0.9046 0.9046 
87.4000 0.9083 0.9083 
87.5000 0.9118 0.9118 
87.6000 0.9151 0.9151 
87.7000 0.9184 0.9184 
87.8000 0.9215 0.9215 
87.9000 0.9245 0.9245 
88.0000 0.9274 0.9274 
88.1000 0.9302 0.9302 
88.2000 0.9329 0.9329 
88.3000 0.9355 0.9355 
88.4000 0.9380 0.9380 
88.5000 0.9404 0.9404 
88.6000 0.9427 0.9427 
88.7000 0.9402 0.9402 
88.8000 0.9377 0.9377 
88.9000 0.9352 0.9352 
89.0000 0.9327 0.9327 
89.1000 0.9302 0.9302 
89.2000 0.9277 0.9277 
89.3000 0.9252 0.9252 
89.4000 0.9227 0.9227 
89.5000 0.9202 0.9202 
89.6000 0.9177 0.9177 
89.7000 0.9152 0.9152 
89.8000 0.9127 0.9127 
89.9000 0.9102 0.9102 
90.0000 0.9077 0.9077 
90.1000 0.9052 0.9052 
90.2000 0.9027 0.9027 
90.3000 0.9002 0.9002 
90.4000 0.8977 0.8977 
90.5000 0.8952 0.8952 
90.6000 0.8927 0.8927 
90.7000 0.8902 0.8902 
90.8000 0.8877 0.8877 
90.9000 0.8852 0.8852 
91.0000 0.8827 0.8827 
91.1000 0.8802 0.8802 
91.2000 0.8777 0.8777 
91.3000 0.8752 0.8752 
91.4000 0.8727 0.8727 
91.5000 0.8702 0.8702 
91.6000 0.8677 0.8677 
91.7000 0.8652 0.8652 
91.8000 0.8627 0.8627 
91.9000 0.8602 0.8602 
92.0000 0.8577 0.8577 
92.1000 0.8552 0.8552 
92.2000 0.8527 0.8527 
92.3000 0.8502 0.8502 
92.4000 0.8477 0.8477 
92.5000 0.8452 0.8452 
92.6000 0.8427 0.8427 
92.7000 0.8402 0.8402 
92.8000 0.8377 0.8377 
92.9000 0.8352 0.8352 
93.0000 0.8327 0.8327 
93.1000 0.8302 0.8302 
93.2000 0.8277 0.8277 
93.3000 0.8252 0.8252 
93.4000 0.8227 0.8227 
93.5000 0.8202 0.8202 
93.6000 0.8177 0.8177 
93.7000 0.8152 0.8152 
93.8000 0.8127 0.8127 
93.9000 0.8102 0.8102 
94.0000 0.8077 0.8077 
94.1000 0.8052 0.8052 
94.2000 0.8027 0.8027 
94.3000 0.8002 0.8002 
94.4000 0.7977 0.7977 
94.5000 0.7952 0.7952 
94.6000 0.7927 0.7927 
94.7000 0.7902 0.7902 
94.8000 0.7877 0.7877 
94.9000 0.7852 0.7852 
95.0000 0.7827 0.7827 
95.1000 0.7802 0.7802 
95.2000 0.7777 0.7777 
95.3000 0.7752 0.7752 
95.4000 0.7727 0.7727 
95.5000 0.7702 0.7702 
95.6000 0.7677 0.7677 
95.7000 0.7652 0.7652 
95.8000 0.7627 0.7627 
95.9000 0.7602 0.7602 
96.0000 0.7577 0.7577 
96.1000 0.7552 0.7552 
96.2000 0.7527 0.7527 
96.3000 0.7502 0.7502 
96.4000 0.7477 0.7477 
96.5000 0.7452 0.7452 
96.6000 0.7427 0.7427 
96.7000 0.7402 0.7402 
96.8000 0.7377 0.7377 
96.9000 0.7352 0.7352 
97.0000 0.7327 0.7327 
97.1000 0.7302 0.7302 
97.2000 0.7277 0.7277 
97.3000 0.7252 0.7252 
97.4000 0.7227 0.7227 
97.5000 0.7202 0.7202 
97.6000 0.7177 0.7177 
97.7000 0.7152 0.7152 
97.8000 0.7127 0.7127 
97.9000 0.7102 0.7102 
98.0000 0.7077 0.7077 
98.1000 0.7052 0.7052 
98.2000 0.7027 0.7027 
98.3000 0.7002 0.7002 
98.4000 0.6977 0.6977 
98.5000 0.6952 0.6952 
98.6000 0.6927 0.6927 
98.7000 0.6902 0.6902 
98.8000 0.6877 0.6877 
98.9000 0.6852 0.6852 
99.0000 0.6827 0.6827 
99.1000 0.6802 0.6802 
99.2000 0.6777 0.6777 
99.3000 0.6752 0.6752 
99.4000 0.6727 0.6727 
99.5000 0.6702 0.6702 
99.6000 0.6677 0.6677 
99.7000 0.6652 0.6652 
99.8000 0.6627 0.6627 
99.9000 0.6602 0.6602 
100.0000 0.6577 0.6577 
100.1000 0.6552 0.6552 
100.2000 0.6527 0.6527 
100.3000 0.6502 0.6502 
100.4000 0.6477 0.6477 
100.5000 0.6452 0.6452 
100.6000 0.6427 0.6427 
100.7000 0.6402 0.6402 
100.8000 0.6377 0.6377 
100.9000 0.6352 0.6352 
101.0000 0.6327 0.6327 
101.1000 0.6302 0.6302 
101.2000 0.6277 0.6277 
101.3000 0.6252 0.6252 
101.4000 0.6227 0.6227 
101.5000 0.6202 0.6202 
101.6000 0.6177 0.6177 
101.7000 0.6152 0.6152 
101.8000 0.6127 0.6127 
101.9000 0.6102 0.6102 
102.0000 0.6077 0.6077 
102.1000 0.6052 0.6052 
102.2000 0.6027 0.6027 
102.3000 0.6002 0.6002 
102.4000 0.5977 0.5977 
102.5000 0.5952 0.5952 
102.6000 0.5927 0.5927 
102.7000 0.5902 0.5902 
102.8000 0.5877 0.5877 
102.9000 0.5852 0.5852 
103.0000 0.5827 0.5827 
103.1000 0.5802 0.5802 
