0.0000 0.9975 0.9975 
0.1000 0.9950 0.9950 
0.2000 0.9925 0.9925 
0.3000 0.9900 0.9900 
0.4000 0.9875 0.9875 
0.5000 0.9850 0.9850 
0.6000 0.9825 0.9825 
0.7000 0.9800 0.9800 
0.8000 0.9775 0.9775 
0.9000 0.9750 0.9750 
1.0000 0.9725 0.9725 
1.1000 0.9700 0.9700 
1.2000 0.9675 0.9675 
1.3000 0.9650 0.9650 
1.4000 0.9625 0.9625 
1.5000 0.9600 0.9600 
1.6000 0.9575 0.9575 
1.7000 0.9550 0.9550 
1.8000 0.9525 0.9525 
1.9000 0.9500 0.9500 
2.0000 0.9475 0.9475 
2.1000 0.9450 0.9450 
2.2000 0.9425 0.9425 
2.3000 0.9400 0.9400 
2.4000 0.9375 0.9375 
2.5000 0.9350 0.9350 
2.6000 0.9325 0.9325 
2.7000 0.9300 0.9300 
2.8000 0.9275 0.9275 
2.9000 0.9250 0.9250 
3.0000 0.9225 0.9225 
3.1000 0.9200 0.9200 
3.2000 0.9175 0.9175 
3.3000 0.9150 0.9150 
3.4000 0.9125 0.9125 
3.5000 0.9100 0.9100 
3.6000 0.9075 0.9075 
3.7000 0.9050 0.9050 
3.8000 0.9025 0.9025 
3.9000 0.9000 0.9000 
4.0000 0.8975 0.8975 
4.1000 0.8950 0.8950 
4.2000 0.8925 0.8925 
4.3000 0.8900 0.8900 
4.4000 0.8875 0.8875 
4.5000 0.8850 0.8850 
4.6000 0.8825 0.8825 
4.7000 0.8800 0.8800 
4.8000 0.8775 0.8775 
4.9000 0.8750 0.8750 
5.0000 0.8725 0.8725 
5.1000 0.8700 0.8700 
5.2000 0.8675 0.8675 
5.3000 0.8650 0.8650 
5.4000 0.8625 0.8625 
5.5000 0.8600 0.8600 
5.6000 0.8575 0.8575 
5.7000 0.8550 0.8550 
5.8000 0.8525 0.8525 
5.9000 0.8500 0.8500 
6.0000 0.8475 0.8475 
6.1000 0.8450 0.8450 
6.2000 0.8425 0.8425 
6.3000 0.8400 0.8400 
6.4000 0.8375 0.8375 
6.5000 0.8350 0.8350 
6.6000 0.8325 0.8325 
6.7000 0.8300 0.8300 
6.8000 0.8275 0.8275 
6.9000 0.8250 0.8250 
7.0000 0.8225 0.8225 
7.1000 0.8200 0.8200 
7.2000 0.8175 0.8175 
7.3000 0.8150 0.8150 
7.4000 0.8125 0.8125 
7.5000 0.8100 0.8100 
7.6000 0.8075 0.8075 
7.7000 0.8050 0.8050 
7.8000 0.8025 0.8025 
7.9000 0.8000 0.8000 
8.0000 0.7975 0.7975 
8.1000 0.7950 0.7950 
8.2000 0.7925 0.7925 
8.3000 0.7900 0.7900 
8.4000 0.7875 0.7875 
8.5000 0.7850 0.7850 
8.6000 0.7825 0.7825 
8.7000 0.7800 0.7800 
8.8000 0.7775 0.7775 
8.9000 0.7750 0.7750 
9.0000 0.7725 0.7725 
9.1000 0.7700 0.7700 
9.2000 0.7675 0.7675 
9.3000 0.7650 0.7650 
9.4000 0.7625 0.7625 
9.5000 0.7600 0.7600 
9.6000 0.7575 0.7575 
9.7000 0.7550 0.7550 
9.8000 0.7525 0.7525 
9.9000 0.7500 0.7500 
10.0000 0.7475 0.7475 
10.1000 0.7450 0.7450 
10.2000 0.7425 0.7425 
10.3000 0.7400 0.7400 
10.4000 0.7375 0.7375 
10.5000 0.7350 0.7350 
10.6000 0.7325 0.7325 
10.7000 0.7300 0.7300 
10.8000 0.7275 0.7275 
10.9000 0.7250 0.7250 
11.0000 0.7225 0.7225 
11.1000 0.7200 0.7200 
11.2000 0.7175 0.7175 
11.3000 0.7150 0.7150 
11.4000 0.7125 0.7125 
11.5000 0.7100 0.7100 
11.6000 0.7075 0.7075 
11.7000 0.7050 0.7050 
11.8000 0.7025 0.7025 
11.9000 0.7000 0.7000 
12.0000 0.6975 0.6975 
12.1000 0.6950 0.6950 
12.2000 0.6925 0.6925 
12.3000 0.6900 0.6900 
12.4000 0.6875 0.6875 
12.5000 0.6850 0.6850 
12.6000 0.6825 0.6825 
12.7000 0.6800 0.6800 
12.8000 0.6775 0.6775 
12.9000 0.6750 0.6750 
13.0000 0.6725 0.6725 
13.1000 0.6700 0.6700 
13.2000 0.6675 0.6675 
13.3000 0.6650 0.6650 
13.4000 0.6625 0.6625 
13.5000 0.6600 0.6600 
13.6000 0.6575 0.6575 
13.7000 0.6550 0.6550 
13.8000 0.6525 0.6525 
13.9000 0.6500 0.6500 
14.0000 0.6475 0.6475 
14.1000 0.6450 0.6450 
14.2000 0.6425 0.6425 
14.3000 0.6400 0.6400 
14.4000 0.6375 0.6375 
14.5000 0.6350 0.6350 
14.6000 0.6325 0.6325 
14.7000 0.6300 0.6300 
14.8000 0.6275 0.6275 
14.9000 0.6250 0.6250 
15.0000 0.6225 0.6225 
15.1000 0.6200 0.6200 
15.2000 0.6175 0.6175 
15.3000 0.6150 0.6150 
15.4000 0.6125 0.6125 
15.5000 0.6100 0.6100 
15.6000 0.6075 0.6075 
15.7000 0.6050 0.6050 
15.8000 0.6025 0.6025 
15.9000 0.6000 0.6000 
16.0000 0.5975 0.5975 
16.1000 0.5950 0.5950 
16.2000 0.5925 0.5925 
16.3000 0.5900 0.5900 
16.4000 0.5875 0.5875 
16.5000 0.5850 0.5850 
16.6000 0.5825 0.5825 
16.7000 0.5800 0.5800 
16.8000 0.5775 0.5775 
16.9000 0.5750 0.5750 
17.0000 0.5725 0.5725 
17.1000 0.5700 0.5700 
17.2000 0.5675 0.5675 
17.3000 0.5650 0.5650 
17.4000 0.5625 0.5625 
17.5000 0.5600 0.5600 
17.6000 0.5575 0.5575 
17.7000 0.5550 0.5550 
17.8000 0.5525 0.5525 
17.9000 0.5500 0.5500 
18.0000 0.5475 0.5475 
18.1000 0.5450 0.5450 
18.2000 0.5425 0.5425 
18.3000 0.5400 0.5400 
18.4000 0.5375 0.5375 
18.5000 0.5350 0.5350 
18.6000 0.5325 0.5325 
18.7000 0.5300 0.5300 
18.8000 0.5275 0.5275 
18.9000 0.5250 0.5250 
19.0000 0.5225 0.5225 
19.1000 0.5200 0.5200 
19.2000 0.5175 0.5175 
19.3000 0.5150 0.5150 
19.4000 0.5125 0.5125 
19.5000 0.5100 0.5100 
19.6000 0.5075 0.5075 
19.7000 0.5050 0.5050 
19.8000 0.5025 0.5025 
19.9000 0.5000 0.5000 
20.0000 0.4975 0.4975 
20.1000 0.4950 0.4950 
20.2000 0.4925 0.4925 
20.3000 0.4900 0.4900 
20.4000 0.4875 0.4875 
20.5000 0.4850 0.4850 
20.6000 0.4825 0.4825 
20.7000 0.4800 0.4800 
20.8000 0.4775 0.4775 
20.9000 0.4750 0.4750 
21.0000 0.4725 0.4725 
21.1000 0.4700 0.4700 
21.2000 0.4675 0.4675 
21.3000 0.4650 0.4650 
21.4000 0.4625 0.4625 
21.5000 0.4600 0.4600 
21.6000 0.4575 0.4575 
21.7000 0.4550 0.4550 
21.8000 0.4525 0.4525 
21.9000 0.4500 0.4500 
22.0000 0.4475 0.4475 
22.1000 0.4450 0.4450 
22.2000 0.4425 0.4425 
22.3000 0.4400 0.4400 
22.4000 0.4375 0.4375 
22.5000 0.4350 0.4350 
22.6000 0.4325 0.4325 
22.7000 0.4300 0.4300 
22.8000 0.4275 0.4275 
22.9000 0.4250 0.4250 
23.0000 0.4225 0.4225 
23.1000 0.4200 0.4200 
23.2000 0.4175 0.4175 
23.3000 0.4150 0.4150 
23.4000 0.4125 0.4125 
23.5000 0.4100 0.4100 
23.6000 0.4075 0.4075 
23.7000 0.4050 0.4050 
23.8000 0.4025 0.4025 
23.9000 0.4000 0.4000 
24.0000 0.3975 0.3975 
24.1000 0.3950 0.3950 
24.2000 0.3925 0.3925 
24.3000 0.3900 0.3900 
24.4000 0.3875 0.3875 
24.5000 0.3850 0.3850 
24.6000 0.3825 0.3825 
24.7000 0.3800 0.3800 
24.8000 0.3775 0.3775 
24.9000 0.3750 0.3750 
25.0000 0.3725 0.3725 
25.1000 0.3700 0.3700 
25.2000 0.3675 0.3675 
25.3000 0.3650 0.3650 
25.4000 0.3625 0.3625 
25.5000 0.3600 0.3600 
25.6000 0.3575 0.3575 
25.7000 0.3550 0.3550 
25.8000 0.3525 0.3525 
25.9000 0.3500 0.3500 
26.0000 0.3475 0.3475 
26.1000 0.3450 0.3450 
26.2000 0.3425 0.3425 
26.3000 0.3400 0.3400 
26.4000 0.3375 0.3375 
26.5000 0.3350 0.3350 
26.6000 0.3325 0.3325 
26.7000 0.3300 0.3300 
26.8000 0.3275 0.3275 
26.9000 0.3250 0.3250 
27.0000 0.3225 0.3225 
27.1000 0.3200 0.3200 
27.2000 0.3175 0.3175 
27.3000 0.3150 0.3150 
27.4000 0.3125 0.3125 
27.5000 0.3100 0.3100 
27.6000 0.3075 0.3075 
27.7000 0.3050 0.3050 
27.8000 0.3025 0.3025 
27.9000 0.3000 0.3000 
28.0000 0.2975 0.2975 
28.1000 0.2950 0.2950 
28.2000 0.2925 0.2925 
28.3000 0.2900 0.2900 
28.4000 0.2875 0.2875 
28.5000 0.2850 0.2850 
28.6000 0.2825 0.2825 
28.7000 0.2800 0.2800 
28.8000 0.2775 0.2775 
28.9000 0.2750 0.2750 
29.0000 0.2725 0.2725 
29.1000 0.2700 0.2700 
29.2000 0.2675 0.2675 
29.3000 0.2650 0.2650 
29.4000 0.2625 0.2625 
29.5000 0.2600 0.2600 
29.6000 0.2575 0.2575 
29.7000 0.2550 0.2550 
29.8000 0.2525 0.2525 
29.9000 0.2500 0.2500 
30.0000 0.2475 0.2475 
30.1000 0.2450 0.2450 
30.2000 0.2425 0.2425 
30.3000 0.2400 0.2400 
30.4000 0.2375 0.2375 
30.5000 0.2350 0.2350 
30.6000 0.2325 0.2325 
30.7000 0.2300 0.2300 
30.8000 0.2275 0.2275 
30.9000 0.2250 0.2250 
31.0000 0.2225 0.2225 
31.1000 0.2200 0.2200 
31.2000 0.2175 0.2175 
31.3000 0.2150 0.2150 
31.4000 0.2125 0.2125 
31.5000 0.2100 0.2100 
31.6000 0.2075 0.2075 
31.7000 0.2050 0.2050 
31.8000 0.2025 0.2025 
31.9000 0.2000 0.2000 
32.0000 0.1975 0.1975 
32.1000 0.1950 0.1950 
32.2000 0.1925 0.1925 
32.3000 0.1900 0.1900 
32.4000 0.1875 0.1875 
32.5000 0.1850 0.1850 
32.6000 0.1825 0.1825 
32.7000 0.1800 0.1800 
32.8000 0.1775 0.1775 
32.9000 0.1750 0.1750 
33.0000 0.1725 0.1725 
33.1000 0.1700 0.1700 
33.2000 0.1675 0.1675 
33.3000 0.1650 0.1650 
33.4000 0.1625 0.1625 
33.5000 0.1600 0.1600 
33.6000 0.1575 0.1575 
33.7000 0.1550 0.1550 
33.8000 0.1525 0.1525 
33.9000 0.1500 0.1500 
34.0000 0.1475 0.1475 
34.1000 0.1450 0.1450 
34.2000 0.1425 0.1425 
34.3000 0.1400 0.1400 
34.4000 0.1375 0.1375 
34.5000 0.1350 0.1350 
34.6000 0.1325 0.1325 
34.7000 0.1300 0.1300 
34.8000 0.1275 0.1275 
34.9000 0.1250 0.1250 
35.0000 0.1225 0.1225 
35.1000 0.1200 0.1200 
35.2000 0.1175 0.1175 
35.3000 0.1150 0.1150 
35.4000 0.1125 0.1125 
35.5000 0.1100 0.1100 
35.6000 0.1075 0.1075 
35.7000 0.1050 0.1050 
35.8000 0.1025 0.1025 
35.9000 0.1000 0.1000 
36.0000 0.0975 0.0975 
36.1000 0.0950 0.0950 
36.2000 0.0925 0.0925 
36.3000 0.0900 0.0900 
36.4000 0.0875 0.0875 
36.5000 0.0850 0.0850 
36.6000 0.0825 0.0825 
36.7000 0.0800 0.0800 
36.8000 0.0775 0.0775 
36.9000 0.0750 0.0750 
37.0000 0.0725 0.0725 
37.1000 0.0700 0.0700 
37.2000 0.0675 0.0675 
37.3000 0.0650 0.0650 
37.4000 0.0625 0.0625 
37.5000 0.0600 0.0600 
37.6000 0.0575 0.0575 
37.7000 0.0550 0.0550 
37.8000 0.0525 0.0525 
37.9000 0.0500 0.0500 
38.0000 0.0475 0.0475 
38.1000 0.0450 0.0450 
38.2000 0.0425 0.0425 
38.3000 0.0400 0.0400 
38.4000 0.0375 0.0375 
38.5000 0.0350 0.0350 
38.6000 0.0325 0.0325 
38.7000 0.0300 0.0300 
38.8000 0.0275 0.0275 
38.9000 0.0250 0.0250 
39.0000 0.0225 0.0225 
39.1000 0.0200 0.0200 
39.2000 0.0175 0.0175 
39.3000 0.0150 0.0150 
39.4000 0.0125 0.0125 
39.5000 0.0100 0.0100 
39.6000 0.0075 0.0075 
39.7000 0.0050 0.0050 
39.8000 0.0025 0.0025 
39.9000 0.0000 0.0000 
40.0000 0.0200 0.0200 
40.1000 0.0400 0.0400 
40.2000 0.0600 0.0600 
40.3000 0.0799 0.0799 
40.4000 0.0998 0.0998 
40.5000 0.1196 0.1196 
40.6000 0.1393 0.1393 
40.7000 0.1589 0.1589 
40.8000 0.1784 0.1784 
40.9000 0.1977 0.1977 
41.0000 0.2170 0.2170 
41.1000 0.2360 0.2360 
41.2000 0.2549 0.2549 
41.3000 0.2736 0.2736 
41.4000 0.2921 0.2921 
41.5000 0.3104 0.3104 
41.6000 0.3285 0.3285 
41.7000 0.3463 0.3463 
41.8000 0.3639 0.3639 
41.9000 0.3813 0.3813 
42.0000 0.3984 0.3984 
42.1000 0.4152 0.4152 
42.2000 0.4317 0.4317 
42.3000 0.4480 0.4480 
42.4000 0.4640 0.4640 
42.5000 0.4797 0.4797 
42.6000 0.4951 0.4951 
42.7000 0.5102 0.5102 
42.8000 0.5250 0.5250 
42.9000 0.5395 0.5395 
43.0000 0.5537 0.5537 
43.1000 0.5675 0.5675 
43.2000 0.5811 0.5811 
43.3000 0.5943 0.5943 
43.4000 0.6073 0.6073 
43.5000 0.6048 0.6048 
43.6000 0.6023 0.6023 
43.7000 0.5998 0.5998 
43.8000 0.5973 0.5973 
43.9000 0.5948 0.5948 
44.0000 0.5923 0.5923 
44.1000 0.5898 0.5898 
44.2000 0.5873 0.5873 
44.3000 0.5848 0.5848 
44.4000 0.5823 0.5823 
44.5000 0.5798 0.5798 
44.6000 0.5773 0.5773 
44.7000 0.5748 0.5748 
44.8000 0.5723 0.5723 
44.9000 0.5698 0.5698 
45.0000 0.5673 0.5673 
45.1000 0.5648 0.5648 
45.2000 0.5623 0.5623 
45.3000 0.5598 0.5598 
45.4000 0.5573 0.5573 
45.5000 0.5548 0.5548 
45.6000 0.5523 0.5523 
45.7000 0.5498 0.5498 
45.8000 0.5473 0.5473 
45.9000 0.5448 0.5448 
46.0000 0.5423 0.5423 
46.1000 0.5398 0.5398 
46.2000 0.5373 0.5373 
46.3000 0.5348 0.5348 
46.4000 0.5323 0.5323 
46.5000 0.5298 0.5298 
46.6000 0.5273 0.5273 
46.7000 0.5248 0.5248 
46.8000 0.5223 0.5223 
46.9000 0.5198 0.5198 
47.0000 0.5173 0.5173 
47.1000 0.5148 0.5148 
47.2000 0.5123 0.5123 
47.3000 0.5098 0.5098 
47.4000 0.5073 0.5073 
47.5000 0.5048 0.5048 
47.6000 0.5023 0.5023 
47.7000 0.4998 0.4998 
47.8000 0.4973 0.4973 
47.9000 0.4948 0.4948 
48.0000 0.4923 0.4923 
48.1000 0.4898 0.4898 
48.2000 0.4873 0.4873 
48.3000 0.4848 0.4848 
48.4000 0.4823 0.4823 
48.5000 0.4798 0.4798 
48.6000 0.4773 0.4773 
48.7000 0.4748 0.4748 
48.8000 0.4723 0.4723 
48.9000 0.4698 0.4698 
49.0000 0.4673 0.4673 
49.1000 0.4648 0.4648 
49.2000 0.4623 0.4623 
49.3000 0.4598 0.4598 
49.4000 0.4573 0.4573 
49.5000 0.4548 0.4548 
49.6000 0.4523 0.4523 
49.7000 0.4498 0.4498 
49.8000 0.4473 0.4473 
49.9000 0.4448 0.4448 
50.0000 0.4423 0.4423 
50.1000 0.4398 0.4398 
50.2000 0.4373 0.4373 
50.3000 0.4348 0.4348 
50.4000 0.4323 0.4323 
50.5000 0.4298 0.4298 
50.6000 0.4273 0.4273 
50.7000 0.4248 0.4248 
50.8000 0.4223 0.4223 
50.9000 0.4198 0.4198 
51.0000 0.4173 0.4173 
51.1000 0.4148 0.4148 
51.2000 0.4123 0.4123 
51.3000 0.4098 0.4098 
51.4000 0.4073 0.4073 
51.5000 0.4048 0.4048 
51.6000 0.4023 0.4023 
51.7000 0.3998 0.3998 
51.8000 0.3973 0.3973 
51.9000 0.3948 0.3948 
52.0000 0.3923 0.3923 
52.1000 0.3898 0.3898 
52.2000 0.3873 0.3873 
52.3000 0.3848 0.3848 
52.4000 0.3823 0.3823 
52.5000 0.3798 0.3798 
52.6000 0.3773 0.3773 
52.7000 0.3748 0.3748 
52.8000 0.3723 0.3723 
52.9000 0.3698 0.3698 
53.0000 0.3673 0.3673 
53.1000 0.3648 0.3648 
53.2000 0.3623 0.3623 
53.3000 0.3598 0.3598 
53.4000 0.3573 0.3573 
53.5000 0.3548 0.3548 
53.6000 0.3523 0.3523 
53.7000 0.3498 0.3498 
53.8000 0.3473 0.3473 
53.9000 0.3448 0.3448 
54.0000 0.3423 0.3423 
54.1000 0.3398 0.3398 
54.2000 0.3373 0.3373 
54.3000 0.3348 0.3348 
54.4000 0.3323 0.3323 
54.5000 0.3298 0.3298 
54.6000 0.3273 0.3273 
54.7000 0.3248 0.3248 
54.8000 0.3223 0.3223 
54.9000 0.3198 0.3198 
55.0000 0.3173 0.3173 
55.1000 0.3148 0.3148 
55.2000 0.3123 0.3123 
55.3000 0.3098 0.3098 
55.4000 0.3073 0.3073 
55.5000 0.3048 0.3048 
55.6000 0.3023 0.3023 
55.7000 0.2998 0.2998 
55.8000 0.2973 0.2973 
55.9000 0.2948 0.2948 
56.0000 0.2923 0.2923 
56.1000 0.2898 0.2898 
56.2000 0.2873 0.2873 
56.3000 0.2848 0.2848 
56.4000 0.2823 0.2823 
56.5000 0.2798 0.2798 
56.6000 0.2773 0.2773 
56.7000 0.2748 0.2748 
56.8000 0.2723 0.2723 
56.9000 0.2698 0.2698 
57.0000 0.2673 0.2673 
57.1000 0.2648 0.2648 
57.2000 0.2623 0.2623 
57.3000 0.2598 0.2598 
57.4000 0.2573 0.2573 
57.5000 0.2548 0.2548 
57.6000 0.2523 0.2523 
57.7000 0.2498 0.2498 
57.8000 0.2473 0.2473 
57.9000 0.2448 0.2448 
58.0000 0.2423 0.2423 
58.1000 0.2398 0.2398 
58.2000 0.2373 0.2373 
58.3000 0.2348 0.2348 
58.4000 0.2323 0.2323 
58.5000 0.2298 0.2298 
58.6000 0.2273 0.2273 
58.7000 0.2248 0.2248 
58.8000 0.2223 0.2223 
58.9000 0.2198 0.2198 
59.0000 0.2173 0.2173 
59.1000 0.2148 0.2148 
59.2000 0.2123 0.2123 
59.3000 0.2098 0.2098 
59.4000 0.2073 0.2073 
59.5000 0.2048 0.2048 
59.6000 0.2023 0.2023 
59.7000 0.1998 0.1998 
59.8000 0.1973 0.1973 
59.9000 0.1948 0.1948 
60.0000 0.1923 0.1923 
60.1000 0.1898 0.1898 
60.2000 0.1873 0.1873 
60.3000 0.1848 0.1848 
60.4000 0.1823 0.1823 
60.5000 0.1798 0.1798 
60.6000 0.1773 0.1773 
60.7000 0.1748 0.1748 
60.8000 0.1723 0.1723 
60.9000 0.1698 0.1698 
61.0000 0.1673 0.1673 
61.1000 0.1648 0.1648 
61.2000 0.1623 0.1623 
61.3000 0.1598 0.1598 
61.4000 0.1573 0.1573 
61.5000 0.1548 0.1548 
61.6000 0.1523 0.1523 
61.7000 0.1498 0.1498 
61.8000 0.1473 0.1473 
61.9000 0.1448 0.1448 
62.0000 0.1423 0.1423 
62.1000 0.1398 0.1398 
62.2000 0.1373 0.1373 
62.3000 0.1348 0.1348 
62.4000 0.1323 0.1323 
62.5000 0.1298 0.1298 
62.6000 0.1273 0.1273 
62.7000 0.1248 0.1248 
62.8000 0.1223 0.1223 
62.9000 0.1198 0.1198 
63.0000 0.1173 0.1173 
63.1000 0.1148 0.1148 
63.2000 0.1123 0.1123 
63.3000 0.1098 0.1098 
63.4000 0.1073 0.1073 
63.5000 0.1048 0.1048 
63.6000 0.1023 0.1023 
63.7000 0.0998 0.0998 
63.8000 0.0973 0.0973 
63.9000 0.0948 0.0948 
64.0000 0.0923 0.0923 
64.1000 0.0898 0.0898 
64.2000 0.0873 0.0873 
64.3000 0.0848 0.0848 
64.4000 0.0823 0.0823 
64.5000 0.0798 0.0798 
64.6000 0.0773 0.0773 
64.7000 0.0748 0.0748 
64.8000 0.0723 0.0723 
64.9000 0.0698 0.0698 
65.0000 0.0673 0.0673 
65.1000 0.0648 0.0648 
65.2000 0.0623 0.0623 
65.3000 0.0598 0.0598 
65.4000 0.0573 0.0573 
65.5000 0.0548 0.0548 
65.6000 0.0523 0.0523 
65.7000 0.0722 0.0722 
65.8000 0.0921 0.0921 
65.9000 0.1119 0.1119 
66.0000 0.1317 0.1317 
66.1000 0.1513 0.1513 
66.2000 0.1709 0.1709 
66.3000 0.1903 0.1903 
66.4000 0.2096 0.2096 
66.5000 0.2287 0.2287 
66.6000 0.2476 0.2476 
66.7000 0.2664 0.2664 
66.8000 0.2850 0.2850 
66.9000 0.3034 0.3034 
67.0000 0.3215 0.3215 
67.1000 0.3395 0.3395 
67.2000 0.3572 0.3572 
67.3000 0.3746 0.3746 
67.4000 0.3918 0.3918 
67.5000 0.4087 0.4087 
67.6000 0.4254 0.4254 
67.7000 0.4418 0.4418 
67.8000 0.4579 0.4579 
67.9000 0.4737 0.4737 
68.0000 0.4892 0.4892 
68.1000 0.5044 0.5044 
68.2000 0.5193 0.5193 
68.3000 0.5339 0.5339 
68.4000 0.5482 0.5482 
68.5000 0.5622 0.5622 
68.6000 0.5759 0.5759 
68.7000 0.5893 0.5893 
68.8000 0.6023 0.6023 
68.9000 0.5998 0.5998 
69.0000 0.5973 0.5973 
69.1000 0.5948 0.5948 
69.2000 0.5923 0.5923 
69.3000 0.5898 0.5898 
69.4000 0.5873 0.5873 
69.5000 0.5848 0.5848 
69.6000 0.5823 0.5823 
69.7000 0.5798 0.5798 
69.8000 0.5773 0.5773 
69.9000 0.5748 0.5748 
70.0000 0.5723 0.5723 
70.1000 0.5698 0.5698 
70.2000 0.5673 0.5673 
70.3000 0.5648 0.5648 
70.4000 0.5623 0.5623 
70.5000 0.5598 0.5598 
70.6000 0.5573 0.5573 
70.7000 0.5548 0.5548 
70.8000 0.5523 0.5523 
70.9000 0.5498 0.5498 
71.0000 0.5473 0.5473 
71.1000 0.5448 0.5448 
71.2000 0.5423 0.5423 
71.3000 0.5398 0.5398 
71.4000 0.5373 0.5373 
71.5000 0.5348 0.5348 
71.6000 0.5323 0.5323 
71.7000 0.5298 0.5298 
71.8000 0.5273 0.5273 
71.9000 0.5248 0.5248 
72.0000 0.5223 0.5223 
72.1000 0.5198 0.5198 
72.2000 0.5173 0.5173 
72.3000 0.5148 0.5148 
72.4000 0.5123 0.5123 
72.5000 0.5098 0.5098 
