0.0000 0.9975 0.9975 
0.1000 0.9950 0.9950 
0.2000 0.9925 0.9925 
0.3000 0.9900 0.9900 
0.4000 0.9875 0.9875 
0.5000 0.9850 0.9850 
0.6000 0.9825 0.9825 
0.7000 0.9800 0.9800 
0.8000 0.9775 0.9775 
0.9000 0.9750 0.9750 
1.0000 0.9725 0.9725 
1.1000 0.9700 0.9700 
1.2000 0.9675 0.9675 
1.3000 0.9650 0.9650 
1.4000 0.9625 0.9625 
1.5000 0.9600 0.9600 
1.6000 0.9575 0.9575 
1.7000 0.9550 0.9550 
1.8000 0.9525 0.9525 
1.9000 0.9500 0.9500 
2.0000 0.9475 0.9475 
2.1000 0.9450 0.9450 
2.2000 0.9425 0.9425 
2.3000 0.9400 0.9400 
2.4000 0.9375 0.9375 
2.5000 0.9350 0.9350 
2.6000 0.9325 0.9325 
2.7000 0.9300 0.9300 
2.8000 0.9275 0.9275 
2.9000 0.9250 0.9250 
3.0000 0.9225 0.9225 
3.1000 0.9200 0.9200 
3.2000 0.9175 0.9175 
3.3000 0.9150 0.9150 
3.4000 0.9125 0.9125 
3.5000 0.9100 0.9100 
3.6000 0.9075 0.9075 
3.7000 0.9050 0.9050 
3.8000 0.9025 0.9025 
3.9000 0.9000 0.9000 
4.0000 0.8975 0.8975 
4.1000 0.8950 0.8950 
4.2000 0.8925 0.8925 
4.3000 0.8900 0.8900 
4.4000 0.8875 0.8875 
4.5000 0.8850 0.8850 
4.6000 0.8825 0.8825 
4.7000 0.8800 0.8800 
4.8000 0.8775 0.8775 
4.9000 0.8750 0.8750 
5.0000 0.8725 0.8725 
5.1000 0.8700 0.8700 
5.2000 0.8675 0.8675 
5.3000 0.8650 0.8650 
5.4000 0.8625 0.8625 
5.5000 0.8600 0.8600 
5.6000 0.8575 0.8575 
5.7000 0.8550 0.8550 
5.8000 0.8525 0.8525 
5.9000 0.8500 0.8500 
6.0000 0.8475 0.8475 
6.1000 0.8450 0.8450 
6.2000 0.8425 0.8425 
6.3000 0.8400 0.8400 
6.4000 0.8375 0.8375 
6.5000 0.8350 0.8350 
6.6000 0.8325 0.8325 
6.7000 0.8300 0.8300 
6.8000 0.8275 0.8275 
6.9000 0.8250 0.8250 
7.0000 0.8225 0.8225 
7.1000 0.8200 0.8200 
7.2000 0.8175 0.8175 
7.3000 0.8150 0.8150 
7.4000 0.8125 0.8125 
7.5000 0.8100 0.8100 
7.6000 0.8075 0.8075 
7.7000 0.8050 0.8050 
7.8000 0.8025 0.8025 
7.9000 0.8000 0.8000 
8.0000 0.7975 0.7975 
8.1000 0.7950 0.7950 
8.2000 0.7925 0.7925 
8.3000 0.7900 0.7900 
8.4000 0.7875 0.7875 
8.5000 0.7850 0.7850 
8.6000 0.7825 0.7825 
8.7000 0.7800 0.7800 
8.8000 0.7775 0.7775 
8.9000 0.7750 0.7750 
9.0000 0.7725 0.7725 
9.1000 0.7700 0.7700 
9.2000 0.7675 0.7675 
9.3000 0.7650 0.7650 
9.4000 0.7625 0.7625 
9.5000 0.7600 0.7600 
9.6000 0.7575 0.7575 
9.7000 0.7550 0.7550 
9.8000 0.7525 0.7525 
9.9000 0.7500 0.7500 
10.0000 0.7475 0.7475 
10.1000 0.7450 0.7450 
10.2000 0.7425 0.7425 
10.3000 0.7400 0.7400 
10.4000 0.7375 0.7375 
10.5000 0.7350 0.7350 
10.6000 0.7325 0.7325 
10.7000 0.7300 0.7300 
10.8000 0.7275 0.7275 
10.9000 0.7250 0.7250 
11.0000 0.7225 0.7225 
11.1000 0.7200 0.7200 
11.2000 0.7175 0.7175 
11.3000 0.7150 0.7150 
11.4000 0.7125 0.7125 
11.5000 0.7100 0.7100 
11.6000 0.7075 0.7075 
11.7000 0.7050 0.7050 
11.8000 0.7025 0.7025 
11.9000 0.7000 0.7000 
12.0000 0.6975 0.6975 
12.1000 0.6950 0.6950 
12.2000 0.6925 0.6925 
12.3000 0.6900 0.6900 
12.4000 0.6875 0.6875 
12.5000 0.6850 0.6850 
12.6000 0.6825 0.6825 
12.7000 0.6800 0.6800 
12.8000 0.6775 0.6775 
12.9000 0.6750 0.6750 
13.0000 0.6725 0.6725 
13.1000 0.6700 0.6700 
13.2000 0.6675 0.6675 
13.3000 0.6650 0.6650 
13.4000 0.6625 0.6625 
13.5000 0.6600 0.6600 
13.6000 0.6575 0.6575 
13.7000 0.6550 0.6550 
13.8000 0.6525 0.6525 
13.9000 0.6500 0.6500 
14.0000 0.6475 0.6475 
14.1000 0.6450 0.6450 
14.2000 0.6425 0.6425 
14.3000 0.6400 0.6400 
14.4000 0.6375 0.6375 
14.5000 0.6350 0.6350 
14.6000 0.6325 0.6325 
14.7000 0.6300 0.6300 
14.8000 0.6275 0.6275 
14.9000 0.6250 0.6250 
15.0000 0.6225 0.6225 
15.1000 0.6200 0.6200 
15.2000 0.6175 0.6175 
15.3000 0.6150 0.6150 
15.4000 0.6125 0.6125 
15.5000 0.6100 0.6100 
15.6000 0.6075 0.6075 
15.7000 0.6050 0.6050 
15.8000 0.6025 0.6025 
15.9000 0.6000 0.6000 
16.0000 0.5975 0.5975 
16.1000 0.5950 0.5950 
16.2000 0.5925 0.5925 
16.3000 0.5900 0.5900 
16.4000 0.5875 0.5875 
16.5000 0.5850 0.5850 
16.6000 0.5825 0.5825 
16.7000 0.5800 0.5800 
16.8000 0.5775 0.5775 
16.9000 0.5750 0.5750 
17.0000 0.5725 0.5725 
17.1000 0.5700 0.5700 
17.2000 0.5675 0.5675 
17.3000 0.5650 0.5650 
17.4000 0.5625 0.5625 
17.5000 0.5600 0.5600 
17.6000 0.5575 0.5575 
17.7000 0.5550 0.5550 
17.8000 0.5525 0.5525 
17.9000 0.5500 0.5500 
18.0000 0.5475 0.5475 
18.1000 0.5450 0.5450 
18.2000 0.5425 0.5425 
18.3000 0.5400 0.5400 
18.4000 0.5375 0.5375 
18.5000 0.5350 0.5350 
18.6000 0.5325 0.5325 
18.7000 0.5300 0.5300 
18.8000 0.5275 0.5275 
18.9000 0.5250 0.5250 
19.0000 0.5225 0.5225 
19.1000 0.5200 0.5200 
19.2000 0.5175 0.5175 
19.3000 0.5150 0.5150 
19.4000 0.5125 0.5125 
19.5000 0.5100 0.5100 
19.6000 0.5075 0.5075 
19.7000 0.5050 0.5050 
19.8000 0.5025 0.5025 
19.9000 0.5000 0.5000 
20.0000 0.4975 0.4975 
20.1000 0.4950 0.4950 
20.2000 0.4925 0.4925 
20.3000 0.4900 0.4900 
20.4000 0.4875 0.4875 
20.5000 0.4850 0.4850 
20.6000 0.4825 0.4825 
20.7000 0.4800 0.4800 
20.8000 0.4775 0.4775 
20.9000 0.4750 0.4750 
21.0000 0.4725 0.4725 
21.1000 0.4700 0.4700 
21.2000 0.4675 0.4675 
21.3000 0.4650 0.4650 
21.4000 0.4625 0.4625 
21.5000 0.4600 0.4600 
21.6000 0.4575 0.4575 
21.7000 0.4550 0.4550 
21.8000 0.4525 0.4525 
21.9000 0.4500 0.4500 
22.0000 0.4475 0.4475 
22.1000 0.4450 0.4450 
22.2000 0.4425 0.4425 
22.3000 0.4400 0.4400 
22.4000 0.4375 0.4375 
22.5000 0.4350 0.4350 
22.6000 0.4325 0.4325 
22.7000 0.4300 0.4300 
22.8000 0.4275 0.4275 
22.9000 0.4250 0.4250 
23.0000 0.4225 0.4225 
23.1000 0.4200 0.4200 
23.2000 0.4175 0.4175 
23.3000 0.4150 0.4150 
23.4000 0.4125 0.4125 
23.5000 0.4100 0.4100 
23.6000 0.4075 0.4075 
23.7000 0.4050 0.4050 
23.8000 0.4025 0.4025 
23.9000 0.4000 0.4000 
24.0000 0.3975 0.3975 
24.1000 0.3950 0.3950 
24.2000 0.3925 0.3925 
24.3000 0.3900 0.3900 
24.4000 0.3875 0.3875 
24.5000 0.3850 0.3850 
24.6000 0.3825 0.3825 
24.7000 0.3800 0.3800 
24.8000 0.3775 0.3775 
24.9000 0.3750 0.3750 
25.0000 0.3725 0.3725 
25.1000 0.3700 0.3700 
25.2000 0.3675 0.3675 
25.3000 0.3650 0.3650 
25.4000 0.3625 0.3625 
25.5000 0.3600 0.3600 
25.6000 0.3575 0.3575 
25.7000 0.3550 0.3550 
25.8000 0.3525 0.3525 
25.9000 0.3500 0.3500 
26.0000 0.3475 0.3475 
26.1000 0.3450 0.3450 
26.2000 0.3425 0.3425 
26.3000 0.3400 0.3400 
26.4000 0.3375 0.3375 
26.5000 0.3350 0.3350 
26.6000 0.3325 0.3325 
26.7000 0.3300 0.3300 
26.8000 0.3275 0.3275 
26.9000 0.3250 0.3250 
27.0000 0.3225 0.3225 
27.1000 0.3200 0.3200 
27.2000 0.3175 0.3175 
27.3000 0.3150 0.3150 
27.4000 0.3125 0.3125 
27.5000 0.3100 0.3100 
27.6000 0.3075 0.3075 
27.7000 0.3050 0.3050 
27.8000 0.3025 0.3025 
27.9000 0.3000 0.3000 
28.0000 0.2975 0.2975 
28.1000 0.2950 0.2950 
28.2000 0.2925 0.2925 
28.3000 0.2900 0.2900 
28.4000 0.2875 0.2875 
28.5000 0.2850 0.2850 
28.6000 0.2825 0.2825 
28.7000 0.2800 0.2800 
28.8000 0.2775 0.2775 
28.9000 0.2750 0.2750 
29.0000 0.2725 0.2725 
29.1000 0.2700 0.2700 
29.2000 0.2675 0.2675 
29.3000 0.2650 0.2650 
29.4000 0.2625 0.2625 
29.5000 0.2600 0.2600 
29.6000 0.2575 0.2575 
29.7000 0.2550 0.2550 
29.8000 0.2525 0.2525 
29.9000 0.2500 0.2500 
30.0000 0.2475 0.2475 
30.1000 0.2450 0.2450 
30.2000 0.2425 0.2425 
30.3000 0.2400 0.2400 
30.4000 0.2375 0.2375 
30.5000 0.2350 0.2350 
30.6000 0.2325 0.2325 
30.7000 0.2300 0.2300 
30.8000 0.2275 0.2275 
30.9000 0.2250 0.2250 
31.0000 0.2225 0.2225 
31.1000 0.2200 0.2200 
31.2000 0.2175 0.2175 
31.3000 0.2150 0.2150 
31.4000 0.2125 0.2125 
31.5000 0.2100 0.2100 
31.6000 0.2075 0.2075 
31.7000 0.2050 0.2050 
31.8000 0.2025 0.2025 
31.9000 0.2000 0.2000 
32.0000 0.1975 0.1975 
32.1000 0.1950 0.1950 
32.2000 0.1925 0.1925 
32.3000 0.1900 0.1900 
32.4000 0.1875 0.1875 
32.5000 0.1850 0.1850 
32.6000 0.1825 0.1825 
32.7000 0.1800 0.1800 
32.8000 0.1775 0.1775 
32.9000 0.1969 0.1969 
33.0000 0.2161 0.2161 
33.1000 0.2352 0.2352 
33.2000 0.2541 0.2541 
33.3000 0.2728 0.2728 
33.4000 0.2913 0.2913 
33.5000 0.3096 0.3096 
33.6000 0.3277 0.3277 
33.7000 0.3455 0.3455 
33.8000 0.3631 0.3631 
33.9000 0.3805 0.3805 
34.0000 0.3976 0.3976 
34.1000 0.4144 0.4144 
34.2000 0.4310 0.4310 
34.3000 0.4473 0.4473 
34.4000 0.4633 0.4633 
34.5000 0.4790 0.4790 
34.6000 0.4944 0.4944 
34.7000 0.5095 0.5095 
34.8000 0.5243 0.5243 
34.9000 0.5388 0.5388 
35.0000 0.5530 0.5530 
35.1000 0.5669 0.5669 
35.2000 0.5805 0.5805 
35.3000 0.5937 0.5937 
35.4000 0.6067 0.6067 
35.5000 0.6193 0.6193 
35.6000 0.6316 0.6316 
35.7000 0.6437 0.6437 
35.8000 0.6554 0.6554 
35.9000 0.6668 0.6668 
36.0000 0.6779 0.6779 
36.1000 0.6887 0.6887 
36.2000 0.6992 0.6992 
36.3000 0.7094 0.7094 
36.4000 0.7194 0.7194 
36.5000 0.7290 0.7290 
36.6000 0.7384 0.7384 
36.7000 0.7475 0.7475 
36.8000 0.7563 0.7563 
36.9000 0.7649 0.7649 
37.0000 0.7732 0.7732 
37.1000 0.7812 0.7812 
37.2000 0.7890 0.7890 
37.3000 0.7966 0.7966 
37.4000 0.8039 0.8039 
37.5000 0.8110 0.8110 
37.6000 0.8178 0.8178 
37.7000 0.8244 0.8244 
37.8000 0.8308 0.8308 
37.9000 0.8370 0.8370 
38.0000 0.8430 0.8430 
38.1000 0.8488 0.8488 
38.2000 0.8544 0.8544 
38.3000 0.8598 0.8598 
38.4000 0.8650 0.8650 
38.5000 0.8700 0.8700 
38.6000 0.8749 0.8749 
38.7000 0.8796 0.8796 
38.8000 0.8841 0.8841 
38.9000 0.8885 0.8885 
39.0000 0.8927 0.8927 
39.1000 0.8968 0.8968 
39.2000 0.9007 0.9007 
39.3000 0.9045 0.9045 
39.4000 0.9081 0.9081 
39.5000 0.9116 0.9116 
39.6000 0.9150 0.9150 
39.7000 0.9182 0.9182 
39.8000 0.9214 0.9214 
39.9000 0.9244 0.9244 
40.0000 0.9273 0.9273 
40.1000 0.9301 0.9301 
40.2000 0.9328 0.9328 
40.3000 0.9354 0.9354 
40.4000 0.9379 0.9379 
40.5000 0.9403 0.9403 
40.6000 0.9426 0.9426 
40.7000 0.9449 0.9449 
40.8000 0.9470 0.9470 
40.9000 0.9491 0.9491 
41.0000 0.9510 0.9510 
41.1000 0.9530 0.9530 
41.2000 0.9548 0.9548 
41.3000 0.9566 0.9566 
41.4000 0.9583 0.9583 
41.5000 0.9599 0.9599 
41.6000 0.9615 0.9615 
41.7000 0.9630 0.9630 
41.8000 0.9644 0.9644 
41.9000 0.9658 0.9658 
42.0000 0.9672 0.9672 
42.1000 0.9647 0.9647 
42.2000 0.9622 0.9622 
42.3000 0.9597 0.9597 
42.4000 0.9572 0.9572 
42.5000 0.9547 0.9547 
42.6000 0.9522 0.9522 
42.7000 0.9497 0.9497 
42.8000 0.9472 0.9472 
42.9000 0.9447 0.9447 
43.0000 0.9422 0.9422 
43.1000 0.9397 0.9397 
43.2000 0.9372 0.9372 
43.3000 0.9347 0.9347 
43.4000 0.9322 0.9322 
43.5000 0.9297 0.9297 
43.6000 0.9272 0.9272 
43.7000 0.9247 0.9247 
43.8000 0.9222 0.9222 
43.9000 0.9197 0.9197 
44.0000 0.9172 0.9172 
44.1000 0.9147 0.9147 
44.2000 0.9122 0.9122 
44.3000 0.9097 0.9097 
44.4000 0.9072 0.9072 
44.5000 0.9047 0.9047 
44.6000 0.9022 0.9022 
44.7000 0.8997 0.8997 
44.8000 0.8972 0.8972 
44.9000 0.8947 0.8947 
45.0000 0.8922 0.8922 
45.1000 0.8897 0.8897 
45.2000 0.8872 0.8872 
45.3000 0.8847 0.8847 
45.4000 0.8822 0.8822 
45.5000 0.8797 0.8797 
45.6000 0.8772 0.8772 
45.7000 0.8747 0.8747 
45.8000 0.8722 0.8722 
45.9000 0.8697 0.8697 
46.0000 0.8672 0.8672 
46.1000 0.8647 0.8647 
46.2000 0.8622 0.8622 
46.3000 0.8597 0.8597 
46.4000 0.8572 0.8572 
46.5000 0.8547 0.8547 
46.6000 0.8522 0.8522 
46.7000 0.8497 0.8497 
46.8000 0.8472 0.8472 
46.9000 0.8447 0.8447 
47.0000 0.8422 0.8422 
47.1000 0.8397 0.8397 
47.2000 0.8372 0.8372 
47.3000 0.8347 0.8347 
47.4000 0.8322 0.8322 
47.5000 0.8297 0.8297 
47.6000 0.8272 0.8272 
47.7000 0.8247 0.8247 
47.8000 0.8222 0.8222 
47.9000 0.8197 0.8197 
48.0000 0.8172 0.8172 
48.1000 0.8147 0.8147 
48.2000 0.8122 0.8122 
48.3000 0.8097 0.8097 
48.4000 0.8072 0.8072 
48.5000 0.8047 0.8047 
48.6000 0.8022 0.8022 
48.7000 0.7997 0.7997 
48.8000 0.7972 0.7972 
48.9000 0.7947 0.7947 
49.0000 0.7922 0.7922 
49.1000 0.7897 0.7897 
49.2000 0.7872 0.7872 
49.3000 0.7847 0.7847 
49.4000 0.7822 0.7822 
49.5000 0.7797 0.7797 
49.6000 0.7772 0.7772 
49.7000 0.7747 0.7747 
49.8000 0.7722 0.7722 
49.9000 0.7697 0.7697 
50.0000 0.7672 0.7672 
50.1000 0.7647 0.7647 
50.2000 0.7622 0.7622 
50.3000 0.7597 0.7597 
50.4000 0.7572 0.7572 
50.5000 0.7547 0.7547 
50.6000 0.7522 0.7522 
50.7000 0.7497 0.7497 
50.8000 0.7472 0.7472 
50.9000 0.7447 0.7447 
51.0000 0.7422 0.7422 
51.1000 0.7397 0.7397 
51.2000 0.7372 0.7372 
51.3000 0.7347 0.7347 
51.4000 0.7322 0.7322 
51.5000 0.7297 0.7297 
51.6000 0.7272 0.7272 
51.7000 0.7247 0.7247 
51.8000 0.7222 0.7222 
51.9000 0.7197 0.7197 
52.0000 0.7172 0.7172 
52.1000 0.7147 0.7147 
52.2000 0.7122 0.7122 
52.3000 0.7097 0.7097 
52.4000 0.7072 0.7072 
52.5000 0.7047 0.7047 
52.6000 0.7022 0.7022 
52.7000 0.6997 0.6997 
52.8000 0.6972 0.6972 
52.9000 0.6947 0.6947 
53.0000 0.6922 0.6922 
53.1000 0.6897 0.6897 
53.2000 0.6872 0.6872 
53.3000 0.6847 0.6847 
53.4000 0.6822 0.6822 
53.5000 0.6797 0.6797 
53.6000 0.6772 0.6772 
53.7000 0.6747 0.6747 
53.8000 0.6722 0.6722 
53.9000 0.6697 0.6697 
54.0000 0.6672 0.6672 
54.1000 0.6647 0.6647 
54.2000 0.6622 0.6622 
54.3000 0.6597 0.6597 
54.4000 0.6572 0.6572 
54.5000 0.6547 0.6547 
54.6000 0.6522 0.6522 
54.7000 0.6497 0.6497 
54.8000 0.6472 0.6472 
54.9000 0.6447 0.6447 
55.0000 0.6422 0.6422 
55.1000 0.6397 0.6397 
55.2000 0.6372 0.6372 
55.3000 0.6347 0.6347 
55.4000 0.6322 0.6322 
55.5000 0.6297 0.6297 
55.6000 0.6272 0.6272 
55.7000 0.6247 0.6247 
55.8000 0.6222 0.6222 
55.9000 0.6197 0.6197 
56.0000 0.6172 0.6172 
56.1000 0.6147 0.6147 
56.2000 0.6122 0.6122 
56.3000 0.6097 0.6097 
56.4000 0.6072 0.6072 
56.5000 0.6047 0.6047 
56.6000 0.6022 0.6022 
56.7000 0.5997 0.5997 
56.8000 0.5972 0.5972 
56.9000 0.5947 0.5947 
57.0000 0.5922 0.5922 
57.1000 0.5897 0.5897 
57.2000 0.5872 0.5872 
57.3000 0.5847 0.5847 
57.4000 0.5822 0.5822 
57.5000 0.5797 0.5797 
57.6000 0.5772 0.5772 
57.7000 0.5747 0.5747 
57.8000 0.5722 0.5722 
57.9000 0.5697 0.5697 
58.0000 0.5672 0.5672 
58.1000 0.5647 0.5647 
58.2000 0.5622 0.5622 
58.3000 0.5597 0.5597 
58.4000 0.5572 0.5572 
58.5000 0.5547 0.5547 
58.6000 0.5522 0.5522 
58.7000 0.5497 0.5497 
58.8000 0.5472 0.5472 
58.9000 0.5447 0.5447 
59.0000 0.5422 0.5422 
59.1000 0.5397 0.5397 
59.2000 0.5372 0.5372 
59.3000 0.5347 0.5347 
59.4000 0.5322 0.5322 
59.5000 0.5297 0.5297 
59.6000 0.5272 0.5272 
59.7000 0.5247 0.5247 
59.8000 0.5222 0.5222 
59.9000 0.5197 0.5197 
60.0000 0.5172 0.5172 
60.1000 0.5147 0.5147 
60.2000 0.5122 0.5122 
60.3000 0.5097 0.5097 
60.4000 0.5072 0.5072 
60.5000 0.5047 0.5047 
60.6000 0.5022 0.5022 
60.7000 0.4997 0.4997 
60.8000 0.4972 0.4972 
60.9000 0.4947 0.4947 
61.0000 0.4922 0.4922 
61.1000 0.4897 0.4897 
61.2000 0.4872 0.4872 
61.3000 0.4847 0.4847 
61.4000 0.4822 0.4822 
61.5000 0.4797 0.4797 
61.6000 0.4772 0.4772 
61.7000 0.4747 0.4747 
61.8000 0.4722 0.4722 
61.9000 0.4697 0.4697 
62.0000 0.4672 0.4672 
62.1000 0.4647 0.4647 
62.2000 0.4622 0.4622 
62.3000 0.4597 0.4597 
62.4000 0.4572 0.4572 
62.5000 0.4547 0.4547 
62.6000 0.4522 0.4522 
62.7000 0.4497 0.4497 
62.8000 0.4472 0.4472 
62.9000 0.4447 0.4447 
63.0000 0.4422 0.4422 
63.1000 0.4397 0.4397 
63.2000 0.4372 0.4372 
63.3000 0.4347 0.4347 
63.4000 0.4322 0.4322 
63.5000 0.4297 0.4297 
63.6000 0.4272 0.4272 
63.7000 0.4247 0.4247 
63.8000 0.4222 0.4222 
63.9000 0.4197 0.4197 
64.0000 0.4172 0.4172 
64.1000 0.4147 0.4147 
64.2000 0.4122 0.4122 
64.3000 0.4097 0.4097 
64.4000 0.4072 0.4072 
64.5000 0.4047 0.4047 
64.6000 0.4022 0.4022 
64.7000 0.3997 0.3997 
64.8000 0.3972 0.3972 
64.9000 0.3947 0.3947 
65.0000 0.3922 0.3922 
65.1000 0.3897 0.3897 
65.2000 0.3872 0.3872 
65.3000 0.3847 0.3847 
65.4000 0.3822 0.3822 
65.5000 0.3797 0.3797 
65.6000 0.3772 0.3772 
65.7000 0.3747 0.3747 
65.8000 0.3722 0.3722 
65.9000 0.3697 0.3697 
66.0000 0.3672 0.3672 
66.1000 0.3647 0.3647 
66.2000 0.3622 0.3622 
66.3000 0.3597 0.3597 
66.4000 0.3572 0.3572 
66.5000 0.3547 0.3547 
66.6000 0.3522 0.3522 
66.7000 0.3497 0.3497 
66.8000 0.3472 0.3472 
66.9000 0.3447 0.3447 
67.0000 0.3422 0.3422 
67.1000 0.3397 0.3397 
67.2000 0.3372 0.3372 
67.3000 0.3347 0.3347 
67.4000 0.3322 0.3322 
67.5000 0.3297 0.3297 
67.6000 0.3272 0.3272 
67.7000 0.3247 0.3247 
67.8000 0.3222 0.3222 
67.9000 0.3197 0.3197 
68.0000 0.3172 0.3172 
68.1000 0.3147 0.3147 
68.2000 0.3122 0.3122 
68.3000 0.3097 0.3097 
68.4000 0.3072 0.3072 
68.5000 0.3047 0.3047 
68.6000 0.3022 0.3022 
68.7000 0.2997 0.2997 
68.8000 0.2972 0.2972 
68.9000 0.2947 0.2947 
69.0000 0.2922 0.2922 
69.1000 0.2897 0.2897 
69.2000 0.2872 0.2872 
69.3000 0.2847 0.2847 
69.4000 0.2822 0.2822 
69.5000 0.2797 0.2797 
69.6000 0.2772 0.2772 
69.7000 0.2747 0.2747 
69.8000 0.2722 0.2722 
69.9000 0.2697 0.2697 
70.0000 0.2672 0.2672 
70.1000 0.2647 0.2647 
70.2000 0.2622 0.2622 
70.3000 0.2597 0.2597 
70.4000 0.2572 0.2572 
70.5000 0.2547 0.2547 
70.6000 0.2522 0.2522 
70.7000 0.2497 0.2497 
70.8000 0.2472 0.2472 
70.9000 0.2447 0.2447 
71.0000 0.2422 0.2422 
71.1000 0.2397 0.2397 
71.2000 0.2372 0.2372 
71.3000 0.2347 0.2347 
71.4000 0.2322 0.2322 
71.5000 0.2297 0.2297 
71.6000 0.2272 0.2272 
71.7000 0.2247 0.2247 
71.8000 0.2222 0.2222 
71.9000 0.2197 0.2197 
72.0000 0.2172 0.2172 
72.1000 0.2147 0.2147 
72.2000 0.2122 0.2122 
72.3000 0.2097 0.2097 
72.4000 0.2072 0.2072 
72.5000 0.2047 0.2047 
72.6000 0.2022 0.2022 
72.7000 0.1997 0.1997 
72.8000 0.1972 0.1972 
72.9000 0.1947 0.1947 
73.0000 0.1922 0.1922 
73.1000 0.1897 0.1897 
73.2000 0.1872 0.1872 
73.3000 0.1847 0.1847 
73.4000 0.1822 0.1822 
73.5000 0.1797 0.1797 
73.6000 0.1772 0.1772 
73.7000 0.1747 0.1747 
73.8000 0.1722 0.1722 
73.9000 0.1697 0.1697 
74.0000 0.1672 0.1672 
74.1000 0.1647 0.1647 
74.2000 0.1622 0.1622 
74.3000 0.1597 0.1597 
74.4000 0.1572 0.1572 
74.5000 0.1547 0.1547 
74.6000 0.1522 0.1522 
74.7000 0.1497 0.1497 
74.8000 0.1472 0.1472 
74.9000 0.1447 0.1447 
75.0000 0.1422 0.1422 
75.1000 0.1397 0.1397 
75.2000 0.1372 0.1372 
75.3000 0.1347 0.1347 
75.4000 0.1322 0.1322 
75.5000 0.1297 0.1297 
75.6000 0.1272 0.1272 
75.7000 0.1247 0.1247 
75.8000 0.1222 0.1222 
75.9000 0.1197 0.1197 
76.0000 0.1172 0.1172 
76.1000 0.1147 0.1147 
76.2000 0.1122 0.1122 
76.3000 0.1097 0.1097 
76.4000 0.1072 0.1072 
76.5000 0.1047 0.1047 
76.6000 0.1022 0.1022 
76.7000 0.0997 0.0997 
76.8000 0.0972 0.0972 
76.9000 0.0947 0.0947 
77.0000 0.0922 0.0922 
77.1000 0.0897 0.0897 
77.2000 0.0872 0.0872 
77.3000 0.0847 0.0847 
77.4000 0.0822 0.0822 
77.5000 0.0797 0.0797 
77.6000 0.0772 0.0772 
77.7000 0.0747 0.0747 
77.8000 0.0722 0.0722 
77.9000 0.0697 0.0697 
78.0000 0.0672 0.0672 
78.1000 0.0647 0.0647 
78.2000 0.0622 0.0622 
78.3000 0.0597 0.0597 
78.4000 0.0572 0.0572 
78.5000 0.0547 0.0547 
78.6000 0.0522 0.0522 
78.7000 0.0497 0.0497 
78.8000 0.0472 0.0472 
78.9000 0.0447 0.0447 
79.0000 0.0422 0.0422 
79.1000 0.0397 0.0397 
79.2000 0.0372 0.0372 
79.3000 0.0347 0.0347 
79.4000 0.0322 0.0322 
79.5000 0.0297 0.0297 
79.6000 0.0272 0.0272 
79.7000 0.0247 0.0247 
79.8000 0.0222 0.0222 
79.9000 0.0197 0.0197 
80.0000 0.0172 0.0172 
80.1000 0.0147 0.0147 
80.2000 0.0122 0.0122 
80.3000 0.0097 0.0097 
80.4000 0.0072 0.0072 
80.5000 0.0047 0.0047 
80.6000 0.0022 0.0022 
80.7000 0.0000 0.0000 
80.8000 0.0000 0.0000 
80.9000 0.0000 0.0000 
81.0000 0.0000 0.0000 
81.1000 0.0000 0.0000 
81.2000 0.0000 0.0000 
81.3000 0.0000 0.0000 
81.4000 0.0000 0.0000 
81.5000 0.0000 0.0000 
81.6000 0.0000 0.0000 
81.7000 0.0000 0.0000 
81.8000 0.0000 0.0000 
81.9000 0.0000 0.0000 
82.0000 0.0000 0.0000 
82.1000 0.0000 0.0000 
82.2000 0.0000 0.0000 
82.3000 0.0000 0.0000 
82.4000 0.0000 0.0000 
82.5000 0.0000 0.0000 
82.6000 0.0000 0.0000 
82.7000 0.0000 0.0000 
82.8000 0.0000 0.0000 
82.9000 0.0000 0.0000 
83.0000 0.0000 0.0000 
83.1000 0.0000 0.0000 
83.2000 0.0000 0.0000 
83.3000 0.0000 0.0000 
83.4000 0.0000 0.0000 
83.5000 0.0000 0.0000 
83.6000 0.0000 0.0000 
83.7000 0.0000 0.0000 
83.8000 0.0000 0.0000 
83.9000 0.0000 0.0000 
84.0000 0.0000 0.0000 
84.1000 0.0000 0.0000 
84.2000 0.0000 0.0000 
84.3000 0.0000 0.0000 
84.4000 0.0000 0.0000 
84.5000 0.0000 0.0000 
84.6000 0.0000 0.0000 
84.7000 0.0000 0.0000 
84.8000 0.0000 0.0000 
84.9000 0.0000 0.0000 
85.0000 0.0000 0.0000 
85.1000 0.0000 0.0000 
85.2000 0.0000 0.0000 
85.3000 0.0000 0.0000 
85.4000 0.0000 0.0000 
85.5000 0.0000 0.0000 
85.6000 0.0000 0.0000 
85.7000 0.0000 0.0000 
85.8000 0.0000 0.0000 
85.9000 0.0000 0.0000 
86.0000 0.0000 0.0000 
86.1000 0.0000 0.0000 
86.2000 0.0000 0.0000 
86.3000 0.0000 0.0000 
86.4000 0.0000 0.0000 
86.5000 0.0000 0.0000 
86.6000 0.0000 0.0000 
86.7000 0.0000 0.0000 
86.8000 0.0000 0.0000 
86.9000 0.0000 0.0000 
87.0000 0.0000 0.0000 
87.1000 0.0000 0.0000 
87.2000 0.0000 0.0000 
87.3000 0.0000 0.0000 
87.4000 0.0000 0.0000 
87.5000 0.0000 0.0000 
87.6000 0.0000 0.0000 
87.7000 0.0000 0.0000 
87.8000 0.0000 0.0000 
87.9000 0.0000 0.0000 
88.0000 0.0000 0.0000 
88.1000 0.0000 0.0000 
88.2000 0.0000 0.0000 
88.3000 0.0000 0.0000 
88.4000 0.0000 0.0000 
88.5000 0.0000 0.0000 
88.6000 0.0000 0.0000 
88.7000 0.0000 0.0000 
88.8000 0.0000 0.0000 
88.9000 0.0000 0.0000 
89.0000 0.0000 0.0000 
89.1000 0.0000 0.0000 
89.2000 0.0000 0.0000 
89.3000 0.0000 0.0000 
89.4000 0.0000 0.0000 
89.5000 0.0000 0.0000 
89.6000 0.0000 0.0000 
89.7000 0.0000 0.0000 
89.8000 0.0000 0.0000 
89.9000 0.0000 0.0000 
90.0000 0.0000 0.0000 
90.1000 0.0000 0.0000 
90.2000 0.0000 0.0000 
90.3000 0.0000 0.0000 
90.4000 0.0000 0.0000 
90.5000 0.0000 0.0000 
90.6000 0.0000 0.0000 
90.7000 0.0000 0.0000 
90.8000 0.0000 0.0000 
90.9000 0.0000 0.0000 
91.0000 0.0000 0.0000 
91.1000 0.0000 0.0000 
91.2000 0.0000 0.0000 
91.3000 0.0000 0.0000 
91.4000 0.0000 0.0000 
91.5000 0.0000 0.0000 
91.6000 0.0000 0.0000 
91.7000 0.0000 0.0000 
91.8000 0.0000 0.0000 
91.9000 0.0000 0.0000 
92.0000 0.0000 0.0000 
92.1000 0.0000 0.0000 
92.2000 0.0000 0.0000 
92.3000 0.0000 0.0000 
92.4000 0.0000 0.0000 
92.5000 0.0000 0.0000 
92.6000 0.0000 0.0000 
92.7000 0.0000 0.0000 
92.8000 0.0000 0.0000 
92.9000 0.0000 0.0000 
93.0000 0.0000 0.0000 
93.1000 0.0000 0.0000 
93.2000 0.0000 0.0000 
93.3000 0.0000 0.0000 
93.4000 0.0000 0.0000 
93.5000 0.0000 0.0000 
93.6000 0.0000 0.0000 
93.7000 0.0000 0.0000 
93.8000 0.0000 0.0000 
93.9000 0.0000 0.0000 
94.0000 0.0000 0.0000 
94.1000 0.0000 0.0000 
94.2000 0.0000 0.0000 
94.3000 0.0000 0.0000 
94.4000 0.0000 0.0000 
94.5000 0.0000 0.0000 
94.6000 0.0000 0.0000 
94.7000 0.0000 0.0000 
94.8000 0.0000 0.0000 
94.9000 0.0000 0.0000 
95.0000 0.0000 0.0000 
95.1000 0.0000 0.0000 
95.2000 0.0000 0.0000 
95.3000 0.0000 0.0000 
95.4000 0.0000 0.0000 
95.5000 0.0000 0.0000 
95.6000 0.0000 0.0000 
95.7000 0.0000 0.0000 
95.8000 0.0000 0.0000 
95.9000 0.0000 0.0000 
96.0000 0.0000 0.0000 
96.1000 0.0000 0.0000 
96.2000 0.0000 0.0000 
96.3000 0.0000 0.0000 
96.4000 0.0000 0.0000 
96.5000 0.0000 0.0000 
96.6000 0.0000 0.0000 
96.7000 0.0000 0.0000 
96.8000 0.0000 0.0000 
96.9000 0.0000 0.0000 
97.0000 0.0000 0.0000 
97.1000 0.0000 0.0000 
97.2000 0.0000 0.0000 
97.3000 0.0000 0.0000 
97.4000 0.0000 0.0000 
97.5000 0.0000 0.0000 
97.6000 0.0000 0.0000 
97.7000 0.0000 0.0000 
97.8000 0.0000 0.0000 
97.9000 0.0000 0.0000 
98.0000 0.0000 0.0000 
98.1000 0.0000 0.0000 
98.2000 0.0000 0.0000 
98.3000 0.0000 0.0000 
98.4000 0.0000 0.0000 
98.5000 0.0000 0.0000 
98.6000 0.0000 0.0000 
98.7000 0.0000 0.0000 
98.8000 0.0000 0.0000 
98.9000 0.0000 0.0000 
99.0000 0.0000 0.0000 
99.1000 0.0000 0.0000 
99.2000 0.0000 0.0000 
99.3000 0.0000 0.0000 
99.4000 0.0000 0.0000 
99.5000 0.0000 0.0000 
99.6000 0.0000 0.0000 
99.7000 0.0000 0.0000 
99.8000 0.0000 0.0000 
99.9000 0.0000 0.0000 
100.0000 0.0000 0.0000 
100.1000 0.0000 0.0000 
100.2000 0.0000 0.0000 
100.3000 0.0000 0.0000 
100.4000 0.0000 0.0000 
100.5000 0.0000 0.0000 
100.6000 0.0000 0.0000 
100.7000 0.0000 0.0000 
100.8000 0.0000 0.0000 
100.9000 0.0000 0.0000 
101.0000 0.0000 0.0000 
101.1000 0.0000 0.0000 
101.2000 0.0000 0.0000 
101.3000 0.0000 0.0000 
101.4000 0.0000 0.0000 
101.5000 0.0000 0.0000 
101.6000 0.0000 0.0000 
101.7000 0.0000 0.0000 
101.8000 0.0000 0.0000 
101.9000 0.0000 0.0000 
102.0000 0.0000 0.0000 
102.1000 0.0000 0.0000 
102.2000 0.0000 0.0000 
102.3000 0.0000 0.0000 
102.4000 0.0000 0.0000 
102.5000 0.0000 0.0000 
102.6000 0.0000 0.0000 
102.7000 0.0000 0.0000 
102.8000 0.0000 0.0000 
102.9000 0.0000 0.0000 
103.0000 0.0000 0.0000 
103.1000 0.0000 0.0000 
103.2000 0.0000 0.0000 
103.3000 0.0000 0.0000 
103.4000 0.0000 0.0000 
103.5000 0.0000 0.0000 
103.6000 0.0000 0.0000 
103.7000 0.0000 0.0000 
103.8000 0.0000 0.0000 
103.9000 0.0000 0.0000 
104.0000 0.0000 0.0000 
104.1000 0.0000 0.0000 
104.2000 0.0000 0.0000 
104.3000 0.0000 0.0000 
104.4000 0.0200 0.0200 
104.5000 0.0400 0.0400 
104.6000 0.0600 0.0600 
104.7000 0.0799 0.0799 
104.8000 0.0998 0.0998 
104.9000 0.1196 0.1196 
105.0000 0.1393 0.1393 
105.1000 0.1589 0.1589 
105.2000 0.1784 0.1784 
105.3000 0.1977 0.1977 
105.4000 0.2170 0.2170 
105.5000 0.2360 0.2360 
105.6000 0.2549 0.2549 
105.7000 0.2736 0.2736 
105.8000 0.2921 0.2921 
105.9000 0.3104 0.3104 
106.0000 0.3285 0.3285 
106.1000 0.3463 0.3463 
106.2000 0.3639 0.3639 
106.3000 0.3813 0.3813 
106.4000 0.3984 0.3984 
106.5000 0.4152 0.4152 
106.6000 0.4317 0.4317 
106.7000 0.4480 0.4480 
106.8000 0.4640 0.4640 
106.9000 0.4797 0.4797 
107.0000 0.4951 0.4951 
107.1000 0.5102 0.5102 
107.2000 0.5250 0.5250 
107.3000 0.5395 0.5395 
107.4000 0.5537 0.5537 
107.5000 0.5675 0.5675 
107.6000 0.5811 0.5811 
107.7000 0.5943 0.5943 
107.8000 0.6073 0.6073 
107.9000 0.6199 0.6199 
108.0000 0.6322 0.6322 
108.1000 0.6442 0.6442 
108.2000 0.6559 0.6559 
108.3000 0.6673 0.6673 
108.4000 0.6784 0.6784 
108.5000 0.6892 0.6892 
108.6000 0.6997 0.6997 
108.7000 0.7099 0.7099 
108.8000 0.7198 0.7198 
108.9000 0.7295 0.7295 
109.0000 0.7388 0.7388 
109.1000 0.7479 0.7479 
109.2000 0.7567 0.7567 
109.3000 0.7653 0.7653 
109.4000 0.7735 0.7735 
109.5000 0.7816 0.7816 
109.6000 0.7894 0.7894 
109.7000 0.7969 0.7969 
109.8000 0.8042 0.8042 
109.9000 0.8113 0.8113 
110.0000 0.8181 0.8181 
110.1000 0.8247 0.8247 
110.2000 0.8311 0.8311 
110.3000 0.8373 0.8373 
110.4000 0.8433 0.8433 
110.5000 0.8491 0.8491 
110.6000 0.8546 0.8546 
110.7000 0.8600 0.8600 
110.8000 0.8652 0.8652 
110.9000 0.8703 0.8703 
111.0000 0.8751 0.8751 
111.1000 0.8798 0.8798 
111.2000 0.8843 0.8843 
111.3000 0.8887 0.8887 
111.4000 0.8929 0.8929 
111.5000 0.8969 0.8969 
111.6000 0.9008 0.9008 
111.7000 0.9046 0.9046 
111.8000 0.9083 0.9083 
111.9000 0.9118 0.9118 
112.0000 0.9151 0.9151 
112.1000 0.9184 0.9184 
112.2000 0.9215 0.9215 
112.3000 0.9245 0.9245 
112.4000 0.9274 0.9274 
112.5000 0.9302 0.9302 
112.6000 0.9329 0.9329 
112.7000 0.9355 0.9355 
112.8000 0.9380 0.9380 
112.9000 0.9404 0.9404 
113.0000 0.9427 0.9427 
113.1000 0.9450 0.9450 
113.2000 0.9471 0.9471 
113.3000 0.9492 0.9492 
113.4000 0.9511 0.9511 
113.5000 0.9530 0.9530 
113.6000 0.9549 0.9549 
113.7000 0.9566 0.9566 
113.8000 0.9583 0.9583 
113.9000 0.9600 0.9600 
114.0000 0.9615 0.9615 
114.1000 0.9630 0.9630 
114.2000 0.9645 0.9645 
114.3000 0.9659 0.9659 
114.4000 0.9634 0.9634 
114.5000 0.9609 0.9609 
114.6000 0.9584 0.9584 
114.7000 0.9559 0.9559 
114.8000 0.9534 0.9534 
114.9000 0.9509 0.9509 
115.0000 0.9484 0.9484 
115.1000 0.9459 0.9459 
115.2000 0.9434 0.9434 
115.3000 0.9409 0.9409 
115.4000 0.9384 0.9384 
115.5000 0.9359 0.9359 
115.6000 0.9334 0.9334 
115.7000 0.9309 0.9309 
115.8000 0.9284 0.9284 
115.9000 0.9259 0.9259 
116.0000 0.9234 0.9234 
116.1000 0.9209 0.9209 
116.2000 0.9184 0.9184 
116.3000 0.9159 0.9159 
116.4000 0.9134 0.9134 
116.5000 0.9109 0.9109 
116.6000 0.9084 0.9084 
116.7000 0.9059 0.9059 
116.8000 0.9034 0.9034 
116.9000 0.9009 0.9009 
117.0000 0.8984 0.8984 
117.1000 0.8959 0.8959 
117.2000 0.8934 0.8934 
117.3000 0.8909 0.8909 
117.4000 0.8884 0.8884 
117.5000 0.8859 0.8859 
117.6000 0.8834 0.8834 
117.7000 0.8809 0.8809 
117.8000 0.8784 0.8784 
117.9000 0.8759 0.8759 
118.0000 0.8734 0.8734 
118.1000 0.8709 0.8709 
118.2000 0.8684 0.8684 
118.3000 0.8659 0.8659 
118.4000 0.8634 0.8634 
118.5000 0.8609 0.8609 
118.6000 0.8584 0.8584 
118.7000 0.8559 0.8559 
118.8000 0.8534 0.8534 
118.9000 0.8509 0.8509 
119.0000 0.8484 0.8484 
119.1000 0.8459 0.8459 
119.2000 0.8434 0.8434 
119.3000 0.8409 0.8409 
119.4000 0.8384 0.8384 
119.5000 0.8359 0.8359 
119.6000 0.8334 0.8334 
119.7000 0.8309 0.8309 
119.8000 0.8284 0.8284 
119.9000 0.8259 0.8259 
120.0000 0.8234 0.8234 
120.1000 0.8209 0.8209 
120.2000 0.8184 0.8184 
120.3000 0.8159 0.8159 
120.4000 0.8134 0.8134 
120.5000 0.8109 0.8109 
120.6000 0.8084 0.8084 
120.7000 0.8059 0.8059 
120.8000 0.8034 0.8034 
120.9000 0.8009 0.8009 
121.0000 0.7984 0.7984 
121.1000 0.7959 0.7959 
121.2000 0.7934 0.7934 
121.3000 0.7909 0.7909 
121.4000 0.7884 0.7884 
121.5000 0.7859 0.7859 
121.6000 0.7834 0.7834 
121.7000 0.7809 0.7809 
121.8000 0.7784 0.7784 
121.9000 0.7759 0.7759 
122.0000 0.7734 0.7734 
122.1000 0.7709 0.7709 
122.2000 0.7684 0.7684 
122.3000 0.7659 0.7659 
122.4000 0.7634 0.7634 
122.5000 0.7609 0.7609 
122.6000 0.7584 0.7584 
122.7000 0.7559 0.7559 
122.8000 0.7534 0.7534 
122.9000 0.7509 0.7509 
123.0000 0.7484 0.7484 
123.1000 0.7459 0.7459 
123.2000 0.7434 0.7434 
123.3000 0.7409 0.7409 
123.4000 0.7384 0.7384 
123.5000 0.7359 0.7359 
123.6000 0.7334 0.7334 
123.7000 0.7309 0.7309 
123.8000 0.7284 0.7284 
123.9000 0.7259 0.7259 
124.0000 0.7234 0.7234 
124.1000 0.7209 0.7209 
124.2000 0.7184 0.7184 
124.3000 0.7159 0.7159 
124.4000 0.7134 0.7134 
124.5000 0.7109 0.7109 
124.6000 0.7084 0.7084 
124.7000 0.7059 0.7059 
124.8000 0.7034 0.7034 
124.9000 0.7009 0.7009 
125.0000 0.6984 0.6984 
125.1000 0.6959 0.6959 
125.2000 0.6934 0.6934 
125.3000 0.6909 0.6909 
125.4000 0.6884 0.6884 
125.5000 0.6859 0.6859 
125.6000 0.6834 0.6834 
125.7000 0.6809 0.6809 
125.8000 0.6784 0.6784 
125.9000 0.6759 0.6759 
126.0000 0.6734 0.6734 
126.1000 0.6709 0.6709 
126.2000 0.6684 0.6684 
126.3000 0.6659 0.6659 
126.4000 0.6634 0.6634 
126.5000 0.6609 0.6609 
126.6000 0.6584 0.6584 
126.7000 0.6559 0.6559 
126.8000 0.6534 0.6534 
126.9000 0.6509 0.6509 
127.0000 0.6484 0.6484 
127.1000 0.6459 0.6459 
127.2000 0.6434 0.6434 
127.3000 0.6409 0.6409 
127.4000 0.6384 0.6384 
127.5000 0.6359 0.6359 
127.6000 0.6334 0.6334 
127.7000 0.6309 0.6309 
127.8000 0.6284 0.6284 
127.9000 0.6259 0.6259 
128.0000 0.6234 0.6234 
128.1000 0.6209 0.6209 
128.2000 0.6184 0.6184 
128.3000 0.6159 0.6159 
128.4000 0.6134 0.6134 
128.5000 0.6109 0.6109 
128.6000 0.6084 0.6084 
128.7000 0.6059 0.6059 
128.8000 0.6034 0.6034 
128.9000 0.6009 0.6009 
129.0000 0.5984 0.5984 
129.1000 0.5959 0.5959 
129.2000 0.5934 0.5934 
129.3000 0.5909 0.5909 
129.4000 0.5884 0.5884 
129.5000 0.5859 0.5859 
129.6000 0.5834 0.5834 
129.7000 0.5809 0.5809 
129.8000 0.5784 0.5784 
129.9000 0.5759 0.5759 
130.0000 0.5734 0.5734 
130.1000 0.5709 0.5709 
130.2000 0.5684 0.5684 
130.3000 0.5659 0.5659 
130.4000 0.5634 0.5634 
130.5000 0.5609 0.5609 
130.6000 0.5584 0.5584 
130.7000 0.5559 0.5559 
130.8000 0.5534 0.5534 
130.9000 0.5509 0.5509 
131.0000 0.5484 0.5484 
131.1000 0.5459 0.5459 
131.2000 0.5434 0.5434 
131.3000 0.5409 0.5409 
131.4000 0.5384 0.5384 
131.5000 0.5359 0.5359 
131.6000 0.5334 0.5334 
131.7000 0.5309 0.5309 
131.8000 0.5284 0.5284 
131.9000 0.5259 0.5259 
132.0000 0.5234 0.5234 
132.1000 0.5209 0.5209 
132.2000 0.5184 0.5184 
132.3000 0.5159 0.5159 
132.4000 0.5134 0.5134 
132.5000 0.5109 0.5109 
132.6000 0.5084 0.5084 
132.7000 0.5059 0.5059 
132.8000 0.5034 0.5034 
132.9000 0.5009 0.5009 
133.0000 0.4984 0.4984 
133.1000 0.4959 0.4959 
133.2000 0.4934 0.4934 
133.3000 0.4909 0.4909 
133.4000 0.4884 0.4884 
133.5000 0.4859 0.4859 
133.6000 0.4834 0.4834 
133.7000 0.4809 0.4809 
133.8000 0.4784 0.4784 
133.9000 0.4759 0.4759 
134.0000 0.4734 0.4734 
134.1000 0.4709 0.4709 
134.2000 0.4684 0.4684 
134.3000 0.4659 0.4659 
134.4000 0.4634 0.4634 
134.5000 0.4609 0.4609 
134.6000 0.4584 0.4584 
134.7000 0.4559 0.4559 
134.8000 0.4534 0.4534 
134.9000 0.4509 0.4509 
135.0000 0.4484 0.4484 
135.1000 0.4459 0.4459 
135.2000 0.4434 0.4434 
135.3000 0.4409 0.4409 
135.4000 0.4384 0.4384 
135.5000 0.4359 0.4359 
135.6000 0.4334 0.4334 
135.7000 0.4309 0.4309 
135.8000 0.4284 0.4284 
135.9000 0.4259 0.4259 
136.0000 0.4234 0.4234 
136.1000 0.4209 0.4209 
136.2000 0.4184 0.4184 
136.3000 0.4159 0.4159 
136.4000 0.4134 0.4134 
136.5000 0.4109 0.4109 
136.6000 0.4084 0.4084 
136.7000 0.4059 0.4059 
136.8000 0.4034 0.4034 
136.9000 0.4009 0.4009 
137.0000 0.3984 0.3984 
137.1000 0.3959 0.3959 
137.2000 0.3934 0.3934 
137.3000 0.3909 0.3909 
137.4000 0.3884 0.3884 
137.5000 0.3859 0.3859 
137.6000 0.3834 0.3834 
137.7000 0.3809 0.3809 
137.8000 0.3784 0.3784 
137.9000 0.3759 0.3759 
138.0000 0.3734 0.3734 
138.1000 0.3709 0.3709 
138.2000 0.3684 0.3684 
138.3000 0.3659 0.3659 
138.4000 0.3634 0.3634 
138.5000 0.3609 0.3609 
138.6000 0.3584 0.3584 
138.7000 0.3559 0.3559 
138.8000 0.3534 0.3534 
138.9000 0.3509 0.3509 
139.0000 0.3484 0.3484 
139.1000 0.3459 0.3459 
139.2000 0.3434 0.3434 
139.3000 0.3409 0.3409 
139.4000 0.3384 0.3384 
139.5000 0.3359 0.3359 
139.6000 0.3334 0.3334 
139.7000 0.3309 0.3309 
139.8000 0.3284 0.3284 
139.9000 0.3259 0.3259 
140.0000 0.3234 0.3234 
140.1000 0.3209 0.3209 
140.2000 0.3184 0.3184 
140.3000 0.3159 0.3159 
140.4000 0.3134 0.3134 
140.5000 0.3109 0.3109 
140.6000 0.3084 0.3084 
140.7000 0.3059 0.3059 
140.8000 0.3034 0.3034 
140.9000 0.3009 0.3009 
141.0000 0.2984 0.2984 
141.1000 0.2959 0.2959 
141.2000 0.2934 0.2934 
141.3000 0.2909 0.2909 
141.4000 0.2884 0.2884 
141.5000 0.2859 0.2859 
141.6000 0.2834 0.2834 
141.7000 0.2809 0.2809 
141.8000 0.2784 0.2784 
141.9000 0.2759 0.2759 
142.0000 0.2734 0.2734 
142.1000 0.2709 0.2709 
142.2000 0.2684 0.2684 
142.3000 0.2659 0.2659 
142.4000 0.2634 0.2634 
142.5000 0.2609 0.2609 
142.6000 0.2584 0.2584 
142.7000 0.2559 0.2559 
142.8000 0.2534 0.2534 
142.9000 0.2509 0.2509 
143.0000 0.2484 0.2484 
143.1000 0.2459 0.2459 
143.2000 0.2434 0.2434 
143.3000 0.2409 0.2409 
143.4000 0.2384 0.2384 
143.5000 0.2359 0.2359 
143.6000 0.2334 0.2334 
143.7000 0.2309 0.2309 
143.8000 0.2284 0.2284 
143.9000 0.2259 0.2259 
144.0000 0.2234 0.2234 
144.1000 0.2209 0.2209 
144.2000 0.2184 0.2184 
144.3000 0.2159 0.2159 
144.4000 0.2134 0.2134 
144.5000 0.2109 0.2109 
144.6000 0.2084 0.2084 
144.7000 0.2059 0.2059 
144.8000 0.2034 0.2034 
144.9000 0.2009 0.2009 
145.0000 0.1984 0.1984 
145.1000 0.1959 0.1959 
145.2000 0.1934 0.1934 
145.3000 0.1909 0.1909 
145.4000 0.1884 0.1884 
145.5000 0.1859 0.1859 
145.6000 0.1834 0.1834 
145.7000 0.1809 0.1809 
145.8000 0.1784 0.1784 
145.9000 0.1759 0.1759 
146.0000 0.1734 0.1734 
146.1000 0.1709 0.1709 
146.2000 0.1684 0.1684 
146.3000 0.1659 0.1659 
146.4000 0.1634 0.1634 
146.5000 0.1609 0.1609 
146.6000 0.1584 0.1584 
146.7000 0.1559 0.1559 
146.8000 0.1534 0.1534 
146.9000 0.1509 0.1509 
147.0000 0.1484 0.1484 
147.1000 0.1459 0.1459 
147.2000 0.1434 0.1434 
147.3000 0.1409 0.1409 
147.4000 0.1384 0.1384 
147.5000 0.1359 0.1359 
147.6000 0.1334 0.1334 
147.7000 0.1309 0.1309 
147.8000 0.1284 0.1284 
147.9000 0.1259 0.1259 
148.0000 0.1234 0.1234 
148.1000 0.1209 0.1209 
148.2000 0.1184 0.1184 
148.3000 0.1159 0.1159 
148.4000 0.1134 0.1134 
148.5000 0.1109 0.1109 
148.6000 0.1084 0.1084 
148.7000 0.1059 0.1059 
148.8000 0.1034 0.1034 
148.9000 0.1009 0.1009 
149.0000 0.0984 0.0984 
149.1000 0.0959 0.0959 
149.2000 0.0934 0.0934 
149.3000 0.0909 0.0909 
149.4000 0.0884 0.0884 
149.5000 0.0859 0.0859 
149.6000 0.0834 0.0834 
149.7000 0.0809 0.0809 
149.8000 0.0784 0.0784 
149.9000 0.0759 0.0759 
150.0000 0.0734 0.0734 
150.1000 0.0709 0.0709 
150.2000 0.0684 0.0684 
150.3000 0.0659 0.0659 
150.4000 0.0634 0.0634 
150.5000 0.0609 0.0609 
150.6000 0.0584 0.0584 
150.7000 0.0559 0.0559 
150.8000 0.0534 0.0534 
150.9000 0.0509 0.0509 
151.0000 0.0484 0.0484 
151.1000 0.0459 0.0459 
151.2000 0.0434 0.0434 
151.3000 0.0409 0.0409 
151.4000 0.0384 0.0384 
151.5000 0.0359 0.0359 
151.6000 0.0334 0.0334 
151.7000 0.0309 0.0309 
151.8000 0.0284 0.0284 
151.9000 0.0259 0.0259 
152.0000 0.0234 0.0234 
152.1000 0.0209 0.0209 
152.2000 0.0184 0.0184 
152.3000 0.0159 0.0159 
152.4000 0.0134 0.0134 
152.5000 0.0109 0.0109 
152.6000 0.0084 0.0084 
152.7000 0.0059 0.0059 
152.8000 0.0034 0.0034 
152.9000 0.0009 0.0009 
153.0000 0.0000 0.0000 
153.1000 0.0000 0.0000 
153.2000 0.0000 0.0000 
153.3000 0.0000 0.0000 
153.4000 0.0000 0.0000 
153.5000 0.0000 0.0000 
153.6000 0.0000 0.0000 
153.7000 0.0000 0.0000 
153.8000 0.0000 0.0000 
153.9000 0.0000 0.0000 
154.0000 0.0000 0.0000 
154.1000 0.0000 0.0000 
154.2000 0.0000 0.0000 
154.3000 0.0000 0.0000 
154.4000 0.0000 0.0000 
154.5000 0.0000 0.0000 
154.6000 0.0000 0.0000 
154.7000 0.0000 0.0000 
154.8000 0.0000 0.0000 
154.9000 0.0000 0.0000 
155.0000 0.0000 0.0000 
155.1000 0.0000 0.0000 
155.2000 0.0000 0.0000 
155.3000 0.0000 0.0000 
155.4000 0.0000 0.0000 
155.5000 0.0000 0.0000 
155.6000 0.0000 0.0000 
155.7000 0.0000 0.0000 
155.8000 0.0000 0.0000 
155.9000 0.0000 0.0000 
156.0000 0.0000 0.0000 
156.1000 0.0000 0.0000 
156.2000 0.0000 0.0000 
156.3000 0.0000 0.0000 
156.4000 0.0000 0.0000 
156.5000 0.0000 0.0000 
156.6000 0.0000 0.0000 
156.7000 0.0000 0.0000 
156.8000 0.0000 0.0000 
156.9000 0.0000 0.0000 
157.0000 0.0000 0.0000 
