0.0000 0.0000 0.0000
0.1000 0.0123 0.0001
0.2000 0.0246 0.0005
0.3000 0.0369 0.0012
0.4000 0.0492 0.0021
0.5000 0.0613 0.0033
0.6000 0.0734 0.0048
0.7000 0.0852 0.0067
0.8000 0.0968 0.0090
0.9000 0.1081 0.0117
1.0000 0.1188 0.0149
1.1000 0.1287 0.0187
1.2000 0.1370 0.0231
1.3000 0.1429 0.0275
1.4000 0.1449 0.0301
1.5000 0.1450 0.0308
1.6000 0.1450 0.0310
1.7000 0.1425 0.0343
1.8000 0.1338 0.0422
1.9000 0.1246 0.0501
2.0000 0.1151 0.0579
2.1000 0.1054 0.0656
2.2000 0.0955 0.0731
2.3000 0.0855 0.0805
2.4000 0.0753 0.0878
2.5000 0.0650 0.0951
2.6000 0.0546 0.1022
2.7000 0.0442 0.1093
2.8000 0.0336 0.1163
2.9000 0.0230 0.1232
3.0000 0.0124 0.1300
3.1000 0.0017 0.1368
3.2000 -0.0091 0.1435
3.3000 -0.0199 0.1502
3.4000 -0.0308 0.1568
3.5000 -0.0417 0.1634
3.6000 -0.0526 0.1699
3.7000 -0.0636 0.1763
3.8000 -0.0746 0.1828
3.9000 -0.0856 0.1891
4.0000 -0.0967 0.1954
4.1000 -0.1078 0.2017
4.2000 -0.1189 0.2079
4.3000 -0.1301 0.2141
4.4000 -0.1412 0.2203
4.5000 -0.1524 0.2264
4.6000 -0.1637 0.2325
4.7000 -0.1749 0.2385
4.8000 -0.1862 0.2445
4.9000 -0.1975 0.2505
5.0000 -0.2088 0.2564
5.1000 -0.2201 0.2623
5.2000 -0.2315 0.2682
5.3000 -0.2429 0.2740
5.4000 -0.2543 0.2798
5.5000 -0.2657 0.2856
5.6000 -0.2771 0.2914
5.7000 -0.2886 0.2971
5.8000 -0.3000 0.3027
5.9000 -0.3115 0.3084
6.0000 -0.3230 0.3140
6.1000 -0.3345 0.3196
6.2000 -0.3460 0.3251
6.3000 -0.3575 0.3306
6.4000 -0.3691 0.3361
6.5000 -0.3806 0.3415
6.6000 -0.3922 0.3469
6.7000 -0.4038 0.3522
6.8000 -0.4154 0.3575
6.9000 -0.4271 0.3627
7.0000 -0.4387 0.3679
7.1000 -0.4504 0.3731
7.2000 -0.4621 0.3782
7.3000 -0.4738 0.3832
7.4000 -0.4855 0.3882
7.5000 -0.4972 0.3932
7.6000 -0.5090 0.3980
7.7000 -0.5208 0.4028
7.8000 -0.5326 0.4076
7.9000 -0.5444 0.4123
8.0000 -0.5562 0.4169
8.1000 -0.5681 0.4214
8.2000 -0.5800 0.4258
8.3000 -0.5918 0.4302
8.4000 -0.6037 0.4344
8.5000 -0.6157 0.4385
8.6000 -0.6276 0.4425
8.7000 -0.6395 0.4463
8.8000 -0.6514 0.4500
8.9000 -0.6634 0.4534
9.0000 -0.6753 0.4566
9.1000 -0.6872 0.4596
9.2000 -0.6991 0.4622
9.3000 -0.7108 0.4645
9.4000 -0.7224 0.4662
9.5000 -0.7334 0.4672
9.6000 -0.7431 0.4673
9.7000 -0.7497 0.4661
9.8000 -0.7515 0.4651
9.9000 -0.7525 0.4639
10.0000 -0.7534 0.4606
10.1000 -0.7535 0.4518
10.2000 -0.7524 0.4417
10.3000 -0.7503 0.4309
10.4000 -0.7473 0.4199
10.5000 -0.7437 0.4088
10.6000 -0.7397 0.3976
10.7000 -0.7351 0.3864
10.8000 -0.7302 0.3753
10.9000 -0.7250 0.3643
11.0000 -0.7195 0.3533
11.1000 -0.7137 0.3424
11.2000 -0.7077 0.3316
11.3000 -0.7015 0.3208
11.4000 -0.6951 0.3101
11.5000 -0.6885 0.2995
11.6000 -0.6818 0.2890
11.7000 -0.6749 0.2785
11.8000 -0.6678 0.2682
11.9000 -0.6606 0.2579
12.0000 -0.6533 0.2476
12.1000 -0.6459 0.2374
12.2000 -0.6384 0.2273
12.3000 -0.6307 0.2173
12.4000 -0.6230 0.2074
12.5000 -0.6151 0.1975
12.6000 -0.6072 0.1877
12.7000 -0.5991 0.1780
12.8000 -0.5909 0.1684
12.9000 -0.5827 0.1589
13.0000 -0.5743 0.1494
13.1000 -0.5659 0.1401
13.2000 -0.5574 0.1308
13.3000 -0.5487 0.1216
13.4000 -0.5400 0.1125
13.5000 -0.5312 0.1035
13.6000 -0.5223 0.0945
13.7000 -0.5133 0.0857
13.8000 -0.5042 0.0769
13.9000 -0.4950 0.0682
14.0000 -0.4858 0.0596
14.1000 -0.4765 0.0511
14.2000 -0.4670 0.0427
14.3000 -0.4576 0.0343
14.4000 -0.4480 0.0260
14.5000 -0.4384 0.0178
14.6000 -0.4286 0.0097
14.7000 -0.4189 0.0017
14.8000 -0.4090 -0.0063
14.9000 -0.3991 -0.0141
15.0000 -0.3891 -0.0219
15.1000 -0.3791 -0.0297
15.2000 -0.3690 -0.0373
15.3000 -0.3588 -0.0449
15.4000 -0.3486 -0.0524
15.5000 -0.3383 -0.0598
15.6000 -0.3279 -0.0671
15.7000 -0.3175 -0.0744
15.8000 -0.3071 -0.0816
15.9000 -0.2966 -0.0887
16.0000 -0.2860 -0.0957
16.1000 -0.2754 -0.1027
16.2000 -0.2648 -0.1096
16.3000 -0.2540 -0.1164
16.4000 -0.2433 -0.1232
16.5000 -0.2325 -0.1299
16.6000 -0.2216 -0.1365
16.7000 -0.2108 -0.1430
16.8000 -0.1998 -0.1495
16.9000 -0.1888 -0.1559
17.0000 -0.1778 -0.1623
17.1000 -0.1668 -0.1685
17.2000 -0.1557 -0.1747
17.3000 -0.1445 -0.1809
17.4000 -0.1333 -0.1869
17.5000 -0.1221 -0.1929
17.6000 -0.1109 -0.1989
17.7000 -0.0996 -0.2047
17.8000 -0.0883 -0.2106
17.9000 -0.0769 -0.2163
18.0000 -0.0655 -0.2220
18.1000 -0.0541 -0.2276
18.2000 -0.0426 -0.2331
18.3000 -0.0311 -0.2386
18.4000 -0.0196 -0.2441
18.5000 -0.0081 -0.2494
18.6000 0.0035 -0.2547
18.7000 0.0151 -0.2600
18.8000 0.0268 -0.2652
18.9000 0.0384 -0.2703
19.0000 0.0501 -0.2754
19.1000 0.0618 -0.2804
19.2000 0.0736 -0.2854
19.3000 0.0854 -0.2903
19.4000 0.0972 -0.2951
19.5000 0.1090 -0.2999
19.6000 0.1208 -0.3046
19.7000 0.1327 -0.3093
19.8000 0.1446 -0.3139
19.9000 0.1565 -0.3185
20.0000 0.1684 -0.3230
20.1000 0.1804 -0.3275
20.2000 0.1923 -0.3319
20.3000 0.2043 -0.3363
20.4000 0.2163 -0.3405
20.5000 0.2283 -0.3448
20.6000 0.2404 -0.3489
20.7000 0.2525 -0.3531
20.8000 0.2645 -0.3571
20.9000 0.2766 -0.3611
21.0000 0.2888 -0.3650
21.1000 0.3009 -0.3689
21.2000 0.3131 -0.3726
21.3000 0.3252 -0.3764
21.4000 0.3374 -0.3800
21.5000 0.3496 -0.3836
21.6000 0.3619 -0.3871
21.7000 0.3741 -0.3905
21.8000 0.3864 -0.3939
21.9000 0.3987 -0.3972
22.0000 0.4109 -0.4004
22.1000 0.4233 -0.4035
22.2000 0.4356 -0.4065
22.3000 0.4479 -0.4095
22.4000 0.4603 -0.4123
22.5000 0.4726 -0.4150
22.6000 0.4850 -0.4177
22.7000 0.4974 -0.4202
22.8000 0.5098 -0.4226
22.9000 0.5222 -0.4249
23.0000 0.5346 -0.4271
23.1000 0.5470 -0.4291
23.2000 0.5595 -0.4310
23.3000 0.5719 -0.4327
23.4000 0.5844 -0.4343
23.5000 0.5968 -0.4357
23.6000 0.6093 -0.4370
23.7000 0.6219 -0.4382
23.8000 0.6344 -0.4392
23.9000 0.6468 -0.4400
24.0000 0.6593 -0.4406
24.1000 0.6716 -0.4410
24.2000 0.6839 -0.4412
24.3000 0.6961 -0.4410
24.4000 0.7081 -0.4405
24.5000 0.7199 -0.4396
24.6000 0.7312 -0.4382
24.7000 0.7420 -0.4362
24.8000 0.7516 -0.4334
24.9000 0.7596 -0.4300
25.0000 0.7646 -0.4265
25.1000 0.7654 -0.4253
25.2000 0.7654 -0.4251
25.3000 0.7654 -0.4248
25.4000 0.7606 -0.4174
25.5000 0.7540 -0.4087
25.6000 0.7469 -0.3999
25.7000 0.7395 -0.3911
25.8000 0.7319 -0.3824
25.9000 0.7241 -0.3737
26.0000 0.7162 -0.3650
26.1000 0.7083 -0.3564
26.2000 0.7002 -0.3478
26.3000 0.6921 -0.3393
26.4000 0.6839 -0.3308
26.5000 0.6756 -0.3223
26.6000 0.6673 -0.3139
26.7000 0.6589 -0.3055
26.8000 0.6505 -0.2971
26.9000 0.6420 -0.2888
27.0000 0.6334 -0.2805
27.1000 0.6248 -0.2722
27.2000 0.6162 -0.2640
27.3000 0.6075 -0.2558
27.4000 0.5988 -0.2476
27.5000 0.5900 -0.2395
27.6000 0.5812 -0.2314
27.7000 0.5723 -0.2233
27.8000 0.5634 -0.2153
27.9000 0.5545 -0.2073
28.0000 0.5455 -0.1993
28.1000 0.5365 -0.1913
28.2000 0.5274 -0.1834
28.3000 0.5183 -0.1755
28.4000 0.5092 -0.1677
28.5000 0.5000 -0.1598
28.6000 0.4908 -0.1520
28.7000 0.4816 -0.1442
28.8000 0.4723 -0.1365
28.9000 0.4630 -0.1288
29.0000 0.4536 -0.1211
29.1000 0.4443 -0.1134
29.2000 0.4349 -0.1058
29.3000 0.4254 -0.0981
29.4000 0.4159 -0.0906
29.5000 0.4064 -0.0830
29.6000 0.3969 -0.0755
29.7000 0.3873 -0.0680
29.8000 0.3777 -0.0605
29.9000 0.3681 -0.0530
30.0000 0.3585 -0.0456
30.1000 0.3488 -0.0382
30.2000 0.3391 -0.0308
30.3000 0.3293 -0.0234
30.4000 0.3196 -0.0161
30.5000 0.3098 -0.0088
30.6000 0.2999 -0.0015
30.7000 0.2901 0.0057
30.8000 0.2802 0.0130
30.9000 0.2703 0.0202
31.0000 0.2604 0.0274
31.1000 0.2505 0.0346
31.2000 0.2405 0.0417
31.3000 0.2305 0.0488
31.4000 0.2205 0.0559
31.5000 0.2104 0.0630
31.6000 0.2003 0.0701
31.7000 0.1903 0.0771
31.8000 0.1801 0.0841
31.9000 0.1700 0.0911
32.0000 0.1598 0.0981
32.1000 0.1497 0.1050
32.2000 0.1395 0.1120
32.3000 0.1292 0.1189
32.4000 0.1190 0.1258
32.5000 0.1087 0.1327
32.6000 0.0984 0.1395
32.7000 0.0881 0.1464
32.8000 0.0778 0.1532
32.9000 0.0675 0.1600
33.0000 0.0571 0.1668
33.1000 0.0467 0.1735
33.2000 0.0363 0.1803
33.3000 0.0259 0.1870
33.4000 0.0155 0.1937
33.5000 0.0050 0.2004
33.6000 -0.0054 0.2071
33.7000 -0.0159 0.2138
33.8000 -0.0264 0.2204
33.9000 -0.0369 0.2270
34.0000 -0.0475 0.2337
34.1000 -0.0580 0.2403
34.2000 -0.0686 0.2468
34.3000 -0.0792 0.2534
34.4000 -0.0898 0.2600
34.5000 -0.1004 0.2665
34.6000 -0.1110 0.2731
34.7000 -0.1217 0.2796
34.8000 -0.1323 0.2861
34.9000 -0.1430 0.2926
35.0000 -0.1537 0.2991
35.1000 -0.1644 0.3055
35.2000 -0.1751 0.3120
35.3000 -0.1858 0.3184
35.4000 -0.1965 0.3249
35.5000 -0.2073 0.3313
35.6000 -0.2180 0.3377
35.7000 -0.2288 0.3441
35.8000 -0.2396 0.3505
35.9000 -0.2504 0.3569
36.0000 -0.2612 0.3633
36.1000 -0.2720 0.3697
36.2000 -0.2828 0.3760
36.3000 -0.2937 0.3824
36.4000 -0.3045 0.3887
36.5000 -0.3154 0.3951
36.6000 -0.3262 0.4014
36.7000 -0.3371 0.4077
36.8000 -0.3480 0.4140
36.9000 -0.3589 0.4203
37.0000 -0.3698 0.4266
37.1000 -0.3808 0.4329
37.2000 -0.3917 0.4391
37.3000 -0.4026 0.4454
37.4000 -0.4136 0.4516
37.5000 -0.4246 0.4579
37.6000 -0.4356 0.4641
37.7000 -0.4466 0.4703
37.8000 -0.4576 0.4765
37.9000 -0.4686 0.4827
38.0000 -0.4796 0.4889
38.1000 -0.4907 0.4951
38.2000 -0.5017 0.5012
38.3000 -0.5128 0.5074
38.4000 -0.5239 0.5136
38.5000 -0.5350 0.5197
38.6000 -0.5461 0.5258
38.7000 -0.5572 0.5320
38.8000 -0.5683 0.5381
38.9000 -0.5794 0.5442
39.0000 -0.5905 0.5502
39.1000 -0.6017 0.5563
39.2000 -0.6128 0.5623
39.3000 -0.6239 0.5683
39.4000 -0.6351 0.5743
39.5000 -0.6462 0.5803
39.6000 -0.6574 0.5862
39.7000 -0.6686 0.5921
39.8000 -0.6798 0.5980
39.9000 -0.6910 0.6038
40.0000 -0.7022 0.6096
40.1000 -0.7134 0.6154
40.2000 -0.7247 0.6210
40.3000 -0.7359 0.6267
40.4000 -0.7472 0.6322
40.5000 -0.7586 0.6377
40.6000 -0.7699 0.6432
40.7000 -0.7813 0.6485
40.8000 -0.7926 0.6536
40.9000 -0.8040 0.6587
41.0000 -0.8154 0.6635
41.1000 -0.8268 0.6681
41.2000 -0.8382 0.6724
41.3000 -0.8494 0.6763
41.4000 -0.8606 0.6797
41.5000 -0.8714 0.6825
41.6000 -0.8817 0.6843
41.7000 -0.8900 0.6846
41.8000 -0.8935 0.6839
41.9000 -0.8943 0.6833
42.0000 -0.8953 0.6818
42.1000 -0.8964 0.6763
42.2000 -0.8963 0.6670
42.3000 -0.8950 0.6567
42.4000 -0.8927 0.6458
42.5000 -0.8898 0.6347
42.6000 -0.8862 0.6235
42.7000 -0.8821 0.6123
42.8000 -0.8776 0.6011
42.9000 -0.8728 0.5900
43.0000 -0.8676 0.5789
43.1000 -0.8621 0.5679
43.2000 -0.8564 0.5570
43.3000 -0.8504 0.5461
43.4000 -0.8443 0.5353
43.5000 -0.8379 0.5246
43.6000 -0.8314 0.5140
43.7000 -0.8247 0.5034
43.8000 -0.8178 0.4929
43.9000 -0.8108 0.4825
44.0000 -0.8037 0.4722
44.1000 -0.7965 0.4620
44.2000 -0.7891 0.4518
44.3000 -0.7816 0.4418
44.4000 -0.7739 0.4318
44.5000 -0.7661 0.4220
44.6000 -0.7583 0.4122
44.7000 -0.7502 0.4026
44.8000 -0.7421 0.3930
44.9000 -0.7339 0.3835
45.0000 -0.7255 0.3742
45.1000 -0.7170 0.3649
45.2000 -0.7084 0.3558
45.3000 -0.6997 0.3467
45.4000 -0.6909 0.3378
45.5000 -0.6820 0.3289
45.6000 -0.6730 0.3201
45.7000 -0.6638 0.3115
45.8000 -0.6546 0.3029
45.9000 -0.6453 0.2944
46.0000 -0.6359 0.2860
46.1000 -0.6264 0.2778
46.2000 -0.6168 0.2696
46.3000 -0.6071 0.2615
46.4000 -0.5974 0.2535
46.5000 -0.5875 0.2456
46.6000 -0.5776 0.2378
46.7000 -0.5676 0.2301
46.8000 -0.5575 0.2225
46.9000 -0.5474 0.2149
47.0000 -0.5372 0.2075
47.1000 -0.5269 0.2002
47.2000 -0.5165 0.1929
47.3000 -0.5061 0.1857
47.4000 -0.4956 0.1787
47.5000 -0.4851 0.1717
47.6000 -0.4745 0.1648
47.7000 -0.4638 0.1580
47.8000 -0.4531 0.1513
47.9000 -0.4423 0.1447
48.0000 -0.4314 0.1381
48.1000 -0.4205 0.1317
48.2000 -0.4096 0.1253
48.3000 -0.3986 0.1190
48.4000 -0.3875 0.1128
48.5000 -0.3764 0.1067
48.6000 -0.3653 0.1007
48.7000 -0.3541 0.0947
48.8000 -0.3428 0.0889
48.9000 -0.3315 0.0831
49.0000 -0.3202 0.0774
49.1000 -0.3088 0.0718
49.2000 -0.2974 0.0662
49.3000 -0.2859 0.0607
49.4000 -0.2744 0.0554
49.5000 -0.2629 0.0501
49.6000 -0.2513 0.0448
49.7000 -0.2397 0.0397
49.8000 -0.2281 0.0346
49.9000 -0.2164 0.0296
50.0000 -0.2047 0.0246
50.1000 -0.1929 0.0198
50.2000 -0.1812 0.0150
50.3000 -0.1694 0.0103
50.4000 -0.1575 0.0056
50.5000 -0.1457 0.0011
50.6000 -0.1338 -0.0034
50.7000 -0.1219 -0.0078
50.8000 -0.1099 -0.0121
50.9000 -0.0980 -0.0163
51.0000 -0.0860 -0.0205
51.1000 -0.0739 -0.0245
51.2000 -0.0619 -0.0285
51.3000 -0.0498 -0.0324
51.4000 -0.0377 -0.0362
51.5000 -0.0256 -0.0399
51.6000 -0.0134 -0.0435
51.7000 -0.0013 -0.0470
51.8000 0.0109 -0.0504
51.9000 0.0232 -0.0537
52.0000 0.0354 -0.0569
52.1000 0.0477 -0.0601
52.2000 0.0599 -0.0630
52.3000 0.0722 -0.0659
52.4000 0.0845 -0.0687
52.5000 0.0969 -0.0713
52.6000 0.1092 -0.0738
52.7000 0.1216 -0.0762
52.8000 0.1339 -0.0784
52.9000 0.1463 -0.0805
53.0000 0.1587 -0.0824
53.1000 0.1711 -0.0841
53.2000 0.1835 -0.0857
53.3000 0.1959 -0.0871
53.4000 0.2083 -0.0882
53.5000 0.2207 -0.0892
53.6000 0.2331 -0.0900
53.7000 0.2455 -0.0905
53.8000 0.2579 -0.0908
53.9000 0.2703 -0.0909
54.0000 0.2827 -0.0908
54.1000 0.2950 -0.0905
54.2000 0.3072 -0.0899
54.3000 0.3193 -0.0889
54.4000 0.3312 -0.0876
54.5000 0.3429 -0.0859
54.6000 0.3542 -0.0838
54.7000 0.3650 -0.0810
54.8000 0.3748 -0.0777
54.9000 0.3829 -0.0738
55.0000 0.3887 -0.0696
55.1000 0.3903 -0.0674
55.2000 0.3904 -0.0670
55.3000 0.3904 -0.0669
55.4000 0.3878 -0.0634
55.5000 0.3797 -0.0554
55.6000 0.3711 -0.0475
55.7000 0.3622 -0.0397
55.8000 0.3531 -0.0319
55.9000 0.3438 -0.0242
56.0000 0.3344 -0.0166
56.1000 0.3249 -0.0090
56.2000 0.3153 -0.0015
56.3000 0.3057 0.0059
56.4000 0.2959 0.0133
56.5000 0.2861 0.0207
56.6000 0.2763 0.0280
56.7000 0.2664 0.0353
56.8000 0.2564 0.0425
56.9000 0.2465 0.0497
57.0000 0.2364 0.0568
57.1000 0.2264 0.0639
57.2000 0.2163 0.0710
57.3000 0.2061 0.0781
57.4000 0.1960 0.0851
57.5000 0.1858 0.0921
57.6000 0.1755 0.0991
57.7000 0.1653 0.1060
57.8000 0.1550 0.1129
57.9000 0.1447 0.1198
58.0000 0.1343 0.1267
58.1000 0.1240 0.1335
58.2000 0.1136 0.1403
58.3000 0.1032 0.1471
58.4000 0.0928 0.1539
58.5000 0.0823 0.1606
58.6000 0.0719 0.1673
58.7000 0.0614 0.1740
58.8000 0.0508 0.1807
58.9000 0.0403 0.1874
59.0000 0.0298 0.1940
59.1000 0.0192 0.2006
59.2000 0.0086 0.2072
59.3000 -0.0020 0.2138
59.4000 -0.0126 0.2204
59.5000 -0.0233 0.2269
59.6000 -0.0339 0.2334
59.7000 -0.0446 0.2400
59.8000 -0.0553 0.2464
59.9000 -0.0660 0.2529
60.0000 -0.0767 0.2594
60.1000 -0.0875 0.2658
60.2000 -0.0982 0.2723
60.3000 -0.1090 0.2787
60.4000 -0.1198 0.2851
60.5000 -0.1306 0.2914
60.6000 -0.1414 0.2978
60.7000 -0.1522 0.3042
60.8000 -0.1631 0.3105
60.9000 -0.1739 0.3168
61.0000 -0.1848 0.3232
61.1000 -0.1956 0.3295
61.2000 -0.2065 0.3358
61.3000 -0.2174 0.3420
61.4000 -0.2283 0.3483
61.5000 -0.2393 0.3546
61.6000 -0.2502 0.3608
61.7000 -0.2611 0.3670
61.8000 -0.2721 0.3733
61.9000 -0.2831 0.3795
62.0000 -0.2941 0.3857
62.1000 -0.3051 0.3919
62.2000 -0.3161 0.3980
62.3000 -0.3271 0.4042
62.4000 -0.3381 0.4104
62.5000 -0.3492 0.4165
62.6000 -0.3602 0.4226
62.7000 -0.3713 0.4287
62.8000 -0.3824 0.4348
62.9000 -0.3934 0.4409
63.0000 -0.4045 0.4470
63.1000 -0.4157 0.4531
63.2000 -0.4268 0.4591
63.3000 -0.4379 0.4652
63.4000 -0.4491 0.4712
63.5000 -0.4602 0.4772
63.6000 -0.4714 0.4832
63.7000 -0.4826 0.4892
63.8000 -0.4938 0.4952
63.9000 -0.5050 0.5012
64.0000 -0.5162 0.5072
64.1000 -0.5274 0.5131
64.2000 -0.5386 0.5191
64.3000 -0.5499 0.5250
64.4000 -0.5611 0.5309
64.5000 -0.5723 0.5368
64.6000 -0.5836 0.5426
64.7000 -0.5949 0.5485
64.8000 -0.6061 0.5543
64.9000 -0.6174 0.5600
65.0000 -0.6287 0.5658
65.1000 -0.6400 0.5715
65.2000 -0.6513 0.5772
65.3000 -0.6626 0.5829
65.4000 -0.6739 0.5885
65.5000 -0.6853 0.5940
65.6000 -0.6966 0.5995
65.7000 -0.7080 0.6050
65.8000 -0.7194 0.6104
65.9000 -0.7308 0.6157
66.0000 -0.7422 0.6210
66.1000 -0.7537 0.6262
66.2000 -0.7652 0.6312
66.3000 -0.7766 0.6362
66.4000 -0.7881 0.6410
66.5000 -0.7996 0.6456
66.6000 -0.8111 0.6500
66.7000 -0.8225 0.6541
66.8000 -0.8339 0.6578
66.9000 -0.8452 0.6610
67.0000 -0.8562 0.6636
67.1000 -0.8667 0.6654
67.2000 -0.8753 0.6658
67.3000 -0.8795 0.6650
67.4000 -0.8803 0.6645
67.5000 -0.8812 0.6630
67.6000 -0.8822 0.6581
67.7000 -0.8822 0.6490
67.8000 -0.8809 0.6387
67.9000 -0.8786 0.6279
68.0000 -0.8756 0.6168
68.1000 -0.8720 0.6056
68.2000 -0.8679 0.5944
68.3000 -0.8634 0.5833
68.4000 -0.8585 0.5722
68.5000 -0.8532 0.5611
68.6000 -0.8477 0.5501
68.7000 -0.8420 0.5392
68.8000 -0.8360 0.5284
68.9000 -0.8298 0.5176
69.0000 -0.8234 0.5069
69.1000 -0.8168 0.4963
69.2000 -0.8101 0.4858
69.3000 -0.8032 0.4753
69.4000 -0.7962 0.4649
69.5000 -0.7890 0.4546
69.6000 -0.7817 0.4444
69.7000 -0.7743 0.4343
69.8000 -0.7667 0.4243
69.9000 -0.7590 0.4144
70.0000 -0.7512 0.4046
70.1000 -0.7433 0.3948
70.2000 -0.7353 0.3852
70.3000 -0.7271 0.3757
70.4000 -0.7188 0.3662
70.5000 -0.7104 0.3569
70.6000 -0.7019 0.3477
70.7000 -0.6933 0.3385
70.8000 -0.6846 0.3295
70.9000 -0.6757 0.3206
71.0000 -0.6668 0.3117
71.1000 -0.6577 0.3030
71.2000 -0.6485 0.2944
71.3000 -0.6393 0.2858
71.4000 -0.6299 0.2774
71.5000 -0.6205 0.2690
71.6000 -0.6110 0.2608
71.7000 -0.6014 0.2526
71.8000 -0.5917 0.2446
71.9000 -0.5819 0.2366
72.0000 -0.5720 0.2287
72.1000 -0.5621 0.2209
72.2000 -0.5521 0.2132
72.3000 -0.5420 0.2056
72.4000 -0.5318 0.1981
72.5000 -0.5216 0.1907
