0.0000 0.0000 0.0000
0.1000 0.0124 0.0001
0.2000 0.0248 0.0005
0.3000 0.0371 0.0011
0.4000 0.0495 0.0019
0.5000 0.0618 0.0029
0.6000 0.0741 0.0042
0.7000 0.0864 0.0057
0.8000 0.0987 0.0075
0.9000 0.1109 0.0094
1.0000 0.1231 0.0116
1.1000 0.1352 0.0141
1.2000 0.1473 0.0167
1.3000 0.1593 0.0196
1.4000 0.1713 0.0228
1.5000 0.1832 0.0261
1.6000 0.1951 0.0297
1.7000 0.2069 0.0335
1.8000 0.2186 0.0375
1.9000 0.2302 0.0417
2.0000 0.2418 0.0462
2.1000 0.2532 0.0508
2.2000 0.2646 0.0557
2.3000 0.2759 0.0608
2.4000 0.2870 0.0661
2.5000 0.2981 0.0717
2.6000 0.3091 0.0774
2.7000 0.3200 0.0833
2.8000 0.3307 0.0895
2.9000 0.3413 0.0958
3.0000 0.3518 0.1024
3.1000 0.3622 0.1091
3.2000 0.3725 0.1160
3.3000 0.3826 0.1232
3.4000 0.3926 0.1305
3.5000 0.4024 0.1380
3.6000 0.4121 0.1457
3.7000 0.4216 0.1536
3.8000 0.4310 0.1616
3.9000 0.4403 0.1699
4.0000 0.4494 0.1783
4.1000 0.4583 0.1869
4.2000 0.4671 0.1956
4.3000 0.4756 0.2045
4.4000 0.4841 0.2136
4.5000 0.4923 0.2228
4.6000 0.5004 0.2322
4.7000 0.5083 0.2417
4.8000 0.5160 0.2514
4.9000 0.5235 0.2612
5.0000 0.5309 0.2712
5.1000 0.5380 0.2813
5.2000 0.5450 0.2915
5.3000 0.5517 0.3019
5.4000 0.5583 0.3124
5.5000 0.5647 0.3230
5.6000 0.5708 0.3337
5.7000 0.5768 0.3446
5.8000 0.5825 0.3556
5.9000 0.5881 0.3666
6.0000 0.5934 0.3778
6.1000 0.5985 0.3891
6.2000 0.6034 0.4004
6.3000 0.6081 0.4119
6.4000 0.6126 0.4234
6.5000 0.6168 0.4351
6.6000 0.6208 0.4468
6.7000 0.6246 0.4585
6.8000 0.6282 0.4704
6.9000 0.6316 0.4823
7.0000 0.6347 0.4943
7.1000 0.6376 0.5063
7.2000 0.6403 0.5184
7.3000 0.6427 0.5305
7.4000 0.6449 0.5427
7.5000 0.6469 0.5549
7.6000 0.6486 0.5672
7.7000 0.6502 0.5795
7.8000 0.6514 0.5918
7.9000 0.6525 0.6041
8.0000 0.6533 0.6165
8.1000 0.6539 0.6288
8.2000 0.6542 0.6412
8.3000 0.6544 0.6536
8.4000 0.6542 0.6659
8.5000 0.6539 0.6783
8.6000 0.6533 0.6907
8.7000 0.6525 0.7030
8.8000 0.6514 0.7154
8.9000 0.6501 0.7277
9.0000 0.6486 0.7400
9.1000 0.6468 0.7522
9.2000 0.6449 0.7644
9.3000 0.6426 0.7766
9.4000 0.6402 0.7887
9.5000 0.6375 0.8008
9.6000 0.6346 0.8129
9.7000 0.6315 0.8248
9.8000 0.6281 0.8368
9.9000 0.6245 0.8486
10.0000 0.6207 0.8604
10.1000 0.6167 0.8721
10.2000 0.6125 0.8837
10.3000 0.6080 0.8953
10.4000 0.6033 0.9067
10.5000 0.5984 0.9181
10.6000 0.5933 0.9294
10.7000 0.5880 0.9405
10.8000 0.5824 0.9516
10.9000 0.5767 0.9626
11.0000 0.5707 0.9734
11.1000 0.5646 0.9842
11.2000 0.5582 0.9948
11.3000 0.5517 1.0053
11.4000 0.5449 1.0157
11.5000 0.5380 1.0259
11.6000 0.5308 1.0360
11.7000 0.5235 1.0460
11.8000 0.5160 1.0558
11.9000 0.5083 1.0655
12.0000 0.5004 1.0751
12.1000 0.4923 1.0845
12.2000 0.4841 1.0937
12.3000 0.4757 1.1028
12.4000 0.4671 1.1117
12.5000 0.4584 1.1205
12.6000 0.4494 1.1291
12.7000 0.4404 1.1375
12.8000 0.4311 1.1457
12.9000 0.4218 1.1538
13.0000 0.4122 1.1617
13.1000 0.4026 1.1694
13.2000 0.3927 1.1770
13.3000 0.3828 1.1843
13.4000 0.3727 1.1915
13.5000 0.3624 1.1985
13.6000 0.3521 1.2052
13.7000 0.3416 1.2118
13.8000 0.3310 1.2182
13.9000 0.3203 1.2244
14.0000 0.3094 1.2304
14.1000 0.2985 1.2362
14.2000 0.2874 1.2417
14.3000 0.2762 1.2471
14.4000 0.2650 1.2522
14.5000 0.2536 1.2572
14.6000 0.2422 1.2619
14.7000 0.2306 1.2664
14.8000 0.2190 1.2707
14.9000 0.2073 1.2748
15.0000 0.1956 1.2786
15.1000 0.1837 1.2823
15.2000 0.1718 1.2857
15.3000 0.1599 1.2889
15.4000 0.1478 1.2918
15.5000 0.1358 1.2946
15.6000 0.1236 1.2971
15.7000 0.1115 1.2993
15.8000 0.0992 1.3014
15.9000 0.0870 1.3032
16.0000 0.0747 1.3048
16.1000 0.0624 1.3062
16.2000 0.0501 1.3073
16.3000 0.0377 1.3082
16.4000 0.0254 1.3089
16.5000 0.0130 1.3094
16.6000 0.0006 1.3096
16.7000 -0.0118 1.3096
16.8000 -0.0242 1.3093
16.9000 -0.0365 1.3088
17.0000 -0.0489 1.3081
17.1000 -0.0613 1.3072
17.2000 -0.0736 1.3060
17.3000 -0.0859 1.3046
17.4000 -0.0982 1.3030
17.5000 -0.1104 1.3011
17.6000 -0.1226 1.2991
17.7000 -0.1348 1.2968
17.8000 -0.1469 1.2942
17.9000 -0.1590 1.2915
18.0000 -0.1710 1.2885
18.1000 -0.1830 1.2853
18.2000 -0.1949 1.2819
18.3000 -0.2067 1.2782
18.4000 -0.2185 1.2743
18.5000 -0.2302 1.2703
18.6000 -0.2418 1.2660
18.7000 -0.2534 1.2614
18.8000 -0.2648 1.2567
18.9000 -0.2762 1.2518
19.0000 -0.2874 1.2466
19.1000 -0.2986 1.2413
19.2000 -0.3097 1.2357
19.3000 -0.3206 1.2299
19.4000 -0.3315 1.2240
19.5000 -0.3422 1.2178
19.6000 -0.3529 1.2114
19.7000 -0.3634 1.2049
19.8000 -0.3738 1.1981
19.9000 -0.3840 1.1911
20.0000 -0.3941 1.1840
20.1000 -0.4041 1.1767
20.2000 -0.4140 1.1692
20.3000 -0.4237 1.1615
20.4000 -0.4333 1.1536
20.5000 -0.4427 1.1456
20.6000 -0.4520 1.1374
20.7000 -0.4611 1.1290
20.8000 -0.4700 1.1204
20.9000 -0.4789 1.1117
21.0000 -0.4875 1.1028
21.1000 -0.4960 1.0938
21.2000 -0.5043 1.0846
21.3000 -0.5124 1.0753
21.4000 -0.5204 1.0658
21.5000 -0.5282 1.0561
21.6000 -0.5358 1.0463
21.7000 -0.5432 1.0364
21.8000 -0.5504 1.0264
21.9000 -0.5575 1.0162
22.0000 -0.5643 1.0059
22.1000 -0.5710 0.9954
22.2000 -0.5775 0.9849
22.3000 -0.5838 0.9742
22.4000 -0.5898 0.9634
22.5000 -0.5957 0.9525
22.6000 -0.6014 0.9415
22.7000 -0.6069 0.9304
22.8000 -0.6122 0.9191
22.9000 -0.6172 0.9078
23.0000 -0.6221 0.8964
23.1000 -0.6267 0.8849
23.2000 -0.6311 0.8734
23.3000 -0.6353 0.8617
23.4000 -0.6393 0.8500
23.5000 -0.6431 0.8382
23.6000 -0.6467 0.8263
23.7000 -0.6500 0.8144
23.8000 -0.6531 0.8024
23.9000 -0.6560 0.7904
24.0000 -0.6587 0.7783
24.1000 -0.6612 0.7661
24.2000 -0.6634 0.7539
24.3000 -0.6654 0.7417
24.4000 -0.6672 0.7294
24.5000 -0.6687 0.7171
24.6000 -0.6700 0.7048
24.7000 -0.6711 0.6925
24.8000 -0.6720 0.6801
24.9000 -0.6726 0.6677
25.0000 -0.6731 0.6554
25.1000 -0.6732 0.6430
25.2000 -0.6732 0.6306
25.3000 -0.6729 0.6182
25.4000 -0.6724 0.6058
25.5000 -0.6717 0.5934
25.6000 -0.6707 0.5811
25.7000 -0.6695 0.5688
25.8000 -0.6681 0.5565
25.9000 -0.6664 0.5442
26.0000 -0.6646 0.5319
26.1000 -0.6625 0.5197
26.2000 -0.6601 0.5076
26.3000 -0.6576 0.4954
26.4000 -0.6548 0.4834
26.5000 -0.6518 0.4713
26.6000 -0.6486 0.4594
26.7000 -0.6451 0.4475
26.8000 -0.6415 0.4356
26.9000 -0.6376 0.4239
27.0000 -0.6335 0.4122
27.1000 -0.6292 0.4006
27.2000 -0.6246 0.3891
27.3000 -0.6199 0.3776
27.4000 -0.6149 0.3663
27.5000 -0.6098 0.3550
27.6000 -0.6044 0.3438
27.7000 -0.5988 0.3328
27.8000 -0.5930 0.3218
27.9000 -0.5870 0.3110
28.0000 -0.5809 0.3002
28.1000 -0.5745 0.2896
28.2000 -0.5679 0.2791
28.3000 -0.5611 0.2688
28.4000 -0.5542 0.2585
28.5000 -0.5470 0.2484
28.6000 -0.5397 0.2384
28.7000 -0.5321 0.2286
28.8000 -0.5244 0.2189
28.9000 -0.5165 0.2094
29.0000 -0.5085 0.2000
29.1000 -0.5002 0.1907
29.2000 -0.4918 0.1816
29.3000 -0.4832 0.1727
29.4000 -0.4745 0.1639
29.5000 -0.4656 0.1553
29.6000 -0.4565 0.1468
29.7000 -0.4473 0.1386
29.8000 -0.4380 0.1305
29.9000 -0.4284 0.1225
30.0000 -0.4188 0.1148
30.1000 -0.4090 0.1072
30.2000 -0.3990 0.0998
30.3000 -0.3889 0.0927
30.4000 -0.3787 0.0857
30.5000 -0.3684 0.0788
30.6000 -0.3579 0.0722
30.7000 -0.3473 0.0658
30.8000 -0.3366 0.0596
30.9000 -0.3258 0.0535
31.0000 -0.3149 0.0477
31.1000 -0.3038 0.0421
31.2000 -0.2927 0.0367
31.3000 -0.2814 0.0315
31.4000 -0.2701 0.0265
31.5000 -0.2587 0.0217
31.6000 -0.2472 0.0172
31.7000 -0.2356 0.0128
31.8000 -0.2239 0.0087
31.9000 -0.2121 0.0048
32.0000 -0.2003 0.0011
32.1000 -0.1884 -0.0024
32.2000 -0.1765 -0.0056
32.3000 -0.1645 -0.0087
32.4000 -0.1524 -0.0115
32.5000 -0.1403 -0.0140
32.6000 -0.1281 -0.0164
32.7000 -0.1159 -0.0185
32.8000 -0.1037 -0.0204
32.9000 -0.0914 -0.0221
33.0000 -0.0791 -0.0235
33.1000 -0.0668 -0.0247
33.2000 -0.0544 -0.0257
33.3000 -0.0421 -0.0264
33.4000 -0.0297 -0.0269
33.5000 -0.0173 -0.0272
33.6000 -0.0049 -0.0273
33.7000 0.0074 -0.0271
33.8000 0.0198 -0.0267
33.9000 0.0322 -0.0260
34.0000 0.0445 -0.0251
34.1000 0.0569 -0.0240
34.2000 0.0692 -0.0227
34.3000 0.0815 -0.0211
34.4000 0.0937 -0.0193
34.5000 0.1059 -0.0173
34.6000 0.1181 -0.0151
34.7000 0.1303 -0.0126
34.8000 0.1423 -0.0099
34.9000 0.1544 -0.0069
35.0000 0.1663 -0.0038
35.1000 0.1783 -0.0004
35.2000 0.1901 0.0032
35.3000 0.2019 0.0070
35.4000 0.2136 0.0111
35.5000 0.2252 0.0153
35.6000 0.2368 0.0198
35.7000 0.2482 0.0245
35.8000 0.2596 0.0294
35.9000 0.2709 0.0345
36.0000 0.2820 0.0399
36.1000 0.2931 0.0454
36.2000 0.3041 0.0511
36.3000 0.3149 0.0571
36.4000 0.3257 0.0633
36.5000 0.3363 0.0696
36.6000 0.3468 0.0762
36.7000 0.3572 0.0829
36.8000 0.3675 0.0898
36.9000 0.3776 0.0970
37.0000 0.3876 0.1043
37.1000 0.3974 0.1118
37.2000 0.4071 0.1195
37.3000 0.4167 0.1274
37.4000 0.4261 0.1354
37.5000 0.4353 0.1436
37.6000 0.4444 0.1520
37.7000 0.4534 0.1606
37.8000 0.4622 0.1693
37.9000 0.4708 0.1782
38.0000 0.4792 0.1873
38.1000 0.4875 0.1965
38.2000 0.4956 0.2059
38.3000 0.5035 0.2154
38.4000 0.5113 0.2250
38.5000 0.5188 0.2349
38.6000 0.5262 0.2448
38.7000 0.5334 0.2549
38.8000 0.5404 0.2651
38.9000 0.5472 0.2755
39.0000 0.5538 0.2859
39.1000 0.5602 0.2965
39.2000 0.5664 0.3072
39.3000 0.5724 0.3181
39.4000 0.5782 0.3290
39.5000 0.5838 0.3400
39.6000 0.5892 0.3512
39.7000 0.5943 0.3624
39.8000 0.5993 0.3738
39.9000 0.6040 0.3852
40.0000 0.6086 0.3967
40.1000 0.6129 0.4084
40.2000 0.6170 0.4200
40.3000 0.6209 0.4318
40.4000 0.6245 0.4436
40.5000 0.6280 0.4555
40.6000 0.6312 0.4675
40.7000 0.6342 0.4795
40.8000 0.6369 0.4916
40.9000 0.6394 0.5037
41.0000 0.6417 0.5159
41.1000 0.6438 0.5281
41.2000 0.6457 0.5403
41.3000 0.6473 0.5526
41.4000 0.6487 0.5649
41.5000 0.6498 0.5772
41.6000 0.6507 0.5896
41.7000 0.6514 0.6019
41.8000 0.6519 0.6143
41.9000 0.6521 0.6267
42.0000 0.6521 0.6391
42.1000 0.6519 0.6514
42.2000 0.6514 0.6638
42.3000 0.6507 0.6762
42.4000 0.6498 0.6885
42.5000 0.6486 0.7009
42.6000 0.6472 0.7132
42.7000 0.6456 0.7254
42.8000 0.6437 0.7377
42.9000 0.6416 0.7499
43.0000 0.6393 0.7620
43.1000 0.6368 0.7742
43.2000 0.6340 0.7862
43.3000 0.6310 0.7983
43.4000 0.6278 0.8102
43.5000 0.6244 0.8221
43.6000 0.6207 0.8339
43.7000 0.6168 0.8457
43.8000 0.6127 0.8574
43.9000 0.6084 0.8690
44.0000 0.6038 0.8805
44.1000 0.5991 0.8919
44.2000 0.5941 0.9033
44.3000 0.5890 0.9145
44.4000 0.5836 0.9257
44.5000 0.5780 0.9367
44.6000 0.5722 0.9477
44.7000 0.5662 0.9585
44.8000 0.5600 0.9692
44.9000 0.5536 0.9798
45.0000 0.5470 0.9903
45.1000 0.5402 1.0007
45.2000 0.5332 1.0109
45.3000 0.5260 1.0210
45.4000 0.5186 1.0309
45.5000 0.5111 1.0407
45.6000 0.5033 1.0504
45.7000 0.4954 1.0599
45.8000 0.4873 1.0693
45.9000 0.4791 1.0786
46.0000 0.4706 1.0876
46.1000 0.4620 1.0965
46.2000 0.4533 1.1053
46.3000 0.4444 1.1139
46.4000 0.4353 1.1223
46.5000 0.4260 1.1305
46.6000 0.4166 1.1386
46.7000 0.4071 1.1465
46.8000 0.3974 1.1542
46.9000 0.3876 1.1618
47.0000 0.3776 1.1691
47.1000 0.3675 1.1763
47.2000 0.3573 1.1833
47.3000 0.3469 1.1900
47.4000 0.3364 1.1966
47.5000 0.3258 1.2030
47.6000 0.3151 1.2092
47.7000 0.3042 1.2152
47.8000 0.2933 1.2210
47.9000 0.2822 1.2266
48.0000 0.2711 1.2320
48.1000 0.2598 1.2372
48.2000 0.2485 1.2421
48.3000 0.2370 1.2469
48.4000 0.2255 1.2514
48.5000 0.2139 1.2557
48.6000 0.2022 1.2598
48.7000 0.1905 1.2637
48.8000 0.1786 1.2674
48.9000 0.1667 1.2709
49.0000 0.1548 1.2741
49.1000 0.1428 1.2771
49.2000 0.1307 1.2799
49.3000 0.1186 1.2825
49.4000 0.1064 1.2848
49.5000 0.0942 1.2869
49.6000 0.0819 1.2888
49.7000 0.0697 1.2905
49.8000 0.0574 1.2919
49.9000 0.0450 1.2931
50.0000 0.0327 1.2941
50.1000 0.0203 1.2948
50.2000 0.0079 1.2954
50.3000 -0.0045 1.2956
50.4000 -0.0168 1.2957
50.5000 -0.0292 1.2955
50.6000 -0.0416 1.2952
50.7000 -0.0540 1.2945
50.8000 -0.0664 1.2937
50.9000 -0.0787 1.2926
51.0000 -0.0910 1.2913
51.1000 -0.1033 1.2898
51.2000 -0.1156 1.2880
51.3000 -0.1278 1.2860
51.4000 -0.1400 1.2838
51.5000 -0.1522 1.2814
51.6000 -0.1643 1.2788
51.7000 -0.1763 1.2759
51.8000 -0.1883 1.2728
51.9000 -0.2003 1.2695
52.0000 -0.2121 1.2659
52.1000 -0.2240 1.2622
52.2000 -0.2357 1.2582
52.3000 -0.2474 1.2540
52.4000 -0.2590 1.2496
52.5000 -0.2705 1.2450
52.6000 -0.2819 1.2402
52.7000 -0.2932 1.2352
52.8000 -0.3044 1.2299
52.9000 -0.3156 1.2245
53.0000 -0.3266 1.2189
53.1000 -0.3375 1.2130
53.2000 -0.3484 1.2070
53.3000 -0.3591 1.2007
53.4000 -0.3697 1.1943
53.5000 -0.3801 1.1877
53.6000 -0.3905 1.1808
53.7000 -0.4007 1.1738
53.8000 -0.4108 1.1666
53.9000 -0.4208 1.1593
54.0000 -0.4306 1.1517
54.1000 -0.4403 1.1440
54.2000 -0.4498 1.1360
54.3000 -0.4592 1.1280
54.4000 -0.4684 1.1197
54.5000 -0.4775 1.1113
54.6000 -0.4865 1.1027
54.7000 -0.4952 1.0939
54.8000 -0.5038 1.0850
54.9000 -0.5123 1.0760
55.0000 -0.5206 1.0667
55.1000 -0.5287 1.0574
55.2000 -0.5366 1.0478
55.3000 -0.5444 1.0382
55.4000 -0.5520 1.0284
55.5000 -0.5594 1.0184
55.6000 -0.5666 1.0084
55.7000 -0.5737 0.9982
55.8000 -0.5805 0.9878
55.9000 -0.5872 0.9774
56.0000 -0.5936 0.9668
56.1000 -0.5999 0.9561
56.2000 -0.6060 0.9453
56.3000 -0.6119 0.9344
56.4000 -0.6176 0.9234
56.5000 -0.6230 0.9123
56.6000 -0.6283 0.9011
56.7000 -0.6334 0.8897
56.8000 -0.6382 0.8783
56.9000 -0.6429 0.8669
57.0000 -0.6473 0.8553
57.1000 -0.6516 0.8436
57.2000 -0.6556 0.8319
57.3000 -0.6594 0.8201
57.4000 -0.6630 0.8082
57.5000 -0.6664 0.7963
57.6000 -0.6695 0.7843
57.7000 -0.6724 0.7723
57.8000 -0.6751 0.7602
57.9000 -0.6776 0.7480
58.0000 -0.6799 0.7359
58.1000 -0.6819 0.7236
58.2000 -0.6838 0.7114
58.3000 -0.6854 0.6991
58.4000 -0.6867 0.6868
58.5000 -0.6879 0.6744
58.6000 -0.6888 0.6621
58.7000 -0.6895 0.6497
58.8000 -0.6900 0.6373
58.9000 -0.6902 0.6249
59.0000 -0.6902 0.6125
59.1000 -0.6900 0.6001
59.2000 -0.6896 0.5877
59.3000 -0.6889 0.5753
59.4000 -0.6880 0.5630
59.5000 -0.6869 0.5506
59.6000 -0.6856 0.5383
59.7000 -0.6840 0.5260
59.8000 -0.6822 0.5138
59.9000 -0.6802 0.5015
60.0000 -0.6780 0.4893
60.1000 -0.6755 0.4772
60.2000 -0.6728 0.4651
60.3000 -0.6699 0.4530
60.4000 -0.6668 0.4411
60.5000 -0.6634 0.4291
60.6000 -0.6599 0.4172
60.7000 -0.6561 0.4054
60.8000 -0.6521 0.3937
60.9000 -0.6479 0.3821
61.0000 -0.6435 0.3705
61.1000 -0.6388 0.3590
61.2000 -0.6340 0.3476
61.3000 -0.6289 0.3363
61.4000 -0.6237 0.3250
61.5000 -0.6182 0.3139
61.6000 -0.6125 0.3029
61.7000 -0.6067 0.2920
61.8000 -0.6006 0.2812
61.9000 -0.5943 0.2705
62.0000 -0.5879 0.2599
62.1000 -0.5812 0.2495
62.2000 -0.5744 0.2391
62.3000 -0.5673 0.2289
62.4000 -0.5601 0.2189
62.5000 -0.5527 0.2089
62.6000 -0.5451 0.1991
62.7000 -0.5373 0.1895
62.8000 -0.5294 0.1800
62.9000 -0.5213 0.1706
63.0000 -0.5130 0.1614
63.1000 -0.5045 0.1523
63.2000 -0.4959 0.1434
63.3000 -0.4871 0.1347
63.4000 -0.4782 0.1261
63.5000 -0.4691 0.1177
63.6000 -0.4598 0.1095
63.7000 -0.4504 0.1014
63.8000 -0.4409 0.0935
63.9000 -0.4312 0.0858
64.0000 -0.4213 0.0782
64.1000 -0.4114 0.0709
64.2000 -0.4013 0.0637
64.3000 -0.3910 0.0567
64.4000 -0.3807 0.0499
64.5000 -0.3702 0.0433
64.6000 -0.3596 0.0369
64.7000 -0.3489 0.0307
64.8000 -0.3380 0.0247
64.9000 -0.3271 0.0189
65.0000 -0.3160 0.0133
65.1000 -0.3049 0.0079
65.2000 -0.2936 0.0027
65.3000 -0.2823 -0.0023
65.4000 -0.2709 -0.0071
65.5000 -0.2593 -0.0117
65.6000 -0.2477 -0.0160
65.7000 -0.2361 -0.0202
65.8000 -0.2243 -0.0241
65.9000 -0.2125 -0.0278
66.0000 -0.2006 -0.0313
66.1000 -0.1886 -0.0345
66.2000 -0.1766 -0.0376
66.3000 -0.1646 -0.0404
66.4000 -0.1525 -0.0430
66.5000 -0.1403 -0.0454
66.6000 -0.1281 -0.0475
66.7000 -0.1159 -0.0495
66.8000 -0.1036 -0.0512
66.9000 -0.0913 -0.0526
67.0000 -0.0789 -0.0539
67.1000 -0.0666 -0.0549
67.2000 -0.0542 -0.0557
67.3000 -0.0419 -0.0563
67.4000 -0.0295 -0.0566
67.5000 -0.0171 -0.0567
67.6000 -0.0047 -0.0566
67.7000 0.0077 -0.0562
67.8000 0.0201 -0.0556
67.9000 0.0324 -0.0548
68.0000 0.0448 -0.0538
68.1000 0.0571 -0.0525
68.2000 0.0694 -0.0510
68.3000 0.0817 -0.0493
68.4000 0.0939 -0.0473
68.5000 0.1061 -0.0452
68.6000 0.1183 -0.0428
68.7000 0.1304 -0.0402
68.8000 0.1424 -0.0373
68.9000 0.1544 -0.0342
69.0000 0.1664 -0.0309
69.1000 0.1783 -0.0274
69.2000 0.1901 -0.0237
69.3000 0.2018 -0.0197
69.4000 0.2135 -0.0156
69.5000 0.2251 -0.0112
69.6000 0.2366 -0.0066
69.7000 0.2480 -0.0018
69.8000 0.2593 0.0032
69.9000 0.2705 0.0084
70.0000 0.2817 0.0139
70.1000 0.2927 0.0195
70.2000 0.3036 0.0254
70.3000 0.3144 0.0314
70.4000 0.3251 0.0377
70.5000 0.3357 0.0441
70.6000 0.3462 0.0507
70.7000 0.3565 0.0576
70.8000 0.3667 0.0646
70.9000 0.3768 0.0718
71.0000 0.3868 0.0792
71.1000 0.3966 0.0867
71.2000 0.4062 0.0945
71.3000 0.4157 0.1024
71.4000 0.4251 0.1105
71.5000 0.4343 0.1188
71.6000 0.4434 0.1273
71.7000 0.4523 0.1359
71.8000 0.4610 0.1447
71.9000 0.4696 0.1536
72.0000 0.4780 0.1627
72.1000 0.4862 0.1720
72.2000 0.4943 0.1814
72.3000 0.5022 0.1909
72.4000 0.5099 0.2006
72.5000 0.5174 0.2105
72.6000 0.5247 0.2204
72.7000 0.5319 0.2306
72.8000 0.5389 0.2408
72.9000 0.5456 0.2512
73.0000 0.5522 0.2617
73.1000 0.5586 0.2723
73.2000 0.5648 0.2830
73.3000 0.5708 0.2939
73.4000 0.5766 0.3048
73.5000 0.5821 0.3159
73.6000 0.5875 0.3270
73.7000 0.5927 0.3383
73.8000 0.5976 0.3496
73.9000 0.6024 0.3611
74.0000 0.6069 0.3726
74.1000 0.6112 0.3842
74.2000 0.6153 0.3959
74.3000 0.6192 0.4077
74.4000 0.6229 0.4195
74.5000 0.6263 0.4314
74.6000 0.6295 0.4434
74.7000 0.6325 0.4554
74.8000 0.6353 0.4675
74.9000 0.6379 0.4796
75.0000 0.6402 0.4918
75.1000 0.6423 0.5040
75.2000 0.6442 0.5162
75.3000 0.6458 0.5285
75.4000 0.6472 0.5408
75.5000 0.6484 0.5531
75.6000 0.6494 0.5655
75.7000 0.6501 0.5779
75.8000 0.6506 0.5902
75.9000 0.6509 0.6026
76.0000 0.6509 0.6150
76.1000 0.6507 0.6274
76.2000 0.6503 0.6398
76.3000 0.6497 0.6521
76.4000 0.6488 0.6645
76.5000 0.6477 0.6768
76.6000 0.6464 0.6892
76.7000 0.6448 0.7014
76.8000 0.6430 0.7137
76.9000 0.6410 0.7259
77.0000 0.6388 0.7381
77.1000 0.6363 0.7503
77.2000 0.6336 0.7623
77.3000 0.6307 0.7744
77.4000 0.6276 0.7864
77.5000 0.6242 0.7983
77.6000 0.6206 0.8102
77.7000 0.6168 0.8220
77.8000 0.6128 0.8337
77.9000 0.6086 0.8453
78.0000 0.6041 0.8569
78.1000 0.5995 0.8684
78.2000 0.5946 0.8798
78.3000 0.5895 0.8911
78.4000 0.5842 0.9023
78.5000 0.5788 0.9134
78.6000 0.5731 0.9244
78.7000 0.5672 0.9353
78.8000 0.5611 0.9461
78.9000 0.5548 0.9567
79.0000 0.5483 0.9673
79.1000 0.5416 0.9777
79.2000 0.5347 0.9880
79.3000 0.5276 0.9982
79.4000 0.5204 1.0082
79.5000 0.5129 1.0181
