0.0000 0.0000 0.0000
0.1000 0.0126 0.0001
0.2000 0.0254 0.0002
0.3000 0.0383 0.0004
0.4000 0.0512 0.0005
0.5000 0.0641 0.0007
0.6000 0.0769 0.0009
0.7000 0.0898 0.0010
0.8000 0.1027 0.0012
0.9000 0.1156 0.0014
1.0000 0.1285 0.0015
1.1000 0.1413 0.0017
1.2000 0.1542 0.0018
1.3000 0.1671 0.0020
1.4000 0.1800 0.0022
1.5000 0.1929 0.0023
1.6000 0.2057 0.0025
1.7000 0.2186 0.0027
1.8000 0.2315 0.0028
1.9000 0.2444 0.0030
2.0000 0.2573 0.0032
2.1000 0.2701 0.0033
2.2000 0.2830 0.0035
2.3000 0.2959 0.0036
2.4000 0.3088 0.0038
2.5000 0.3216 0.0040
2.6000 0.3345 0.0041
2.7000 0.3474 0.0043
2.8000 0.3603 0.0045
2.9000 0.3732 0.0046
3.0000 0.3860 0.0048
3.1000 0.3989 0.0050
3.2000 0.4118 0.0051
3.3000 0.4247 0.0053
3.4000 0.4376 0.0055
3.5000 0.4504 0.0056
3.6000 0.4633 0.0058
3.7000 0.4762 0.0060
3.8000 0.4891 0.0062
3.9000 0.5019 0.0063
4.0000 0.5148 0.0065
4.1000 0.5277 0.0067
4.2000 0.5406 0.0068
4.3000 0.5535 0.0070
4.4000 0.5663 0.0072
4.5000 0.5792 0.0074
4.6000 0.5921 0.0076
4.7000 0.6050 0.0077
4.8000 0.6178 0.0079
4.9000 0.6307 0.0081
5.0000 0.6436 0.0083
5.1000 0.6565 0.0085
5.2000 0.6693 0.0087
5.3000 0.6822 0.0089
5.4000 0.6951 0.0091
5.5000 0.7080 0.0092
5.6000 0.7208 0.0095
5.7000 0.7337 0.0097
5.8000 0.7466 0.0099
5.9000 0.7594 0.0101
6.0000 0.7723 0.0103
6.1000 0.7852 0.0105
6.2000 0.7980 0.0108
6.3000 0.8109 0.0110
6.4000 0.8237 0.0113
6.5000 0.8366 0.0115
6.6000 0.8495 0.0118
6.7000 0.8623 0.0121
6.8000 0.8752 0.0124
6.9000 0.8880 0.0127
7.0000 0.9008 0.0130
7.1000 0.9137 0.0134
7.2000 0.9265 0.0137
7.3000 0.9393 0.0141
7.4000 0.9522 0.0146
7.5000 0.9650 0.0150
7.6000 0.9778 0.0155
7.7000 0.9906 0.0160
7.8000 1.0034 0.0165
7.9000 1.0162 0.0171
8.0000 1.0289 0.0177
8.1000 1.0417 0.0184
8.2000 1.0545 0.0190
8.3000 1.0673 0.0198
8.4000 1.0801 0.0205
8.5000 1.0928 0.0214
8.6000 1.1056 0.0222
8.7000 1.1184 0.0231
8.8000 1.1311 0.0240
8.9000 1.1438 0.0250
9.0000 1.1564 0.0261
9.1000 1.1688 0.0273
9.2000 1.1809 0.0288
9.3000 1.1923 0.0306
9.4000 1.2021 0.0329
9.5000 1.2095 0.0359
9.6000 1.2149 0.0395
9.7000 1.2195 0.0445
9.8000 1.2250 0.0530
9.9000 1.2309 0.0635
10.0000 1.2368 0.0746
10.1000 1.2426 0.0859
10.2000 1.2485 0.0972
10.3000 1.2542 0.1086
10.4000 1.2599 0.1200
10.5000 1.2655 0.1314
10.6000 1.2709 0.1428
10.7000 1.2762 0.1541
10.8000 1.2813 0.1655
10.9000 1.2861 0.1768
11.0000 1.2905 0.1880
11.1000 1.2945 0.1992
11.2000 1.2978 0.2102
11.3000 1.3005 0.2212
11.4000 1.3024 0.2320
11.5000 1.3035 0.2428
11.6000 1.3037 0.2537
11.7000 1.3032 0.2649
11.8000 1.3021 0.2767
11.9000 1.3006 0.2889
12.0000 1.2988 0.3015
12.1000 1.2970 0.3142
12.2000 1.2951 0.3269
12.3000 1.2932 0.3396
12.4000 1.2913 0.3523
12.5000 1.2894 0.3650
12.6000 1.2875 0.3777
12.7000 1.2855 0.3904
12.8000 1.2836 0.4032
12.9000 1.2816 0.4159
13.0000 1.2797 0.4286
13.1000 1.2777 0.4413
13.2000 1.2757 0.4540
13.3000 1.2738 0.4667
13.4000 1.2718 0.4795
13.5000 1.2698 0.4922
13.6000 1.2678 0.5049
13.7000 1.2658 0.5176
13.8000 1.2638 0.5303
13.9000 1.2618 0.5430
14.0000 1.2598 0.5557
14.1000 1.2577 0.5684
14.2000 1.2557 0.5812
14.3000 1.2537 0.5939
14.4000 1.2516 0.6066
14.5000 1.2496 0.6193
14.6000 1.2476 0.6320
14.7000 1.2455 0.6447
14.8000 1.2435 0.6574
14.9000 1.2414 0.6701
15.0000 1.2394 0.6828
15.1000 1.2373 0.6955
15.2000 1.2353 0.7083
15.3000 1.2332 0.7210
15.4000 1.2311 0.7337
15.5000 1.2291 0.7464
15.6000 1.2270 0.7591
15.7000 1.2249 0.7718
15.8000 1.2228 0.7845
15.9000 1.2208 0.7972
16.0000 1.2187 0.8099
16.1000 1.2166 0.8226
16.2000 1.2145 0.8353
16.3000 1.2124 0.8480
16.4000 1.2104 0.8608
16.5000 1.2083 0.8735
16.6000 1.2062 0.8862
16.7000 1.2041 0.8989
16.8000 1.2020 0.9116
16.9000 1.1999 0.9243
17.0000 1.1978 0.9370
17.1000 1.1957 0.9497
17.2000 1.1936 0.9624
17.3000 1.1915 0.9751
17.4000 1.1894 0.9878
17.5000 1.1873 1.0005
17.6000 1.1852 1.0132
17.7000 1.1831 1.0259
17.8000 1.1810 1.0386
17.9000 1.1789 1.0514
18.0000 1.1768 1.0641
18.1000 1.1747 1.0768
18.2000 1.1726 1.0895
18.3000 1.1705 1.1022
18.4000 1.1684 1.1149
18.5000 1.1663 1.1276
18.6000 1.1642 1.1403
18.7000 1.1621 1.1530
18.8000 1.1600 1.1657
18.9000 1.1579 1.1784
19.0000 1.1558 1.1911
19.1000 1.1536 1.2037
19.2000 1.1515 1.2163
19.3000 1.1492 1.2286
19.4000 1.1468 1.2401
19.5000 1.1440 1.2496
19.6000 1.1411 1.2554
19.7000 1.1385 1.2582
19.8000 1.1361 1.2593
19.9000 1.1319 1.2597
20.0000 1.1220 1.2586
20.1000 1.1096 1.2564
20.2000 1.0970 1.2540
20.3000 1.0844 1.2516
20.4000 1.0717 1.2492
20.5000 1.0591 1.2468
20.6000 1.0465 1.2443
20.7000 1.0338 1.2419
20.8000 1.0212 1.2395
20.9000 1.0085 1.2371
21.0000 0.9959 1.2346
21.1000 0.9832 1.2322
21.2000 0.9706 1.2298
21.3000 0.9579 1.2273
21.4000 0.9453 1.2249
21.5000 0.9326 1.2225
21.6000 0.9200 1.2201
21.7000 0.9073 1.2176
21.8000 0.8947 1.2152
21.9000 0.8820 1.2128
22.0000 0.8694 1.2103
22.1000 0.8567 1.2079
22.2000 0.8441 1.2055
22.3000 0.8314 1.2030
22.4000 0.8188 1.2006
22.5000 0.8061 1.1982
22.6000 0.7935 1.1957
22.7000 0.7808 1.1933
22.8000 0.7682 1.1909
22.9000 0.7555 1.1884
23.0000 0.7429 1.1860
23.1000 0.7303 1.1836
23.2000 0.7176 1.1811
23.3000 0.7050 1.1787
23.4000 0.6923 1.1763
23.5000 0.6797 1.1738
23.6000 0.6670 1.1714
23.7000 0.6544 1.1690
23.8000 0.6417 1.1665
23.9000 0.6291 1.1641
24.0000 0.6164 1.1617
24.1000 0.6038 1.1592
24.2000 0.5911 1.1568
24.3000 0.5785 1.1544
24.4000 0.5658 1.1519
24.5000 0.5532 1.1495
24.6000 0.5405 1.1471
24.7000 0.5279 1.1446
24.8000 0.5152 1.1422
24.9000 0.5026 1.1398
25.0000 0.4899 1.1373
25.1000 0.4773 1.1349
25.2000 0.4646 1.1325
25.3000 0.4520 1.1300
25.4000 0.4393 1.1276
25.5000 0.4267 1.1252
25.6000 0.4140 1.1227
25.7000 0.4014 1.1203
25.8000 0.3887 1.1179
25.9000 0.3761 1.1154
26.0000 0.3634 1.1130
26.1000 0.3508 1.1106
26.2000 0.3381 1.1081
26.3000 0.3255 1.1057
26.4000 0.3128 1.1033
26.5000 0.3002 1.1008
26.6000 0.2876 1.0984
26.7000 0.2749 1.0960
26.8000 0.2623 1.0935
26.9000 0.2496 1.0911
27.0000 0.2370 1.0887
27.1000 0.2243 1.0862
27.2000 0.2117 1.0838
27.3000 0.1990 1.0814
27.4000 0.1864 1.0789
27.5000 0.1737 1.0765
27.6000 0.1611 1.0741
27.7000 0.1484 1.0716
27.8000 0.1358 1.0692
27.9000 0.1231 1.0668
28.0000 0.1105 1.0643
28.1000 0.0978 1.0619
28.2000 0.0852 1.0595
28.3000 0.0725 1.0570
28.4000 0.0599 1.0546
28.5000 0.0472 1.0522
28.6000 0.0346 1.0497
28.7000 0.0219 1.0473
28.8000 0.0093 1.0449
28.9000 -0.0034 1.0424
29.0000 -0.0160 1.0400
29.1000 -0.0287 1.0376
29.2000 -0.0413 1.0351
29.3000 -0.0540 1.0327
29.4000 -0.0666 1.0303
29.5000 -0.0793 1.0278
29.6000 -0.0919 1.0254
29.7000 -0.1046 1.0230
29.8000 -0.1172 1.0205
29.9000 -0.1299 1.0181
30.0000 -0.1425 1.0157
30.1000 -0.1551 1.0132
30.2000 -0.1678 1.0108
30.3000 -0.1804 1.0084
30.4000 -0.1931 1.0059
30.5000 -0.2057 1.0035
30.6000 -0.2184 1.0011
30.7000 -0.2310 0.9986
30.8000 -0.2437 0.9962
30.9000 -0.2563 0.9938
31.0000 -0.2690 0.9913
31.1000 -0.2816 0.9889
31.2000 -0.2943 0.9865
31.3000 -0.3069 0.9840
31.4000 -0.3196 0.9816
31.5000 -0.3322 0.9792
31.6000 -0.3449 0.9767
31.7000 -0.3575 0.9743
31.8000 -0.3702 0.9719
31.9000 -0.3828 0.9694
32.0000 -0.3955 0.9670
32.1000 -0.4081 0.9646
32.2000 -0.4208 0.9621
32.3000 -0.4334 0.9597
32.4000 -0.4461 0.9573
32.5000 -0.4587 0.9548
32.6000 -0.4714 0.9524
32.7000 -0.4840 0.9500
32.8000 -0.4967 0.9475
32.9000 -0.5093 0.9451
33.0000 -0.5220 0.9427
33.1000 -0.5346 0.9402
33.2000 -0.5473 0.9378
33.3000 -0.5599 0.9354
33.4000 -0.5725 0.9329
33.5000 -0.5852 0.9305
33.6000 -0.5978 0.9281
33.7000 -0.6105 0.9256
33.8000 -0.6231 0.9232
33.9000 -0.6358 0.9208
34.0000 -0.6484 0.9183
34.1000 -0.6611 0.9159
34.2000 -0.6737 0.9135
34.3000 -0.6864 0.9110
34.4000 -0.6990 0.9086
34.5000 -0.7117 0.9062
34.6000 -0.7243 0.9037
34.7000 -0.7370 0.9013
34.8000 -0.7496 0.8988
34.9000 -0.7623 0.8964
35.0000 -0.7749 0.8940
35.1000 -0.7876 0.8915
35.2000 -0.8002 0.8891
35.3000 -0.8129 0.8867
35.4000 -0.8255 0.8842
35.5000 -0.8382 0.8818
35.6000 -0.8508 0.8794
35.7000 -0.8635 0.8769
35.8000 -0.8761 0.8745
35.9000 -0.8888 0.8721
36.0000 -0.9014 0.8696
36.1000 -0.9141 0.8672
36.2000 -0.9267 0.8648
36.3000 -0.9394 0.8623
36.4000 -0.9520 0.8599
36.5000 -0.9646 0.8575
36.6000 -0.9773 0.8550
36.7000 -0.9899 0.8526
36.8000 -1.0026 0.8502
36.9000 -1.0152 0.8477
37.0000 -1.0279 0.8453
37.1000 -1.0405 0.8428
37.2000 -1.0531 0.8404
37.3000 -1.0658 0.8379
37.4000 -1.0784 0.8355
37.5000 -1.0910 0.8330
37.6000 -1.1037 0.8305
37.7000 -1.1163 0.8281
37.8000 -1.1289 0.8256
37.9000 -1.1414 0.8231
38.0000 -1.1539 0.8205
38.1000 -1.1663 0.8179
38.2000 -1.1781 0.8152
38.3000 -1.1889 0.8122
38.4000 -1.1971 0.8089
38.5000 -1.2016 0.8058
38.6000 -1.2035 0.8034
38.7000 -1.2042 0.8008
38.8000 -1.2039 0.7982
38.9000 -1.2019 0.7941
39.0000 -1.1957 0.7864
39.1000 -1.1874 0.7773
39.2000 -1.1787 0.7681
39.3000 -1.1699 0.7588
39.4000 -1.1610 0.7496
39.5000 -1.1521 0.7403
39.6000 -1.1432 0.7311
39.7000 -1.1342 0.7218
39.8000 -1.1253 0.7126
39.9000 -1.1164 0.7033
40.0000 -1.1074 0.6941
40.1000 -1.0984 0.6849
40.2000 -1.0895 0.6757
40.3000 -1.0805 0.6664
40.4000 -1.0715 0.6573
40.5000 -1.0625 0.6481
40.6000 -1.0535 0.6389
40.7000 -1.0445 0.6297
40.8000 -1.0355 0.6206
40.9000 -1.0265 0.6114
41.0000 -1.0174 0.6023
41.1000 -1.0084 0.5932
41.2000 -0.9993 0.5841
41.3000 -0.9903 0.5750
41.4000 -0.9812 0.5659
41.5000 -0.9721 0.5569
41.6000 -0.9629 0.5479
41.7000 -0.9538 0.5388
41.8000 -0.9447 0.5298
41.9000 -0.9355 0.5209
42.0000 -0.9263 0.5119
42.1000 -0.9171 0.5030
42.2000 -0.9079 0.4940
42.3000 -0.8987 0.4851
42.4000 -0.8894 0.4763
42.5000 -0.8802 0.4674
42.6000 -0.8709 0.4586
42.7000 -0.8616 0.4497
42.8000 -0.8522 0.4409
42.9000 -0.8429 0.4322
43.0000 -0.8335 0.4234
43.1000 -0.8241 0.4147
43.2000 -0.8147 0.4060
43.3000 -0.8053 0.3973
43.4000 -0.7959 0.3886
43.5000 -0.7864 0.3800
43.6000 -0.7769 0.3714
43.7000 -0.7674 0.3628
43.8000 -0.7579 0.3542
43.9000 -0.7483 0.3457
44.0000 -0.7387 0.3371
44.1000 -0.7292 0.3286
44.2000 -0.7195 0.3201
44.3000 -0.7099 0.3117
44.4000 -0.7003 0.3032
44.5000 -0.6906 0.2948
44.6000 -0.6809 0.2864
44.7000 -0.6712 0.2780
44.8000 -0.6615 0.2696
44.9000 -0.6518 0.2613
45.0000 -0.6420 0.2529
45.1000 -0.6322 0.2446
45.2000 -0.6224 0.2363
45.3000 -0.6126 0.2280
45.4000 -0.6028 0.2198
45.5000 -0.5930 0.2115
45.6000 -0.5831 0.2033
45.7000 -0.5733 0.1951
45.8000 -0.5634 0.1869
45.9000 -0.5535 0.1787
46.0000 -0.5436 0.1705
46.1000 -0.5337 0.1624
46.2000 -0.5238 0.1542
46.3000 -0.5138 0.1461
46.4000 -0.5039 0.1380
46.5000 -0.4939 0.1299
46.6000 -0.4839 0.1218
46.7000 -0.4739 0.1138
46.8000 -0.4639 0.1057
46.9000 -0.4539 0.0977
47.0000 -0.4439 0.0896
47.1000 -0.4338 0.0816
47.2000 -0.4238 0.0736
47.3000 -0.4137 0.0656
47.4000 -0.4036 0.0576
47.5000 -0.3936 0.0497
47.6000 -0.3835 0.0417
47.7000 -0.3734 0.0338
47.8000 -0.3633 0.0258
47.9000 -0.3531 0.0179
48.0000 -0.3430 0.0100
48.1000 -0.3329 0.0021
48.2000 -0.3227 -0.0058
48.3000 -0.3126 -0.0137
48.4000 -0.3024 -0.0215
48.5000 -0.2922 -0.0294
48.6000 -0.2821 -0.0373
48.7000 -0.2719 -0.0451
48.8000 -0.2617 -0.0529
48.9000 -0.2515 -0.0608
49.0000 -0.2413 -0.0686
49.1000 -0.2311 -0.0764
49.2000 -0.2208 -0.0842
49.3000 -0.2106 -0.0920
49.4000 -0.2004 -0.0998
49.5000 -0.1901 -0.1075
49.6000 -0.1799 -0.1153
49.7000 -0.1696 -0.1231
49.8000 -0.1594 -0.1308
49.9000 -0.1491 -0.1386
50.0000 -0.1388 -0.1463
50.1000 -0.1285 -0.1540
50.2000 -0.1183 -0.1618
50.3000 -0.1080 -0.1695
50.4000 -0.0977 -0.1772
50.5000 -0.0874 -0.1849
50.6000 -0.0771 -0.1926
50.7000 -0.0668 -0.2003
50.8000 -0.0564 -0.2080
50.9000 -0.0461 -0.2156
51.0000 -0.0358 -0.2233
51.1000 -0.0255 -0.2310
51.2000 -0.0151 -0.2386
51.3000 -0.0048 -0.2463
51.4000 0.0056 -0.2540
51.5000 0.0159 -0.2616
51.6000 0.0263 -0.2692
51.7000 0.0366 -0.2769
51.8000 0.0470 -0.2845
51.9000 0.0573 -0.2921
52.0000 0.0677 -0.2998
52.1000 0.0781 -0.3074
52.2000 0.0885 -0.3150
52.3000 0.0988 -0.3226
52.4000 0.1092 -0.3302
52.5000 0.1196 -0.3378
52.6000 0.1300 -0.3454
52.7000 0.1404 -0.3530
52.8000 0.1508 -0.3606
52.9000 0.1612 -0.3681
53.0000 0.1716 -0.3757
53.1000 0.1820 -0.3833
53.2000 0.1924 -0.3909
53.3000 0.2028 -0.3984
53.4000 0.2132 -0.4060
53.5000 0.2236 -0.4136
53.6000 0.2341 -0.4211
53.7000 0.2445 -0.4287
53.8000 0.2549 -0.4362
53.9000 0.2653 -0.4438
54.0000 0.2758 -0.4513
54.1000 0.2862 -0.4589
54.2000 0.2966 -0.4664
54.3000 0.3071 -0.4739
54.4000 0.3175 -0.4815
54.5000 0.3280 -0.4890
54.6000 0.3384 -0.4965
54.7000 0.3488 -0.5040
54.8000 0.3593 -0.5116
54.9000 0.3697 -0.5191
55.0000 0.3802 -0.5266
55.1000 0.3906 -0.5341
55.2000 0.4011 -0.5416
55.3000 0.4116 -0.5491
55.4000 0.4220 -0.5566
55.5000 0.4325 -0.5641
55.6000 0.4429 -0.5716
55.7000 0.4534 -0.5791
55.8000 0.4639 -0.5866
55.9000 0.4743 -0.5941
56.0000 0.4848 -0.6016
56.1000 0.4953 -0.6091
56.2000 0.5058 -0.6166
56.3000 0.5162 -0.6241
56.4000 0.5267 -0.6316
56.5000 0.5372 -0.6391
56.6000 0.5477 -0.6466
56.7000 0.5581 -0.6540
56.8000 0.5686 -0.6615
56.9000 0.5791 -0.6690
57.0000 0.5896 -0.6765
57.1000 0.6001 -0.6840
57.2000 0.6106 -0.6914
57.3000 0.6210 -0.6989
57.4000 0.6315 -0.7064
57.5000 0.6420 -0.7139
57.6000 0.6525 -0.7213
57.7000 0.6630 -0.7288
57.8000 0.6735 -0.7363
57.9000 0.6840 -0.7437
58.0000 0.6945 -0.7512
58.1000 0.7050 -0.7587
58.2000 0.7155 -0.7661
58.3000 0.7260 -0.7736
58.4000 0.7365 -0.7810
58.5000 0.7470 -0.7885
58.6000 0.7575 -0.7960
58.7000 0.7679 -0.8034
58.8000 0.7784 -0.8109
58.9000 0.7889 -0.8183
59.0000 0.7994 -0.8258
59.1000 0.8100 -0.8332
59.2000 0.8205 -0.8407
59.3000 0.8310 -0.8481
59.4000 0.8415 -0.8556
59.5000 0.8520 -0.8631
59.6000 0.8625 -0.8705
59.7000 0.8730 -0.8780
59.8000 0.8835 -0.8854
59.9000 0.8940 -0.8929
60.0000 0.9045 -0.9003
60.1000 0.9150 -0.9078
60.2000 0.9255 -0.9152
60.3000 0.9360 -0.9227
60.4000 0.9465 -0.9301
60.5000 0.9570 -0.9376
60.6000 0.9675 -0.9450
60.7000 0.9780 -0.9525
60.8000 0.9885 -0.9599
60.9000 0.9990 -0.9674
61.0000 1.0096 -0.9748
61.1000 1.0201 -0.9823
61.2000 1.0306 -0.9897
61.3000 1.0411 -0.9972
61.4000 1.0516 -1.0046
61.5000 1.0621 -1.0121
61.6000 1.0726 -1.0195
61.7000 1.0831 -1.0269
61.8000 1.0936 -1.0344
61.9000 1.1041 -1.0418
62.0000 1.1146 -1.0493
62.1000 1.1252 -1.0567
62.2000 1.1357 -1.0642
62.3000 1.1462 -1.0716
62.4000 1.1567 -1.0790
62.5000 1.1672 -1.0865
62.6000 1.1777 -1.0939
62.7000 1.1882 -1.1014
62.8000 1.1987 -1.1088
62.9000 1.2092 -1.1163
63.0000 1.2198 -1.1237
63.1000 1.2303 -1.1311
63.2000 1.2407 -1.1385
63.3000 1.2511 -1.1457
63.4000 1.2614 -1.1527
63.5000 1.2712 -1.1588
63.6000 1.2799 -1.1633
63.7000 1.2863 -1.1653
63.8000 1.2901 -1.1654
63.9000 1.2912 -1.1649
64.0000 1.2915 -1.1646
64.1000 1.2917 -1.1640
64.2000 1.2915 -1.1625
64.3000 1.2904 -1.1609
64.4000 1.2852 -1.1569
64.5000 1.2744 -1.1505
64.6000 1.2633 -1.1440
64.7000 1.2521 -1.1375
64.8000 1.2410 -1.1310
64.9000 1.2299 -1.1246
65.0000 1.2187 -1.1181
65.1000 1.2076 -1.1116
65.2000 1.1965 -1.1051
65.3000 1.1853 -1.0987
65.4000 1.1742 -1.0922
65.5000 1.1631 -1.0857
65.6000 1.1519 -1.0792
65.7000 1.1408 -1.0727
65.8000 1.1297 -1.0663
65.9000 1.1185 -1.0598
66.0000 1.1074 -1.0533
66.1000 1.0963 -1.0468
66.2000 1.0851 -1.0403
66.3000 1.0740 -1.0339
66.4000 1.0629 -1.0274
66.5000 1.0517 -1.0209
66.6000 1.0406 -1.0144
66.7000 1.0295 -1.0079
66.8000 1.0184 -1.0015
66.9000 1.0073 -0.9950
67.0000 0.9962 -0.9885
67.1000 0.9850 -0.9820
67.2000 0.9739 -0.9755
67.3000 0.9628 -0.9690
67.4000 0.9517 -0.9625
67.5000 0.9406 -0.9560
67.6000 0.9295 -0.9495
67.7000 0.9183 -0.9429
67.8000 0.9072 -0.9364
67.9000 0.8961 -0.9299
68.0000 0.8850 -0.9234
68.1000 0.8739 -0.9169
68.2000 0.8628 -0.9104
68.3000 0.8516 -0.9039
68.4000 0.8405 -0.8974
68.5000 0.8294 -0.8909
68.6000 0.8183 -0.8844
68.7000 0.8072 -0.8779
68.8000 0.7961 -0.8714
68.9000 0.7849 -0.8649
69.0000 0.7738 -0.8584
69.1000 0.7627 -0.8519
69.2000 0.7516 -0.8454
69.3000 0.7405 -0.8389
69.4000 0.7294 -0.8324
69.5000 0.7182 -0.8258
69.6000 0.7071 -0.8193
69.7000 0.6960 -0.8128
69.8000 0.6849 -0.8063
69.9000 0.6738 -0.7998
70.0000 0.6627 -0.7933
70.1000 0.6515 -0.7868
70.2000 0.6404 -0.7803
70.3000 0.6293 -0.7738
70.4000 0.6182 -0.7673
70.5000 0.6071 -0.7608
70.6000 0.5960 -0.7543
70.7000 0.5848 -0.7478
70.8000 0.5737 -0.7413
70.9000 0.5626 -0.7348
71.0000 0.5515 -0.7283
71.1000 0.5404 -0.7218
71.2000 0.5293 -0.7153
71.3000 0.5181 -0.7087
71.4000 0.5070 -0.7022
71.5000 0.4959 -0.6957
71.6000 0.4848 -0.6892
71.7000 0.4737 -0.6827
71.8000 0.4626 -0.6762
71.9000 0.4514 -0.6697
72.0000 0.4403 -0.6632
72.1000 0.4292 -0.6567
72.2000 0.4181 -0.6502
72.3000 0.4070 -0.6437
72.4000 0.3959 -0.6372
72.5000 0.3847 -0.6307
72.6000 0.3736 -0.6242
72.7000 0.3625 -0.6177
72.8000 0.3514 -0.6112
72.9000 0.3403 -0.6047
73.0000 0.3291 -0.5982
73.1000 0.3180 -0.5917
73.2000 0.3069 -0.5851
73.3000 0.2958 -0.5786
73.4000 0.2847 -0.5721
73.5000 0.2736 -0.5656
73.6000 0.2624 -0.5591
73.7000 0.2513 -0.5526
73.8000 0.2402 -0.5461
73.9000 0.2291 -0.5396
74.0000 0.2180 -0.5331
74.1000 0.2069 -0.5266
74.2000 0.1957 -0.5201
74.3000 0.1846 -0.5136
74.4000 0.1735 -0.5071
74.5000 0.1624 -0.5006
74.6000 0.1513 -0.4941
74.7000 0.1402 -0.4876
74.8000 0.1290 -0.4811
74.9000 0.1179 -0.4746
75.0000 0.1068 -0.4680
75.1000 0.0957 -0.4615
75.2000 0.0846 -0.4550
75.3000 0.0735 -0.4485
75.4000 0.0623 -0.4420
75.5000 0.0512 -0.4355
75.6000 0.0401 -0.4290
75.7000 0.0290 -0.4225
75.8000 0.0179 -0.4160
75.9000 0.0068 -0.4095
76.0000 -0.0044 -0.4030
76.1000 -0.0155 -0.3965
76.2000 -0.0266 -0.3900
76.3000 -0.0377 -0.3835
76.4000 -0.0488 -0.3770
76.5000 -0.0599 -0.3705
76.6000 -0.0711 -0.3640
76.7000 -0.0822 -0.3575
76.8000 -0.0933 -0.3509
76.9000 -0.1044 -0.3444
77.0000 -0.1155 -0.3379
77.1000 -0.1266 -0.3314
77.2000 -0.1378 -0.3249
77.3000 -0.1489 -0.3184
77.4000 -0.1600 -0.3119
77.5000 -0.1711 -0.3054
77.6000 -0.1822 -0.2989
77.7000 -0.1933 -0.2924
77.8000 -0.2045 -0.2859
77.9000 -0.2156 -0.2794
78.0000 -0.2267 -0.2729
78.1000 -0.2378 -0.2664
78.2000 -0.2489 -0.2599
78.3000 -0.2600 -0.2534
78.4000 -0.2712 -0.2469
78.5000 -0.2823 -0.2404
78.6000 -0.2934 -0.2338
78.7000 -0.3045 -0.2273
78.8000 -0.3156 -0.2208
78.9000 -0.3268 -0.2143
79.0000 -0.3379 -0.2078
79.1000 -0.3490 -0.2013
79.2000 -0.3601 -0.1948
79.3000 -0.3712 -0.1883
79.4000 -0.3823 -0.1818
79.5000 -0.3935 -0.1753
79.6000 -0.4046 -0.1688
79.7000 -0.4157 -0.1623
79.8000 -0.4268 -0.1558
79.9000 -0.4379 -0.1493
80.0000 -0.4490 -0.1428
80.1000 -0.4602 -0.1363
80.2000 -0.4713 -0.1298
80.3000 -0.4824 -0.1233
80.4000 -0.4935 -0.1168
80.5000 -0.5046 -0.1102
80.6000 -0.5157 -0.1037
80.7000 -0.5269 -0.0972
80.8000 -0.5380 -0.0907
80.9000 -0.5491 -0.0842
81.0000 -0.5602 -0.0777
81.1000 -0.5713 -0.0712
81.2000 -0.5824 -0.0647
81.3000 -0.5936 -0.0582
81.4000 -0.6047 -0.0517
81.5000 -0.6158 -0.0452
81.6000 -0.6269 -0.0387
81.7000 -0.6380 -0.0322
81.8000 -0.6491 -0.0257
81.9000 -0.6603 -0.0192
82.0000 -0.6714 -0.0127
82.1000 -0.6825 -0.0062
82.2000 -0.6936 0.0003
82.3000 -0.7047 0.0068
82.4000 -0.7159 0.0133
82.5000 -0.7270 0.0198
82.6000 -0.7381 0.0263
82.7000 -0.7492 0.0328
82.8000 -0.7603 0.0393
82.9000 -0.7714 0.0458
83.0000 -0.7826 0.0524
83.1000 -0.7937 0.0589
83.2000 -0.8048 0.0654
83.3000 -0.8159 0.0719
83.4000 -0.8270 0.0784
83.5000 -0.8382 0.0849
83.6000 -0.8493 0.0914
83.7000 -0.8604 0.0979
83.8000 -0.8715 0.1043
83.9000 -0.8826 0.1108
84.0000 -0.8938 0.1173
84.1000 -0.9049 0.1238
84.2000 -0.9160 0.1303
84.3000 -0.9271 0.1368
84.4000 -0.9382 0.1433
84.5000 -0.9494 0.1498
84.6000 -0.9605 0.1563
84.7000 -0.9716 0.1628
84.8000 -0.9827 0.1693
84.9000 -0.9939 0.1758
85.0000 -1.0050 0.1822
85.1000 -1.0161 0.1887
85.2000 -1.0272 0.1952
85.3000 -1.0384 0.2017
85.4000 -1.0495 0.2081
85.5000 -1.0606 0.2146
85.6000 -1.0718 0.2211
85.7000 -1.0829 0.2275
85.8000 -1.0940 0.2340
85.9000 -1.1052 0.2405
86.0000 -1.1163 0.2469
86.1000 -1.1274 0.2533
86.2000 -1.1386 0.2598
86.3000 -1.1497 0.2662
86.4000 -1.1608 0.2726
86.5000 -1.1719 0.2789
86.6000 -1.1830 0.2851
86.7000 -1.1940 0.2911
86.8000 -1.2047 0.2968
86.9000 -1.2149 0.3015
87.0000 -1.2239 0.3047
87.1000 -1.2307 0.3059
87.2000 -1.2349 0.3054
87.3000 -1.2360 0.3049
87.4000 -1.2362 0.3046
87.5000 -1.2362 0.3045
87.6000 -1.2362 0.3045
87.7000 -1.2361 0.3044
87.8000 -1.2351 0.3041
87.9000 -1.2289 0.3045
88.0000 -1.2180 0.3069
88.1000 -1.2060 0.3101
88.2000 -1.1937 0.3135
88.3000 -1.1814 0.3170
88.4000 -1.1691 0.3206
88.5000 -1.1567 0.3241
88.6000 -1.1444 0.3277
88.7000 -1.1321 0.3313
88.8000 -1.1197 0.3349
88.9000 -1.1074 0.3385
89.0000 -1.0951 0.3422
89.1000 -1.0827 0.3458
89.2000 -1.0704 0.3495
89.3000 -1.0581 0.3531
89.4000 -1.0458 0.3568
89.5000 -1.0335 0.3605
89.6000 -1.0212 0.3642
89.7000 -1.0089 0.3679
89.8000 -0.9966 0.3717
89.9000 -0.9843 0.3754
90.0000 -0.9720 0.3791
90.1000 -0.9597 0.3829
90.2000 -0.9474 0.3867
90.3000 -0.9351 0.3905
90.4000 -0.9229 0.3943
90.5000 -0.9106 0.3981
90.6000 -0.8984 0.4020
90.7000 -0.8861 0.4058
90.8000 -0.8739 0.4097
90.9000 -0.8616 0.4136
91.0000 -0.8494 0.4175
91.1000 -0.8372 0.4215
91.2000 -0.8250 0.4254
91.3000 -0.8128 0.4294
91.4000 -0.8005 0.4334
91.5000 -0.7884 0.4374
91.6000 -0.7762 0.4414
91.7000 -0.7640 0.4455
91.8000 -0.7518 0.4496
91.9000 -0.7396 0.4536
92.0000 -0.7275 0.4578
92.1000 -0.7153 0.4619
92.2000 -0.7032 0.4660
92.3000 -0.6911 0.4702
92.4000 -0.6790 0.4744
92.5000 -0.6669 0.4787
92.6000 -0.6548 0.4829
92.7000 -0.6427 0.4872
92.8000 -0.6306 0.4915
92.9000 -0.6186 0.4959
93.0000 -0.6066 0.5003
93.1000 -0.5946 0.5047
93.2000 -0.5826 0.5091
93.3000 -0.5706 0.5136
93.4000 -0.5587 0.5182
93.5000 -0.5467 0.5227
93.6000 -0.5348 0.5274
93.7000 -0.5230 0.5321
93.8000 -0.5111 0.5368
93.9000 -0.4993 0.5416
94.0000 -0.4876 0.5464
94.1000 -0.4759 0.5513
94.2000 -0.4642 0.5563
94.3000 -0.4526 0.5614
94.4000 -0.4411 0.5666
94.5000 -0.4296 0.5719
94.6000 -0.4182 0.5772
94.7000 -0.4069 0.5827
94.8000 -0.3957 0.5883
94.9000 -0.3846 0.5941
95.0000 -0.3737 0.6000
95.1000 -0.3629 0.6061
95.2000 -0.3523 0.6123
95.3000 -0.3419 0.6188
95.4000 -0.3318 0.6255
95.5000 -0.3219 0.6324
95.6000 -0.3123 0.6396
95.7000 -0.3031 0.6470
95.8000 -0.2943 0.6548
95.9000 -0.2859 0.6628
96.0000 -0.2780 0.6713
96.1000 -0.2704 0.6801
96.2000 -0.2632 0.6894
96.3000 -0.2564 0.6989
96.4000 -0.2499 0.7089
96.5000 -0.2438 0.7191
96.6000 -0.2380 0.7296
96.7000 -0.2325 0.7404
96.8000 -0.2272 0.7514
96.9000 -0.2220 0.7627
97.0000 -0.2171 0.7741
97.1000 -0.2123 0.7856
97.2000 -0.2076 0.7973
97.3000 -0.2031 0.8090
97.4000 -0.1987 0.8209
97.5000 -0.1943 0.8327
97.6000 -0.1901 0.8447
97.7000 -0.1859 0.8567
97.8000 -0.1819 0.8687
97.9000 -0.1779 0.8808
98.0000 -0.1739 0.8929
98.1000 -0.1701 0.9050
98.2000 -0.1663 0.9172
98.3000 -0.1626 0.9293
98.4000 -0.1589 0.9415
98.5000 -0.1553 0.9538
98.6000 -0.1517 0.9660
98.7000 -0.1482 0.9783
98.8000 -0.1448 0.9906
98.9000 -0.1414 1.0029
99.0000 -0.1380 1.0152
99.1000 -0.1347 1.0276
99.2000 -0.1315 1.0399
99.3000 -0.1283 1.0523
99.4000 -0.1251 1.0647
99.5000 -0.1220 1.0771
99.6000 -0.1189 1.0895
99.7000 -0.1159 1.1019
99.8000 -0.1129 1.1144
99.9000 -0.1100 1.1268
100.0000 -0.1072 1.1392
100.1000 -0.1044 1.1516
100.2000 -0.1018 1.1639
100.3000 -0.0994 1.1759
100.4000 -0.0976 1.1875
100.5000 -0.0965 1.1982
100.6000 -0.0966 1.2077
100.7000 -0.0978 1.2152
100.8000 -0.0998 1.2195
100.9000 -0.1018 1.2216
101.0000 -0.1036 1.2224
101.1000 -0.1070 1.2225
101.2000 -0.1178 1.2205
101.3000 -0.1302 1.2177
101.4000 -0.1428 1.2148
101.5000 -0.1553 1.2119
101.6000 -0.1679 1.2091
101.7000 -0.1805 1.2062
101.8000 -0.1930 1.2033
101.9000 -0.2056 1.2005
102.0000 -0.2181 1.1976
102.1000 -0.2307 1.1947
102.2000 -0.2432 1.1919
102.3000 -0.2558 1.1890
102.4000 -0.2684 1.1861
102.5000 -0.2809 1.1833
102.6000 -0.2935 1.1804
102.7000 -0.3060 1.1775
102.8000 -0.3186 1.1747
102.9000 -0.3311 1.1718
103.0000 -0.3437 1.1689
103.1000 -0.3563 1.1661
103.2000 -0.3688 1.1632
103.3000 -0.3814 1.1603
103.4000 -0.3939 1.1575
103.5000 -0.4065 1.1546
103.6000 -0.4191 1.1517
103.7000 -0.4316 1.1489
103.8000 -0.4442 1.1460
103.9000 -0.4567 1.1431
104.0000 -0.4693 1.1403
104.1000 -0.4818 1.1374
104.2000 -0.4944 1.1345
104.3000 -0.5070 1.1317
104.4000 -0.5195 1.1288
104.5000 -0.5321 1.1259
104.6000 -0.5446 1.1231
104.7000 -0.5572 1.1202
104.8000 -0.5697 1.1173
104.9000 -0.5823 1.1145
105.0000 -0.5949 1.1116
105.1000 -0.6074 1.1087
105.2000 -0.6200 1.1058
105.3000 -0.6325 1.1030
105.4000 -0.6451 1.1001
105.5000 -0.6576 1.0972
105.6000 -0.6702 1.0944
105.7000 -0.6828 1.0915
105.8000 -0.6953 1.0886
105.9000 -0.7079 1.0858
106.0000 -0.7204 1.0829
106.1000 -0.7330 1.0800
106.2000 -0.7455 1.0772
106.3000 -0.7581 1.0743
106.4000 -0.7707 1.0714
106.5000 -0.7832 1.0686
106.6000 -0.7958 1.0657
106.7000 -0.8083 1.0628
106.8000 -0.8209 1.0600
106.9000 -0.8334 1.0571
107.0000 -0.8460 1.0542
107.1000 -0.8586 1.0514
107.2000 -0.8711 1.0485
107.3000 -0.8837 1.0456
107.4000 -0.8962 1.0428
107.5000 -0.9088 1.0399
107.6000 -0.9213 1.0370
107.7000 -0.9339 1.0342
107.8000 -0.9465 1.0313
107.9000 -0.9590 1.0284
108.0000 -0.9716 1.0255
108.1000 -0.9841 1.0227
108.2000 -0.9967 1.0198
108.3000 -1.0092 1.0169
108.4000 -1.0218 1.0141
108.5000 -1.0344 1.0112
108.6000 -1.0469 1.0083
108.7000 -1.0595 1.0055
108.8000 -1.0720 1.0026
108.9000 -1.0845 0.9997
109.0000 -1.0970 0.9968
109.1000 -1.1094 0.9939
109.2000 -1.1218 0.9909
109.3000 -1.1342 0.9879
109.4000 -1.1464 0.9847
109.5000 -1.1585 0.9815
109.6000 -1.1700 0.9781
109.7000 -1.1805 0.9745
109.8000 -1.1892 0.9705
109.9000 -1.1952 0.9664
110.0000 -1.1986 0.9625
110.1000 -1.2005 0.9584
110.2000 -1.2010 0.9538
110.3000 -1.1998 0.9467
110.4000 -1.1968 0.9375
110.5000 -1.1922 0.9266
110.6000 -1.1869 0.9153
110.7000 -1.1815 0.9038
110.8000 -1.1760 0.8923
110.9000 -1.1704 0.8808
111.0000 -1.1648 0.8693
111.1000 -1.1591 0.8578
111.2000 -1.1534 0.8463
111.3000 -1.1477 0.8348
111.4000 -1.1420 0.8233
111.5000 -1.1363 0.8118
111.6000 -1.1305 0.8004
111.7000 -1.1247 0.7889
111.8000 -1.1189 0.7775
111.9000 -1.1130 0.7661
112.0000 -1.1072 0.7548
112.1000 -1.1013 0.7434
112.2000 -1.0953 0.7321
112.3000 -1.0893 0.7208
112.4000 -1.0833 0.7095
112.5000 -1.0772 0.6983
112.6000 -1.0711 0.6871
112.7000 -1.0650 0.6760
112.8000 -1.0587 0.6649
112.9000 -1.0524 0.6538
113.0000 -1.0461 0.6428
113.1000 -1.0397 0.6318
113.2000 -1.0332 0.6209
113.3000 -1.0266 0.6100
113.4000 -1.0200 0.5991
113.5000 -1.0134 0.5883
113.6000 -1.0066 0.5775
113.7000 -0.9998 0.5668
113.8000 -0.9929 0.5561
113.9000 -0.9860 0.5454
114.0000 -0.9789 0.5348
114.1000 -0.9719 0.5242
114.2000 -0.9647 0.5137
114.3000 -0.9575 0.5032
114.4000 -0.9502 0.4928
114.5000 -0.9429 0.4823
114.6000 -0.9355 0.4720
114.7000 -0.9281 0.4616
114.8000 -0.9206 0.4513
114.9000 -0.9130 0.4410
115.0000 -0.9054 0.4308
115.1000 -0.8978 0.4206
115.2000 -0.8901 0.4104
115.3000 -0.8823 0.4003
115.4000 -0.8745 0.3902
115.5000 -0.8667 0.3802
115.6000 -0.8588 0.3702
115.7000 -0.8508 0.3602
115.8000 -0.8428 0.3502
115.9000 -0.8348 0.3403
116.0000 -0.8267 0.3304
116.1000 -0.8186 0.3206
116.2000 -0.8104 0.3108
116.3000 -0.8022 0.3010
116.4000 -0.7940 0.2913
116.5000 -0.7857 0.2816
116.6000 -0.7773 0.2719
116.7000 -0.7689 0.2623
116.8000 -0.7605 0.2527
116.9000 -0.7520 0.2432
117.0000 -0.7435 0.2336
117.1000 -0.7350 0.2241
117.2000 -0.7264 0.2147
117.3000 -0.7178 0.2052
117.4000 -0.7091 0.1959
117.5000 -0.7004 0.1865
117.6000 -0.6917 0.1772
117.7000 -0.6829 0.1679
117.8000 -0.6741 0.1586
117.9000 -0.6652 0.1494
118.0000 -0.6564 0.1402
118.1000 -0.6475 0.1310
118.2000 -0.6385 0.1219
118.3000 -0.6295 0.1128
118.4000 -0.6205 0.1037
118.5000 -0.6115 0.0947
118.6000 -0.6024 0.0856
118.7000 -0.5933 0.0767
118.8000 -0.5842 0.0677
118.9000 -0.5750 0.0588
119.0000 -0.5658 0.0499
119.1000 -0.5566 0.0410
119.2000 -0.5473 0.0322
119.3000 -0.5380 0.0234
119.4000 -0.5287 0.0146
119.5000 -0.5194 0.0058
119.6000 -0.5100 -0.0029
119.7000 -0.5006 -0.0116
119.8000 -0.4912 -0.0203
119.9000 -0.4818 -0.0289
120.0000 -0.4723 -0.0376
120.1000 -0.4628 -0.0462
120.2000 -0.4533 -0.0548
120.3000 -0.4438 -0.0633
120.4000 -0.4342 -0.0719
120.5000 -0.4246 -0.0804
120.6000 -0.4150 -0.0889
120.7000 -0.4054 -0.0973
120.8000 -0.3957 -0.1058
120.9000 -0.3861 -0.1142
121.0000 -0.3764 -0.1226
121.1000 -0.3667 -0.1310
121.2000 -0.3570 -0.1393
121.3000 -0.3472 -0.1477
121.4000 -0.3375 -0.1560
121.5000 -0.3277 -0.1643
121.6000 -0.3179 -0.1726
121.7000 -0.3081 -0.1809
121.8000 -0.2983 -0.1891
121.9000 -0.2884 -0.1973
122.0000 -0.2786 -0.2056
122.1000 -0.2687 -0.2138
122.2000 -0.2588 -0.2219
122.3000 -0.2489 -0.2301
122.4000 -0.2390 -0.2383
122.5000 -0.2291 -0.2464
122.6000 -0.2191 -0.2545
122.7000 -0.2091 -0.2626
122.8000 -0.1992 -0.2707
122.9000 -0.1892 -0.2787
123.0000 -0.1792 -0.2868
123.1000 -0.1692 -0.2948
123.2000 -0.1591 -0.3029
123.3000 -0.1491 -0.3109
123.4000 -0.1391 -0.3189
123.5000 -0.1290 -0.3268
123.6000 -0.1189 -0.3348
123.7000 -0.1088 -0.3428
123.8000 -0.0987 -0.3507
123.9000 -0.0886 -0.3586
124.0000 -0.0785 -0.3665
124.1000 -0.0684 -0.3744
124.2000 -0.0582 -0.3823
124.3000 -0.0481 -0.3902
124.4000 -0.0379 -0.3980
124.5000 -0.0277 -0.4059
124.6000 -0.0176 -0.4137
124.7000 -0.0074 -0.4215
124.8000 0.0028 -0.4294
124.9000 0.0130 -0.4372
125.0000 0.0233 -0.4449
125.1000 0.0335 -0.4527
125.2000 0.0437 -0.4605
125.3000 0.0540 -0.4682
125.4000 0.0642 -0.4760
125.5000 0.0745 -0.4837
125.6000 0.0848 -0.4914
125.7000 0.0951 -0.4991
125.8000 0.1054 -0.5068
125.9000 0.1157 -0.5145
126.0000 0.1260 -0.5222
126.1000 0.1363 -0.5298
126.2000 0.1466 -0.5375
126.3000 0.1570 -0.5451
126.4000 0.1673 -0.5528
126.5000 0.1777 -0.5604
126.6000 0.1880 -0.5680
126.7000 0.1984 -0.5756
126.8000 0.2088 -0.5832
126.9000 0.2191 -0.5907
127.0000 0.2295 -0.5983
127.1000 0.2399 -0.6059
127.2000 0.2503 -0.6134
127.3000 0.2607 -0.6210
127.4000 0.2712 -0.6285
127.5000 0.2816 -0.6360
127.6000 0.2920 -0.6435
127.7000 0.3025 -0.6510
127.8000 0.3129 -0.6585
127.9000 0.3234 -0.6660
128.0000 0.3338 -0.6734
128.1000 0.3443 -0.6809
128.2000 0.3548 -0.6883
128.3000 0.3653 -0.6958
128.4000 0.3758 -0.7032
128.5000 0.3863 -0.7106
128.6000 0.3968 -0.7180
128.7000 0.4073 -0.7254
128.8000 0.4178 -0.7328
128.9000 0.4283 -0.7402
129.0000 0.4389 -0.7475
129.1000 0.4494 -0.7549
129.2000 0.4600 -0.7622
129.3000 0.4705 -0.7696
129.4000 0.4811 -0.7769
129.5000 0.4917 -0.7842
129.6000 0.5022 -0.7915
129.7000 0.5128 -0.7988
129.8000 0.5234 -0.8061
129.9000 0.5340 -0.8134
130.0000 0.5446 -0.8206
130.1000 0.5552 -0.8279
130.2000 0.5659 -0.8352
130.3000 0.5765 -0.8424
130.4000 0.5871 -0.8496
130.5000 0.5978 -0.8568
130.6000 0.6084 -0.8641
130.7000 0.6191 -0.8713
130.8000 0.6297 -0.8784
130.9000 0.6404 -0.8856
131.0000 0.6510 -0.8928
131.1000 0.6617 -0.9000
131.2000 0.6724 -0.9071
131.3000 0.6831 -0.9143
131.4000 0.6938 -0.9214
131.5000 0.7045 -0.9285
131.6000 0.7152 -0.9356
131.7000 0.7259 -0.9427
131.8000 0.7366 -0.9498
131.9000 0.7473 -0.9569
132.0000 0.7581 -0.9640
132.1000 0.7688 -0.9710
132.2000 0.7795 -0.9780
132.3000 0.7903 -0.9850
132.4000 0.8011 -0.9919
132.5000 0.8118 -0.9988
132.6000 0.8226 -1.0056
132.7000 0.8334 -1.0124
132.8000 0.8442 -1.0191
132.9000 0.8550 -1.0257
133.0000 0.8659 -1.0322
133.1000 0.8768 -1.0386
133.2000 0.8878 -1.0450
133.3000 0.8987 -1.0512
133.4000 0.9098 -1.0573
133.5000 0.9209 -1.0633
133.6000 0.9322 -1.0693
133.7000 0.9435 -1.0752
133.8000 0.9549 -1.0811
133.9000 0.9663 -1.0871
134.0000 0.9777 -1.0930
134.1000 0.9891 -1.0990
134.2000 1.0006 -1.1049
134.3000 1.0120 -1.1108
134.4000 1.0234 -1.1168
134.5000 1.0349 -1.1227
134.6000 1.0463 -1.1286
134.7000 1.0577 -1.1346
134.8000 1.0691 -1.1405
134.9000 1.0806 -1.1464
135.0000 1.0920 -1.1524
135.1000 1.1034 -1.1583
135.2000 1.1149 -1.1642
135.3000 1.1263 -1.1702
135.4000 1.1377 -1.1761
135.5000 1.1492 -1.1820
135.6000 1.1606 -1.1880
135.7000 1.1720 -1.1939
135.8000 1.1834 -1.1998
135.9000 1.1948 -1.2057
136.0000 1.2062 -1.2115
136.1000 1.2175 -1.2172
136.2000 1.2285 -1.2225
136.3000 1.2391 -1.2271
136.4000 1.2485 -1.2304
136.5000 1.2557 -1.2316
136.6000 1.2604 -1.2312
136.7000 1.2635 -1.2298
136.8000 1.2655 -1.2278
136.9000 1.2669 -1.2247
137.0000 1.2672 -1.2205
137.1000 1.2662 -1.2168
137.2000 1.2629 -1.2115
137.3000 1.2554 -1.2026
137.4000 1.2469 -1.1930
137.5000 1.2383 -1.1834
137.6000 1.2298 -1.1738
137.7000 1.2214 -1.1642
137.8000 1.2130 -1.1547
137.9000 1.2047 -1.1451
138.0000 1.1965 -1.1354
138.1000 1.1886 -1.1258
138.2000 1.1809 -1.1162
138.3000 1.1738 -1.1066
138.4000 1.1670 -1.0969
138.5000 1.1605 -1.0868
138.6000 1.1541 -1.0762
138.7000 1.1477 -1.0653
138.8000 1.1413 -1.0543
138.9000 1.1349 -1.0432
139.0000 1.1286 -1.0320
139.1000 1.1222 -1.0209
139.2000 1.1159 -1.0097
139.3000 1.1096 -0.9985
139.4000 1.1032 -0.9873
139.5000 1.0969 -0.9761
139.6000 1.0906 -0.9649
139.7000 1.0843 -0.9537
139.8000 1.0780 -0.9424
139.9000 1.0717 -0.9312
140.0000 1.0654 -0.9200
140.1000 1.0590 -0.9088
140.2000 1.0527 -0.8975
140.3000 1.0464 -0.8863
140.4000 1.0401 -0.8751
140.5000 1.0338 -0.8639
140.6000 1.0275 -0.8526
140.7000 1.0212 -0.8414
140.8000 1.0148 -0.8302
140.9000 1.0085 -0.8190
141.0000 1.0022 -0.8077
141.1000 0.9959 -0.7965
141.2000 0.9896 -0.7853
141.3000 0.9833 -0.7741
141.4000 0.9769 -0.7628
141.5000 0.9706 -0.7516
141.6000 0.9643 -0.7404
141.7000 0.9580 -0.7292
141.8000 0.9517 -0.7179
141.9000 0.9454 -0.7067
142.0000 0.9390 -0.6955
142.1000 0.9327 -0.6843
142.2000 0.9264 -0.6730
142.3000 0.9201 -0.6618
142.4000 0.9138 -0.6506
142.5000 0.9075 -0.6393
142.6000 0.9012 -0.6281
142.7000 0.8948 -0.6169
142.8000 0.8885 -0.6057
142.9000 0.8822 -0.5944
143.0000 0.8759 -0.5832
143.1000 0.8696 -0.5720
143.2000 0.8633 -0.5608
143.3000 0.8569 -0.5495
143.4000 0.8506 -0.5383
143.5000 0.8443 -0.5271
143.6000 0.8380 -0.5159
143.7000 0.8317 -0.5046
143.8000 0.8254 -0.4934
143.9000 0.8191 -0.4822
144.0000 0.8127 -0.4710
144.1000 0.8064 -0.4597
144.2000 0.8001 -0.4485
144.3000 0.7938 -0.4373
144.4000 0.7875 -0.4261
144.5000 0.7812 -0.4148
144.6000 0.7748 -0.4036
144.7000 0.7685 -0.3924
144.8000 0.7622 -0.3812
144.9000 0.7559 -0.3699
145.0000 0.7496 -0.3587
145.1000 0.7433 -0.3475
145.2000 0.7369 -0.3362
145.3000 0.7306 -0.3250
145.4000 0.7243 -0.3138
145.5000 0.7180 -0.3026
145.6000 0.7117 -0.2913
145.7000 0.7054 -0.2801
145.8000 0.6991 -0.2689
145.9000 0.6927 -0.2577
146.0000 0.6864 -0.2464
146.1000 0.6801 -0.2352
146.2000 0.6738 -0.2240
146.3000 0.6675 -0.2128
146.4000 0.6612 -0.2015
146.5000 0.6548 -0.1903
146.6000 0.6485 -0.1791
146.7000 0.6422 -0.1679
146.8000 0.6359 -0.1566
146.9000 0.6296 -0.1454
147.0000 0.6233 -0.1342
147.1000 0.6169 -0.1230
147.2000 0.6106 -0.1117
147.3000 0.6043 -0.1005
147.4000 0.5980 -0.0893
147.5000 0.5917 -0.0781
147.6000 0.5854 -0.0668
147.7000 0.5790 -0.0556
147.8000 0.5727 -0.0444
147.9000 0.5664 -0.0332
148.0000 0.5601 -0.0219
148.1000 0.5538 -0.0107
148.2000 0.5475 0.0005
148.3000 0.5412 0.0117
148.4000 0.5348 0.0230
148.5000 0.5285 0.0342
148.6000 0.5222 0.0454
148.7000 0.5159 0.0567
148.8000 0.5096 0.0679
148.9000 0.5033 0.0791
149.0000 0.4969 0.0903
149.1000 0.4906 0.1016
149.2000 0.4843 0.1128
149.3000 0.4780 0.1240
149.4000 0.4717 0.1352
149.5000 0.4654 0.1465
149.6000 0.4590 0.1577
149.7000 0.4527 0.1689
149.8000 0.4464 0.1801
149.9000 0.4401 0.1914
150.0000 0.4338 0.2026
150.1000 0.4275 0.2138
150.2000 0.4211 0.2250
150.3000 0.4148 0.2363
150.4000 0.4085 0.2475
150.5000 0.4022 0.2587
150.6000 0.3959 0.2699
150.7000 0.3896 0.2812
150.8000 0.3832 0.2924
150.9000 0.3769 0.3036
151.0000 0.3706 0.3148
151.1000 0.3643 0.3261
151.2000 0.3580 0.3373
151.3000 0.3517 0.3485
151.4000 0.3453 0.3597
151.5000 0.3390 0.3710
151.6000 0.3327 0.3822
151.7000 0.3264 0.3934
151.8000 0.3201 0.4046
151.9000 0.3138 0.4159
152.0000 0.3074 0.4271
152.1000 0.3011 0.4383
152.2000 0.2948 0.4495
152.3000 0.2885 0.4608
152.4000 0.2822 0.4720
152.5000 0.2759 0.4832
152.6000 0.2695 0.4944
152.7000 0.2632 0.5057
152.8000 0.2569 0.5169
152.9000 0.2506 0.5281
153.0000 0.2443 0.5393
153.1000 0.2379 0.5505
153.2000 0.2316 0.5618
153.3000 0.2253 0.5730
153.4000 0.2190 0.5842
153.5000 0.2127 0.5954
153.6000 0.2063 0.6067
153.7000 0.2000 0.6179
153.8000 0.1937 0.6291
153.9000 0.1874 0.6403
154.0000 0.1811 0.6515
154.1000 0.1747 0.6628
154.2000 0.1684 0.6740
154.3000 0.1621 0.6852
154.4000 0.1557 0.6964
154.5000 0.1494 0.7076
154.6000 0.1431 0.7188
154.7000 0.1368 0.7301
154.8000 0.1304 0.7413
154.9000 0.1241 0.7525
155.0000 0.1178 0.7637
155.1000 0.1114 0.7749
155.2000 0.1051 0.7861
155.3000 0.0988 0.7973
155.4000 0.0924 0.8085
155.5000 0.0861 0.8197
155.6000 0.0797 0.8309
155.7000 0.0734 0.8422
155.8000 0.0671 0.8534
155.9000 0.0607 0.8646
156.0000 0.0544 0.8758
156.1000 0.0480 0.8870
156.2000 0.0416 0.8981
156.3000 0.0353 0.9093
156.4000 0.0289 0.9205
156.5000 0.0226 0.9317
156.6000 0.0162 0.9429
156.7000 0.0098 0.9541
156.8000 0.0034 0.9653
156.9000 -0.0029 0.9765
157.0000 -0.0093 0.9876
