0.0000 0.0000 0.0000
0.1000 0.0119 0.0002
0.2000 0.0120 0.0002
0.3000 0.0130 0.0011
0.4000 0.0196 0.0102
0.5000 0.0261 0.0199
0.6000 0.0324 0.0300
0.7000 0.0387 0.0402
0.8000 0.0448 0.0505
0.9000 0.0509 0.0609
1.0000 0.0570 0.0713
1.1000 0.0630 0.0818
1.2000 0.0690 0.0923
1.3000 0.0750 0.1028
1.4000 0.0809 0.1133
1.5000 0.0869 0.1239
1.6000 0.0929 0.1344
1.7000 0.0989 0.1449
1.8000 0.1050 0.1554
1.9000 0.1110 0.1659
2.0000 0.1171 0.1764
2.1000 0.1232 0.1869
2.2000 0.1294 0.1973
2.3000 0.1355 0.2077
2.4000 0.1418 0.2181
2.5000 0.1480 0.2285
2.6000 0.1543 0.2389
2.7000 0.1606 0.2492
2.8000 0.1670 0.2595
2.9000 0.1734 0.2698
3.0000 0.1798 0.2800
3.1000 0.1863 0.2902
3.2000 0.1928 0.3004
3.3000 0.1994 0.3106
3.4000 0.2060 0.3207
3.5000 0.2127 0.3308
3.6000 0.2193 0.3409
3.7000 0.2261 0.3510
3.8000 0.2328 0.3610
3.9000 0.2397 0.3710
4.0000 0.2465 0.3809
4.1000 0.2534 0.3909
4.2000 0.2604 0.4008
4.3000 0.2674 0.4106
4.4000 0.2744 0.4204
4.5000 0.2815 0.4302
4.6000 0.2886 0.4400
4.7000 0.2957 0.4497
4.8000 0.3029 0.4594
4.9000 0.3102 0.4691
5.0000 0.3174 0.4787
5.1000 0.3248 0.4883
5.2000 0.3322 0.4978
5.3000 0.3396 0.5074
5.4000 0.3470 0.5168
5.5000 0.3545 0.5263
5.6000 0.3621 0.5357
5.7000 0.3697 0.5451
5.8000 0.3773 0.5544
5.9000 0.3850 0.5637
6.0000 0.3927 0.5729
6.1000 0.4005 0.5821
6.2000 0.4083 0.5913
6.3000 0.4162 0.6004
6.4000 0.4241 0.6095
6.5000 0.4320 0.6186
6.6000 0.4400 0.6276
6.7000 0.4480 0.6365
6.8000 0.4561 0.6454
6.9000 0.4643 0.6543
7.0000 0.4725 0.6631
7.1000 0.4807 0.6719
7.2000 0.4890 0.6807
7.3000 0.4973 0.6893
7.4000 0.5056 0.6980
7.5000 0.5141 0.7066
7.6000 0.5225 0.7151
7.7000 0.5311 0.7236
7.8000 0.5396 0.7320
7.9000 0.5482 0.7404
8.0000 0.5569 0.7487
8.1000 0.5656 0.7570
8.2000 0.5744 0.7652
8.3000 0.5832 0.7734
8.4000 0.5921 0.7814
8.5000 0.6010 0.7895
8.6000 0.6100 0.7975
8.7000 0.6190 0.8054
8.8000 0.6281 0.8132
8.9000 0.6372 0.8210
9.0000 0.6464 0.8287
9.1000 0.6557 0.8363
9.2000 0.6650 0.8439
9.3000 0.6743 0.8514
9.4000 0.6838 0.8588
9.5000 0.6932 0.8661
9.6000 0.7028 0.8734
9.7000 0.7124 0.8806
9.8000 0.7221 0.8876
9.9000 0.7318 0.8946
10.0000 0.7416 0.9015
10.1000 0.7515 0.9083
10.2000 0.7614 0.9150
10.3000 0.7714 0.9216
10.4000 0.7815 0.9281
10.5000 0.7916 0.9344
10.6000 0.8018 0.9407
10.7000 0.8121 0.9468
10.8000 0.8225 0.9527
10.9000 0.8330 0.9586
11.0000 0.8435 0.9642
11.1000 0.8541 0.9697
11.2000 0.8648 0.9750
11.3000 0.8756 0.9801
11.4000 0.8865 0.9850
11.5000 0.8974 0.9897
11.6000 0.9085 0.9941
11.7000 0.9196 0.9982
11.8000 0.9308 1.0020
11.9000 0.9422 1.0055
12.0000 0.9536 1.0086
12.1000 0.9652 1.0114
12.2000 0.9768 1.0138
12.3000 0.9885 1.0158
12.4000 1.0009 1.0177
12.5000 1.0079 1.0194
12.6000 1.0118 1.0216
12.7000 1.0158 1.0254
12.8000 1.0216 1.0332
12.9000 1.0272 1.0425
13.0000 1.0326 1.0524
13.1000 1.0375 1.0628
13.2000 1.0420 1.0736
13.3000 1.0461 1.0846
13.4000 1.0497 1.0957
13.5000 1.0529 1.1069
13.6000 1.0557 1.1183
13.7000 1.0578 1.1295
13.8000 1.0592 1.1403
13.9000 1.0597 1.1509
14.0000 1.0593 1.1614
14.1000 1.0579 1.1715
14.2000 1.0555 1.1812
14.3000 1.0525 1.1886
14.4000 1.0497 1.1924
14.5000 1.0481 1.1934
14.6000 1.0478 1.1935
14.7000 1.0478 1.1935
14.8000 1.0482 1.1938
14.9000 1.0481 1.1935
15.0000 1.0472 1.1818
15.1000 1.0465 1.1700
15.2000 1.0457 1.1581
15.3000 1.0449 1.1463
15.4000 1.0440 1.1344
15.5000 1.0430 1.1225
15.6000 1.0418 1.1107
15.7000 1.0404 1.0989
15.8000 1.0388 1.0871
15.9000 1.0370 1.0754
16.0000 1.0349 1.0637
16.1000 1.0325 1.0522
16.2000 1.0297 1.0407
16.3000 1.0266 1.0293
16.4000 1.0231 1.0180
16.5000 1.0192 1.0068
16.6000 1.0148 0.9956
16.7000 1.0110 0.9854
16.8000 1.0103 0.9809
16.9000 1.0107 0.9770
17.0000 1.0136 0.9684
17.1000 1.0179 0.9586
17.2000 1.0231 0.9486
17.3000 1.0289 0.9388
17.4000 1.0353 0.9291
17.5000 1.0421 0.9195
17.6000 1.0492 0.9102
17.7000 1.0568 0.9010
17.8000 1.0647 0.8921
17.9000 1.0729 0.8834
18.0000 1.0814 0.8750
18.1000 1.0901 0.8668
18.2000 1.0990 0.8589
18.3000 1.1081 0.8514
18.4000 1.1174 0.8445
18.5000 1.1269 0.8380
18.6000 1.1366 0.8322
18.7000 1.1466 0.8269
18.8000 1.1568 0.8224
18.9000 1.1665 0.8189
19.0000 1.1757 0.8168
19.1000 1.1820 0.8165
19.2000 1.1846 0.8172
19.3000 1.1848 0.8174
19.4000 1.1848 0.8175
19.5000 1.1848 0.8171
19.6000 1.1848 0.8171
19.7000 1.1792 0.8218
19.8000 1.1695 0.8284
19.9000 1.1597 0.8350
20.0000 1.1499 0.8417
20.1000 1.1402 0.8484
20.2000 1.1304 0.8551
20.3000 1.1207 0.8620
20.4000 1.1111 0.8689
20.5000 1.1016 0.8760
20.6000 1.0922 0.8832
20.7000 1.0828 0.8905
20.8000 1.0736 0.8980
20.9000 1.0646 0.9056
21.0000 1.0557 0.9134
21.1000 1.0470 0.9214
21.2000 1.0385 0.9296
21.3000 1.0302 0.9379
21.4000 1.0223 0.9465
21.5000 1.0146 0.9554
21.6000 1.0072 0.9645
21.7000 1.0001 0.9739
21.8000 0.9934 0.9836
21.9000 0.9868 0.9939
22.0000 0.9819 1.0002
22.1000 0.9786 1.0029
22.2000 0.9734 1.0053
22.3000 0.9639 1.0078
22.4000 0.9532 1.0096
22.5000 0.9420 1.0109
22.6000 0.9305 1.0116
22.7000 0.9189 1.0119
22.8000 0.9072 1.0116
22.9000 0.8954 1.0110
23.0000 0.8836 1.0099
23.1000 0.8718 1.0084
23.2000 0.8600 1.0065
23.3000 0.8482 1.0043
23.4000 0.8365 1.0018
23.5000 0.8248 0.9989
23.6000 0.8131 0.9957
23.7000 0.8015 0.9922
23.8000 0.7900 0.9884
23.9000 0.7785 0.9843
24.0000 0.7672 0.9800
24.1000 0.7559 0.9754
24.2000 0.7447 0.9705
24.3000 0.7336 0.9654
24.4000 0.7226 0.9600
24.5000 0.7117 0.9544
24.6000 0.7008 0.9486
24.7000 0.6901 0.9426
24.8000 0.6796 0.9363
24.9000 0.6691 0.9299
25.0000 0.6587 0.9232
25.1000 0.6485 0.9164
25.2000 0.6383 0.9094
25.3000 0.6283 0.9022
25.4000 0.6184 0.8948
25.5000 0.6086 0.8872
25.6000 0.5989 0.8795
25.7000 0.5894 0.8716
25.8000 0.5800 0.8635
25.9000 0.5707 0.8553
26.0000 0.5616 0.8470
26.1000 0.5525 0.8385
26.2000 0.5436 0.8298
26.3000 0.5348 0.8211
26.4000 0.5262 0.8122
26.5000 0.5177 0.8031
26.6000 0.5093 0.7939
26.7000 0.5010 0.7846
26.8000 0.4929 0.7752
26.9000 0.4849 0.7657
27.0000 0.4770 0.7560
27.1000 0.4693 0.7463
27.2000 0.4617 0.7364
27.3000 0.4542 0.7264
27.4000 0.4469 0.7163
27.5000 0.4397 0.7061
27.6000 0.4326 0.6958
27.7000 0.4257 0.6855
27.8000 0.4189 0.6750
27.9000 0.4122 0.6644
28.0000 0.4057 0.6538
28.1000 0.3993 0.6431
28.2000 0.3931 0.6323
28.3000 0.3869 0.6214
28.4000 0.3809 0.6104
28.5000 0.3751 0.5994
28.6000 0.3693 0.5882
28.7000 0.3638 0.5770
28.8000 0.3583 0.5658
28.9000 0.3530 0.5545
29.0000 0.3478 0.5431
29.1000 0.3428 0.5317
29.2000 0.3380 0.5202
29.3000 0.3334 0.5087
29.4000 0.3289 0.4971
29.5000 0.3246 0.4855
29.6000 0.3206 0.4738
29.7000 0.3167 0.4621
29.8000 0.3131 0.4503
29.9000 0.3097 0.4385
30.0000 0.3066 0.4267
30.1000 0.3038 0.4149
30.2000 0.3014 0.4030
30.3000 0.2992 0.3912
30.4000 0.2975 0.3794
30.5000 0.2963 0.3677
30.6000 0.2955 0.3561
30.7000 0.2954 0.3448
30.8000 0.2959 0.3339
30.9000 0.2973 0.3236
31.0000 0.2996 0.3147
31.1000 0.3025 0.3080
31.2000 0.3046 0.3056
31.3000 0.3050 0.3054
31.4000 0.3047 0.3054
31.5000 0.3048 0.3054
31.6000 0.3075 0.3084
31.7000 0.3138 0.3183
31.8000 0.3200 0.3282
31.9000 0.3263 0.3382
32.0000 0.3325 0.3482
32.1000 0.3388 0.3581
32.2000 0.3450 0.3681
32.3000 0.3513 0.3780
32.4000 0.3577 0.3880
32.5000 0.3640 0.3979
32.6000 0.3704 0.4078
32.7000 0.3768 0.4176
32.8000 0.3833 0.4275
32.9000 0.3898 0.4373
33.0000 0.3963 0.4471
33.1000 0.4029 0.4568
33.2000 0.4095 0.4665
33.3000 0.4162 0.4762
33.4000 0.4229 0.4859
33.5000 0.4296 0.4956
33.6000 0.4364 0.5052
33.7000 0.4432 0.5147
33.8000 0.4500 0.5243
33.9000 0.4569 0.5338
34.0000 0.4639 0.5433
34.1000 0.4708 0.5527
34.2000 0.4778 0.5621
34.3000 0.4849 0.5715
34.4000 0.4920 0.5808
34.5000 0.4992 0.5901
34.6000 0.5063 0.5994
34.7000 0.5136 0.6086
34.8000 0.5208 0.6178
34.9000 0.5282 0.6270
35.0000 0.5355 0.6361
35.1000 0.5429 0.6452
35.2000 0.5504 0.6542
35.3000 0.5579 0.6632
35.4000 0.5654 0.6721
35.5000 0.5730 0.6811
35.6000 0.5807 0.6899
35.7000 0.5883 0.6987
35.8000 0.5961 0.7075
35.9000 0.6038 0.7163
36.0000 0.6117 0.7250
36.1000 0.6195 0.7336
36.2000 0.6275 0.7422
36.3000 0.6354 0.7507
36.4000 0.6435 0.7592
36.5000 0.6515 0.7677
36.6000 0.6597 0.7761
36.7000 0.6678 0.7844
36.8000 0.6761 0.7927
36.9000 0.6844 0.8009
37.0000 0.6927 0.8090
37.1000 0.7011 0.8171
37.2000 0.7096 0.8252
37.3000 0.7181 0.8331
37.4000 0.7267 0.8411
37.5000 0.7353 0.8489
37.6000 0.7440 0.8566
37.7000 0.7528 0.8643
37.8000 0.7616 0.8719
37.9000 0.7705 0.8795
38.0000 0.7795 0.8869
38.1000 0.7885 0.8943
38.2000 0.7976 0.9015
38.3000 0.8068 0.9087
38.4000 0.8160 0.9158
38.5000 0.8254 0.9227
38.6000 0.8348 0.9296
38.7000 0.8443 0.9363
38.8000 0.8539 0.9429
38.9000 0.8636 0.9494
39.0000 0.8733 0.9557
39.1000 0.8832 0.9618
39.2000 0.8932 0.9678
39.3000 0.9033 0.9736
39.4000 0.9135 0.9791
39.5000 0.9238 0.9844
39.6000 0.9342 0.9894
39.7000 0.9448 0.9941
39.8000 0.9554 0.9983
39.9000 0.9662 1.0021
40.0000 0.9772 1.0054
40.1000 0.9883 1.0082
40.2000 0.9997 1.0105
40.3000 1.0069 1.0126
40.4000 1.0101 1.0144
40.5000 1.0152 1.0192
40.6000 1.0215 1.0272
40.7000 1.0278 1.0362
40.8000 1.0336 1.0458
40.9000 1.0390 1.0558
41.0000 1.0441 1.0662
41.1000 1.0488 1.0769
41.2000 1.0530 1.0878
41.3000 1.0568 1.0988
41.4000 1.0602 1.1100
41.5000 1.0630 1.1212
41.6000 1.0653 1.1323
41.7000 1.0667 1.1431
41.8000 1.0673 1.1536
41.9000 1.0669 1.1639
42.0000 1.0655 1.1738
42.1000 1.0631 1.1826
42.2000 1.0605 1.1880
42.3000 1.0585 1.1900
42.4000 1.0579 1.1902
42.5000 1.0579 1.1902
42.6000 1.0586 1.1907
42.7000 1.0588 1.1908
42.8000 1.0575 1.1851
42.9000 1.0564 1.1735
43.0000 1.0551 1.1620
43.1000 1.0537 1.1504
43.2000 1.0522 1.1389
43.3000 1.0505 1.1274
43.4000 1.0486 1.1159
43.5000 1.0466 1.1045
43.6000 1.0443 1.0931
43.7000 1.0418 1.0818
43.8000 1.0391 1.0705
43.9000 1.0360 1.0593
44.0000 1.0327 1.0483
44.1000 1.0290 1.0374
44.2000 1.0249 1.0268
44.3000 1.0203 1.0163
44.4000 1.0152 1.0060
44.5000 1.0096 0.9960
44.6000 1.0043 0.9863
44.7000 1.0031 0.9827
44.8000 1.0027 0.9766
44.9000 1.0035 0.9667
45.0000 1.0053 0.9560
45.1000 1.0077 0.9451
45.2000 1.0108 0.9341
45.3000 1.0144 0.9231
45.4000 1.0185 0.9122
45.5000 1.0230 0.9014
45.6000 1.0280 0.8907
45.7000 1.0333 0.8801
45.8000 1.0390 0.8696
45.9000 1.0450 0.8594
46.0000 1.0514 0.8492
46.1000 1.0580 0.8392
46.2000 1.0650 0.8294
46.3000 1.0722 0.8197
46.4000 1.0797 0.8102
46.5000 1.0874 0.8010
46.6000 1.0953 0.7920
46.7000 1.1034 0.7833
46.8000 1.1119 0.7749
46.9000 1.1205 0.7670
47.0000 1.1294 0.7595
47.1000 1.1384 0.7526
47.2000 1.1478 0.7463
47.3000 1.1574 0.7406
47.4000 1.1672 0.7357
47.5000 1.1755 0.7327
47.6000 1.1797 0.7322
47.7000 1.1808 0.7325
47.8000 1.1809 0.7325
47.9000 1.1808 0.7325
48.0000 1.1809 0.7322
48.1000 1.1806 0.7326
48.2000 1.1723 0.7407
48.3000 1.1641 0.7489
48.4000 1.1559 0.7572
48.5000 1.1477 0.7655
48.6000 1.1397 0.7738
48.7000 1.1317 0.7822
48.8000 1.1237 0.7907
48.9000 1.1159 0.7993
49.0000 1.1081 0.8080
49.1000 1.1005 0.8167
49.2000 1.0929 0.8255
49.3000 1.0854 0.8344
49.4000 1.0780 0.8434
49.5000 1.0708 0.8525
49.6000 1.0636 0.8617
49.7000 1.0567 0.8709
49.8000 1.0498 0.8803
49.9000 1.0431 0.8898
50.0000 1.0366 0.8995
50.1000 1.0303 0.9092
50.2000 1.0236 0.9196
50.3000 1.0167 0.9300
50.4000 1.0097 0.9402
50.5000 1.0025 0.9504
50.6000 0.9952 0.9605
50.7000 0.9878 0.9705
50.8000 0.9803 0.9805
50.9000 0.9726 0.9903
51.0000 0.9648 1.0001
51.1000 0.9570 1.0098
51.2000 0.9490 1.0194
51.3000 0.9409 1.0289
51.4000 0.9327 1.0384
51.5000 0.9244 1.0478
51.6000 0.9160 1.0571
51.7000 0.9075 1.0663
51.8000 0.8989 1.0754
51.9000 0.8902 1.0844
52.0000 0.8815 1.0934
52.1000 0.8727 1.1022
52.2000 0.8637 1.1109
52.3000 0.8547 1.1194
52.4000 0.8456 1.1277
52.5000 0.8364 1.1358
52.6000 0.8271 1.1436
52.7000 0.8177 1.1511
52.8000 0.8081 1.1582
52.9000 0.7983 1.1648
53.0000 0.7883 1.1711
53.1000 0.7781 1.1770
53.2000 0.7678 1.1824
53.3000 0.7571 1.1874
53.4000 0.7463 1.1920
53.5000 0.7352 1.1962
53.6000 0.7240 1.2000
53.7000 0.7125 1.2034
53.8000 0.7009 1.2066
53.9000 0.6891 1.2094
54.0000 0.6772 1.2119
54.1000 0.6653 1.2140
54.2000 0.6533 1.2159
54.3000 0.6413 1.2175
54.4000 0.6293 1.2187
54.5000 0.6172 1.2196
54.6000 0.6051 1.2203
54.7000 0.5930 1.2206
54.8000 0.5808 1.2207
54.9000 0.5686 1.2205
55.0000 0.5563 1.2201
55.1000 0.5440 1.2195
55.2000 0.5317 1.2187
55.3000 0.5194 1.2177
55.4000 0.5071 1.2166
55.5000 0.4948 1.2153
55.6000 0.4825 1.2139
55.7000 0.4702 1.2125
55.8000 0.4579 1.2109
55.9000 0.4456 1.2092
56.0000 0.4333 1.2075
56.1000 0.4210 1.2057
56.2000 0.4087 1.2038
56.3000 0.3964 1.2019
56.4000 0.3842 1.1999
56.5000 0.3719 1.1980
56.6000 0.3596 1.1960
56.7000 0.3474 1.1939
56.8000 0.3351 1.1919
56.9000 0.3228 1.1898
57.0000 0.3106 1.1878
57.1000 0.2983 1.1857
57.2000 0.2860 1.1837
57.3000 0.2738 1.1816
57.4000 0.2615 1.1796
57.5000 0.2492 1.1776
57.6000 0.2369 1.1756
57.7000 0.2247 1.1736
57.8000 0.2124 1.1716
57.9000 0.2001 1.1697
58.0000 0.1878 1.1677
58.1000 0.1755 1.1658
58.2000 0.1632 1.1639
58.3000 0.1509 1.1620
58.4000 0.1386 1.1602
58.5000 0.1263 1.1583
58.6000 0.1140 1.1565
58.7000 0.1016 1.1547
58.8000 0.0893 1.1528
58.9000 0.0770 1.1510
59.0000 0.0646 1.1492
59.1000 0.0523 1.1474
59.2000 0.0400 1.1456
59.3000 0.0276 1.1438
59.4000 0.0153 1.1420
59.5000 0.0029 1.1403
59.6000 -0.0094 1.1385
59.7000 -0.0218 1.1367
59.8000 -0.0341 1.1349
59.9000 -0.0465 1.1331
60.0000 -0.0588 1.1312
60.1000 -0.0712 1.1294
60.2000 -0.0835 1.1276
60.3000 -0.0959 1.1258
60.4000 -0.1082 1.1240
60.5000 -0.1206 1.1221
60.6000 -0.1329 1.1203
60.7000 -0.1453 1.1184
60.8000 -0.1576 1.1166
60.9000 -0.1700 1.1147
61.0000 -0.1823 1.1128
61.1000 -0.1947 1.1110
61.2000 -0.2070 1.1091
61.3000 -0.2194 1.1072
61.4000 -0.2317 1.1053
61.5000 -0.2441 1.1034
61.6000 -0.2564 1.1015
61.7000 -0.2688 1.0996
61.8000 -0.2811 1.0977
61.9000 -0.2935 1.0958
62.0000 -0.3058 1.0939
62.1000 -0.3182 1.0920
62.2000 -0.3305 1.0900
62.3000 -0.3429 1.0881
62.4000 -0.3552 1.0862
62.5000 -0.3675 1.0843
62.6000 -0.3799 1.0824
62.7000 -0.3922 1.0804
62.8000 -0.4046 1.0785
62.9000 -0.4169 1.0766
63.0000 -0.4293 1.0747
63.1000 -0.4416 1.0728
63.2000 -0.4539 1.0709
63.3000 -0.4663 1.0689
63.4000 -0.4786 1.0670
63.5000 -0.4910 1.0651
63.6000 -0.5033 1.0632
63.7000 -0.5157 1.0613
63.8000 -0.5280 1.0594
63.9000 -0.5404 1.0575
64.0000 -0.5527 1.0556
64.1000 -0.5651 1.0537
64.2000 -0.5774 1.0518
64.3000 -0.5898 1.0499
64.4000 -0.6022 1.0480
64.5000 -0.6145 1.0461
64.6000 -0.6269 1.0443
64.7000 -0.6393 1.0424
64.8000 -0.6516 1.0405
64.9000 -0.6640 1.0386
65.0000 -0.6764 1.0367
65.1000 -0.6888 1.0348
65.2000 -0.7012 1.0329
65.3000 -0.7136 1.0310
65.4000 -0.7260 1.0292
65.5000 -0.7384 1.0273
65.6000 -0.7508 1.0254
65.7000 -0.7632 1.0235
65.8000 -0.7756 1.0217
65.9000 -0.7880 1.0198
66.0000 -0.8004 1.0179
66.1000 -0.8128 1.0161
66.2000 -0.8252 1.0143
66.3000 -0.8376 1.0124
66.4000 -0.8500 1.0106
66.5000 -0.8624 1.0088
66.6000 -0.8749 1.0070
66.7000 -0.8873 1.0053
66.8000 -0.8997 1.0035
66.9000 -0.9122 1.0018
67.0000 -0.9246 1.0002
67.1000 -0.9370 0.9985
67.2000 -0.9494 0.9970
67.3000 -0.9618 0.9955
67.4000 -0.9742 0.9941
67.5000 -0.9866 0.9929
67.6000 -0.9985 0.9920
67.7000 -1.0045 0.9909
67.8000 -1.0059 0.9901
67.9000 -1.0102 0.9854
68.0000 -1.0164 0.9763
68.1000 -1.0222 0.9665
68.2000 -1.0276 0.9562
68.3000 -1.0326 0.9456
68.4000 -1.0372 0.9348
68.5000 -1.0415 0.9237
68.6000 -1.0454 0.9124
68.7000 -1.0490 0.9009
68.8000 -1.0522 0.8894
68.9000 -1.0552 0.8777
69.0000 -1.0578 0.8658
69.1000 -1.0601 0.8539
69.2000 -1.0621 0.8420
69.3000 -1.0639 0.8299
69.4000 -1.0654 0.8178
69.5000 -1.0666 0.8056
69.6000 -1.0675 0.7934
69.7000 -1.0682 0.7812
69.8000 -1.0687 0.7689
69.9000 -1.0689 0.7567
70.0000 -1.0689 0.7444
70.1000 -1.0687 0.7321
70.2000 -1.0682 0.7197
70.3000 -1.0676 0.7074
70.4000 -1.0667 0.6951
70.5000 -1.0656 0.6828
70.6000 -1.0643 0.6705
70.7000 -1.0628 0.6582
70.8000 -1.0611 0.6460
70.9000 -1.0592 0.6337
71.0000 -1.0571 0.6215
71.1000 -1.0548 0.6093
71.2000 -1.0523 0.5971
71.3000 -1.0497 0.5849
71.4000 -1.0469 0.5727
71.5000 -1.0440 0.5606
71.6000 -1.0409 0.5485
71.7000 -1.0376 0.5365
71.8000 -1.0342 0.5244
71.9000 -1.0306 0.5124
72.0000 -1.0269 0.5005
72.1000 -1.0231 0.4886
72.2000 -1.0191 0.4767
72.3000 -1.0150 0.4648
72.4000 -1.0108 0.4530
72.5000 -1.0065 0.4413
72.6000 -1.0020 0.4296
72.7000 -0.9974 0.4179
72.8000 -0.9927 0.4062
72.9000 -0.9878 0.3946
73.0000 -0.9829 0.3831
73.1000 -0.9778 0.3716
73.2000 -0.9727 0.3601
73.3000 -0.9674 0.3487
73.4000 -0.9620 0.3373
73.5000 -0.9565 0.3260
73.6000 -0.9509 0.3147
73.7000 -0.9453 0.3035
73.8000 -0.9395 0.2923
73.9000 -0.9336 0.2811
74.0000 -0.9277 0.2700
74.1000 -0.9216 0.2589
74.2000 -0.9155 0.2479
74.3000 -0.9092 0.2369
74.4000 -0.9029 0.2260
74.5000 -0.8966 0.2151
74.6000 -0.8901 0.2043
74.7000 -0.8836 0.1935
74.8000 -0.8769 0.1827
74.9000 -0.8703 0.1720
75.0000 -0.8635 0.1613
75.1000 -0.8567 0.1507
75.2000 -0.8498 0.1401
75.3000 -0.8428 0.1295
75.4000 -0.8358 0.1190
75.5000 -0.8287 0.1085
75.6000 -0.8215 0.0981
75.7000 -0.8143 0.0877
75.8000 -0.8070 0.0774
75.9000 -0.7997 0.0671
76.0000 -0.7923 0.0568
76.1000 -0.7848 0.0466
76.2000 -0.7773 0.0364
76.3000 -0.7697 0.0263
76.4000 -0.7621 0.0162
76.5000 -0.7544 0.0061
76.6000 -0.7467 -0.0039
76.7000 -0.7389 -0.0139
76.8000 -0.7311 -0.0239
76.9000 -0.7232 -0.0338
77.0000 -0.7153 -0.0437
77.1000 -0.7073 -0.0535
77.2000 -0.6993 -0.0633
77.3000 -0.6913 -0.0731
77.4000 -0.6831 -0.0828
77.5000 -0.6750 -0.0925
77.6000 -0.6668 -0.1021
77.7000 -0.6586 -0.1118
77.8000 -0.6503 -0.1213
77.9000 -0.6420 -0.1309
78.0000 -0.6336 -0.1404
78.1000 -0.6252 -0.1499
78.2000 -0.6168 -0.1593
78.3000 -0.6083 -0.1687
78.4000 -0.5998 -0.1781
78.5000 -0.5912 -0.1875
78.6000 -0.5827 -0.1968
78.7000 -0.5741 -0.2060
78.8000 -0.5654 -0.2153
78.9000 -0.5567 -0.2245
79.0000 -0.5480 -0.2337
79.1000 -0.5393 -0.2428
79.2000 -0.5305 -0.2520
79.3000 -0.5217 -0.2610
79.4000 -0.5128 -0.2701
79.5000 -0.5040 -0.2791
79.6000 -0.4951 -0.2881
79.7000 -0.4861 -0.2971
79.8000 -0.4772 -0.3060
79.9000 -0.4682 -0.3149
80.0000 -0.4592 -0.3238
80.1000 -0.4502 -0.3327
80.2000 -0.4411 -0.3415
80.3000 -0.4320 -0.3503
80.4000 -0.4229 -0.3590
80.5000 -0.4138 -0.3678
80.6000 -0.4046 -0.3765
80.7000 -0.3954 -0.3852
80.8000 -0.3862 -0.3939
80.9000 -0.3770 -0.4025
81.0000 -0.3678 -0.4111
81.1000 -0.3585 -0.4197
81.2000 -0.3492 -0.4283
81.3000 -0.3399 -0.4368
81.4000 -0.3306 -0.4453
81.5000 -0.3213 -0.4538
81.6000 -0.3119 -0.4623
81.7000 -0.3026 -0.4707
81.8000 -0.2932 -0.4791
81.9000 -0.2838 -0.4875
82.0000 -0.2744 -0.4959
82.1000 -0.2649 -0.5043
82.2000 -0.2555 -0.5126
82.3000 -0.2460 -0.5209
82.4000 -0.2366 -0.5292
82.5000 -0.2271 -0.5375
82.6000 -0.2176 -0.5457
82.7000 -0.2081 -0.5540
82.8000 -0.1985 -0.5622
82.9000 -0.1890 -0.5704
83.0000 -0.1795 -0.5786
83.1000 -0.1699 -0.5867
83.2000 -0.1604 -0.5949
83.3000 -0.1508 -0.6030
83.4000 -0.1412 -0.6111
83.5000 -0.1316 -0.6192
83.6000 -0.1220 -0.6272
83.7000 -0.1124 -0.6353
83.8000 -0.1028 -0.6433
83.9000 -0.0932 -0.6514
84.0000 -0.0836 -0.6594
84.1000 -0.0740 -0.6674
84.2000 -0.0644 -0.6753
84.3000 -0.0548 -0.6833
84.4000 -0.0451 -0.6912
84.5000 -0.0355 -0.6992
84.6000 -0.0259 -0.7071
84.7000 -0.0163 -0.7150
84.8000 -0.0066 -0.7229
84.9000 0.0030 -0.7308
85.0000 0.0126 -0.7386
85.1000 0.0223 -0.7465
85.2000 0.0319 -0.7543
85.3000 0.0415 -0.7621
85.4000 0.0511 -0.7699
85.5000 0.0608 -0.7777
85.6000 0.0704 -0.7855
85.7000 0.0800 -0.7932
85.8000 0.0896 -0.8010
85.9000 0.0992 -0.8087
86.0000 0.1088 -0.8164
86.1000 0.1184 -0.8241
86.2000 0.1280 -0.8318
86.3000 0.1376 -0.8395
86.4000 0.1472 -0.8471
86.5000 0.1567 -0.8547
86.6000 0.1663 -0.8623
86.7000 0.1759 -0.8699
86.8000 0.1854 -0.8775
86.9000 0.1950 -0.8851
87.0000 0.2045 -0.8926
87.1000 0.2140 -0.9001
87.2000 0.2236 -0.9076
87.3000 0.2331 -0.9151
87.4000 0.2426 -0.9226
87.5000 0.2520 -0.9301
87.6000 0.2615 -0.9375
87.7000 0.2709 -0.9450
87.8000 0.2803 -0.9524
87.9000 0.2897 -0.9599
88.0000 0.2990 -0.9673
88.1000 0.3082 -0.9747
88.2000 0.3175 -0.9822
88.3000 0.3266 -0.9896
88.4000 0.3357 -0.9970
88.5000 0.3447 -1.0045
88.6000 0.3536 -1.0119
88.7000 0.3625 -1.0194
88.8000 0.3712 -1.0269
88.9000 0.3798 -1.0343
89.0000 0.3883 -1.0418
89.1000 0.3966 -1.0494
89.2000 0.4046 -1.0569
89.3000 0.4123 -1.0645
89.4000 0.4197 -1.0723
89.5000 0.4270 -1.0804
89.6000 0.4341 -1.0886
89.7000 0.4413 -1.0970
89.8000 0.4483 -1.1055
89.9000 0.4555 -1.1140
90.0000 0.4627 -1.1224
90.1000 0.4701 -1.1305
90.2000 0.4778 -1.1383
90.3000 0.4857 -1.1459
90.4000 0.4940 -1.1531
90.5000 0.5025 -1.1600
90.6000 0.5114 -1.1666
90.7000 0.5206 -1.1728
90.8000 0.5301 -1.1787
90.9000 0.5399 -1.1843
91.0000 0.5499 -1.1895
91.1000 0.5601 -1.1944
91.2000 0.5707 -1.1991
91.3000 0.5813 -1.2033
91.4000 0.5920 -1.2072
91.5000 0.6029 -1.2106
91.6000 0.6140 -1.2137
91.7000 0.6253 -1.2165
91.8000 0.6366 -1.2189
91.9000 0.6482 -1.2210
92.0000 0.6597 -1.2229
92.1000 0.6713 -1.2244
92.2000 0.6830 -1.2257
92.3000 0.6946 -1.2267
92.4000 0.7062 -1.2274
92.5000 0.7179 -1.2278
92.6000 0.7295 -1.2279
92.7000 0.7412 -1.2277
92.8000 0.7528 -1.2272
92.9000 0.7644 -1.2264
93.0000 0.7760 -1.2254
93.1000 0.7875 -1.2240
93.2000 0.7990 -1.2224
93.3000 0.8104 -1.2206
93.4000 0.8218 -1.2185
93.5000 0.8331 -1.2163
93.6000 0.8444 -1.2138
93.7000 0.8556 -1.2112
93.8000 0.8667 -1.2085
93.9000 0.8778 -1.2058
94.0000 0.8887 -1.2030
94.1000 0.8996 -1.2003
94.2000 0.9104 -1.1978
94.3000 0.9215 -1.1953
94.4000 0.9327 -1.1930
94.5000 0.9442 -1.1908
94.6000 0.9558 -1.1886
94.7000 0.9676 -1.1864
94.8000 0.9795 -1.1842
94.9000 0.9915 -1.1820
95.0000 1.0036 -1.1798
95.1000 1.0158 -1.1776
95.2000 1.0280 -1.1753
95.3000 1.0404 -1.1731
95.4000 1.0527 -1.1708
95.5000 1.0651 -1.1685
95.6000 1.0774 -1.1662
95.7000 1.0897 -1.1638
95.8000 1.1019 -1.1614
95.9000 1.1139 -1.1588
96.0000 1.1257 -1.1560
96.1000 1.1370 -1.1528
96.2000 1.1477 -1.1493
96.3000 1.1575 -1.1453
96.4000 1.1665 -1.1406
96.5000 1.1751 -1.1350
96.6000 1.1832 -1.1284
96.7000 1.1908 -1.1211
96.8000 1.1977 -1.1132
96.9000 1.2042 -1.1044
97.0000 1.2101 -1.0950
97.1000 1.2156 -1.0851
97.2000 1.2206 -1.0748
97.3000 1.2252 -1.0641
97.4000 1.2293 -1.0532
97.5000 1.2329 -1.0419
97.6000 1.2362 -1.0305
97.7000 1.2391 -1.0189
97.8000 1.2416 -1.0071
97.9000 1.2439 -0.9952
98.0000 1.2458 -0.9832
98.1000 1.2475 -0.9710
98.2000 1.2489 -0.9588
98.3000 1.2501 -0.9465
98.4000 1.2511 -0.9341
98.5000 1.2520 -0.9217
98.6000 1.2526 -0.9093
98.7000 1.2531 -0.8968
98.8000 1.2534 -0.8844
98.9000 1.2535 -0.8720
99.0000 1.2534 -0.8596
99.1000 1.2531 -0.8472
99.2000 1.2526 -0.8348
99.3000 1.2520 -0.8225
99.4000 1.2511 -0.8102
99.5000 1.2500 -0.7979
99.6000 1.2487 -0.7857
99.7000 1.2471 -0.7735
99.8000 1.2454 -0.7613
99.9000 1.2434 -0.7492
100.0000 1.2411 -0.7371
100.1000 1.2387 -0.7251
100.2000 1.2363 -0.7171
100.3000 1.2320 -0.7064
100.4000 1.2273 -0.6956
100.5000 1.2226 -0.6848
100.6000 1.2178 -0.6740
100.7000 1.2129 -0.6632
100.8000 1.2080 -0.6524
100.9000 1.2032 -0.6416
101.0000 1.1983 -0.6308
101.1000 1.1934 -0.6199
101.2000 1.1885 -0.6091
101.3000 1.1837 -0.5983
101.4000 1.1788 -0.5875
101.5000 1.1740 -0.5766
101.6000 1.1692 -0.5657
101.7000 1.1645 -0.5549
101.8000 1.1597 -0.5440
101.9000 1.1550 -0.5331
102.0000 1.1504 -0.5222
102.1000 1.1458 -0.5113
102.2000 1.1412 -0.5003
102.3000 1.1366 -0.4894
102.4000 1.1321 -0.4784
102.5000 1.1277 -0.4674
102.6000 1.1233 -0.4565
102.7000 1.1189 -0.4454
102.8000 1.1146 -0.4344
102.9000 1.1103 -0.4234
103.0000 1.1061 -0.4123
103.1000 1.1020 -0.4013
103.2000 1.0978 -0.3902
103.3000 1.0937 -0.3791
103.4000 1.0897 -0.3680
103.5000 1.0857 -0.3569
103.6000 1.0817 -0.3457
103.7000 1.0778 -0.3346
103.8000 1.0739 -0.3234
103.9000 1.0701 -0.3123
104.0000 1.0663 -0.3011
104.1000 1.0625 -0.2899
104.2000 1.0588 -0.2787
104.3000 1.0551 -0.2675
104.4000 1.0515 -0.2563
104.5000 1.0479 -0.2450
104.6000 1.0443 -0.2338
104.7000 1.0408 -0.2226
104.8000 1.0374 -0.2113
104.9000 1.0339 -0.2000
105.0000 1.0305 -0.1887
105.1000 1.0272 -0.1775
105.2000 1.0239 -0.1662
105.3000 1.0206 -0.1548
105.4000 1.0174 -0.1435
105.5000 1.0142 -0.1322
105.6000 1.0111 -0.1209
105.7000 1.0080 -0.1095
105.8000 1.0050 -0.0982
105.9000 1.0020 -0.0868
106.0000 0.9990 -0.0754
106.1000 0.9961 -0.0640
106.2000 0.9932 -0.0526
106.3000 0.9904 -0.0413
106.4000 0.9876 -0.0298
106.5000 0.9848 -0.0184
106.6000 0.9821 -0.0070
106.7000 0.9795 0.0044
106.8000 0.9769 0.0159
106.9000 0.9743 0.0273
107.0000 0.9718 0.0387
107.1000 0.9693 0.0502
107.2000 0.9668 0.0617
107.3000 0.9645 0.0731
107.4000 0.9621 0.0846
107.5000 0.9598 0.0961
107.6000 0.9576 0.1076
107.7000 0.9554 0.1191
107.8000 0.9532 0.1306
107.9000 0.9511 0.1421
108.0000 0.9490 0.1536
108.1000 0.9470 0.1651
108.2000 0.9450 0.1767
108.3000 0.9431 0.1882
108.4000 0.9412 0.1997
108.5000 0.9394 0.2113
108.6000 0.9376 0.2228
108.7000 0.9359 0.2344
108.8000 0.9342 0.2459
108.9000 0.9326 0.2575
109.0000 0.9310 0.2690
109.1000 0.9294 0.2806
109.2000 0.9280 0.2922
109.3000 0.9265 0.3038
109.4000 0.9252 0.3153
109.5000 0.9238 0.3269
109.6000 0.9226 0.3385
109.7000 0.9213 0.3501
109.8000 0.9202 0.3617
109.9000 0.9191 0.3733
110.0000 0.9180 0.3849
110.1000 0.9170 0.3965
110.2000 0.9160 0.4081
110.3000 0.9152 0.4198
110.4000 0.9143 0.4314
110.5000 0.9135 0.4430
110.6000 0.9128 0.4546
110.7000 0.9122 0.4662
110.8000 0.9116 0.4779
110.9000 0.9110 0.4895
111.0000 0.9105 0.5011
111.1000 0.9101 0.5128
111.2000 0.9098 0.5244
111.3000 0.9095 0.5360
111.4000 0.9093 0.5477
111.5000 0.9091 0.5593
111.6000 0.9090 0.5709
111.7000 0.9090 0.5826
111.8000 0.9090 0.5942
111.9000 0.9092 0.6058
112.0000 0.9094 0.6175
112.1000 0.9096 0.6291
112.2000 0.9100 0.6407
112.3000 0.9104 0.6524
112.4000 0.9109 0.6640
112.5000 0.9115 0.6756
112.6000 0.9122 0.6872
112.7000 0.9130 0.6988
112.8000 0.9138 0.7104
112.9000 0.9148 0.7220
113.0000 0.9158 0.7336
113.1000 0.9170 0.7451
113.2000 0.9182 0.7567
113.3000 0.9196 0.7682
113.4000 0.9211 0.7798
113.5000 0.9226 0.7913
113.6000 0.9243 0.8028
113.7000 0.9261 0.8143
113.8000 0.9281 0.8257
113.9000 0.9302 0.8371
114.0000 0.9324 0.8485
114.1000 0.9348 0.8599
114.2000 0.9374 0.8713
114.3000 0.9401 0.8826
114.4000 0.9430 0.8938
114.5000 0.9461 0.9050
114.6000 0.9494 0.9161
114.7000 0.9530 0.9272
114.8000 0.9568 0.9381
114.9000 0.9609 0.9489
115.0000 0.9654 0.9596
115.1000 0.9701 0.9699
115.2000 0.9754 0.9801
115.3000 0.9810 0.9900
115.4000 0.9872 0.9997
115.5000 0.9941 1.0096
115.6000 0.9960 1.0134
115.7000 0.9966 1.0168
115.8000 0.9962 1.0249
115.9000 0.9945 1.0352
116.0000 0.9920 1.0460
116.1000 0.9887 1.0568
116.2000 0.9850 1.0676
116.3000 0.9807 1.0784
116.4000 0.9759 1.0890
116.5000 0.9708 1.0992
116.6000 0.9651 1.1092
116.7000 0.9591 1.1187
116.8000 0.9525 1.1278
116.9000 0.9453 1.1366
117.0000 0.9377 1.1448
117.1000 0.9296 1.1527
117.2000 0.9210 1.1602
117.3000 0.9119 1.1672
117.4000 0.9024 1.1738
117.5000 0.8925 1.1800
117.6000 0.8823 1.1858
117.7000 0.8719 1.1912
117.8000 0.8612 1.1962
117.9000 0.8503 1.2006
118.0000 0.8393 1.2046
118.1000 0.8282 1.2081
118.2000 0.8169 1.2111
118.3000 0.8053 1.2137
118.4000 0.7937 1.2158
118.5000 0.7821 1.2175
118.6000 0.7705 1.2186
118.7000 0.7590 1.2191
118.8000 0.7477 1.2190
118.9000 0.7368 1.2182
119.0000 0.7263 1.2166
119.1000 0.7165 1.2141
119.2000 0.7076 1.2108
119.3000 0.7007 1.2068
119.4000 0.6971 1.2035
119.5000 0.6969 1.2031
119.6000 0.6969 1.2033
119.7000 0.6967 1.2038
119.8000 0.6970 1.2036
119.9000 0.7076 1.1991
120.0000 0.7183 1.1945
120.1000 0.7289 1.1899
120.2000 0.7396 1.1853
120.3000 0.7502 1.1806
120.4000 0.7608 1.1758
120.5000 0.7714 1.1710
120.6000 0.7819 1.1661
120.7000 0.7924 1.1611
120.8000 0.8029 1.1560
120.9000 0.8133 1.1508
121.0000 0.8236 1.1455
121.1000 0.8339 1.1402
121.2000 0.8442 1.1347
121.3000 0.8543 1.1290
121.4000 0.8644 1.1233
121.5000 0.8745 1.1175
121.6000 0.8845 1.1115
121.7000 0.8943 1.1054
121.8000 0.9041 1.0991
121.9000 0.9138 1.0927
122.0000 0.9234 1.0861
122.1000 0.9329 1.0794
122.2000 0.9422 1.0724
122.3000 0.9513 1.0653
122.4000 0.9602 1.0579
122.5000 0.9689 1.0503
122.6000 0.9773 1.0425
122.7000 0.9853 1.0344
122.8000 0.9930 1.0259
122.9000 1.0003 1.0170
123.0000 1.0072 1.0078
123.1000 1.0140 0.9985
123.2000 1.0168 0.9958
123.3000 1.0218 0.9930
123.4000 1.0311 0.9896
123.5000 1.0415 0.9868
123.6000 1.0525 0.9845
123.7000 1.0637 0.9827
123.8000 1.0752 0.9814
123.9000 1.0868 0.9806
124.0000 1.0985 0.9803
124.1000 1.1098 0.9804
124.2000 1.1208 0.9813
124.3000 1.1316 0.9829
124.4000 1.1422 0.9852
124.5000 1.1523 0.9883
124.6000 1.1619 0.9923
124.7000 1.1714 0.9972
124.8000 1.1804 1.0028
124.9000 1.1880 1.0088
125.0000 1.1936 1.0147
125.1000 1.1964 1.0195
125.2000 1.1972 1.0229
125.3000 1.1971 1.0235
125.4000 1.1972 1.0234
125.5000 1.1979 1.0230
125.6000 1.1979 1.0230
125.7000 1.1877 1.0205
125.8000 1.1768 1.0174
125.9000 1.1657 1.0143
126.0000 1.1545 1.0111
126.1000 1.1433 1.0080
126.2000 1.1321 1.0050
126.3000 1.1208 1.0022
126.4000 1.1095 0.9995
126.5000 1.0982 0.9970
126.6000 1.0868 0.9947
126.7000 1.0754 0.9927
126.8000 1.0639 0.9910
126.9000 1.0525 0.9897
127.0000 1.0411 0.9888
127.1000 1.0297 0.9883
127.2000 1.0182 0.9884
127.3000 1.0068 0.9890
127.4000 0.9949 0.9902
127.5000 0.9905 0.9900
127.6000 0.9872 0.9888
127.7000 0.9805 0.9846
127.8000 0.9724 0.9780
127.9000 0.9643 0.9705
128.0000 0.9565 0.9624
128.1000 0.9489 0.9537
128.2000 0.9417 0.9447
128.3000 0.9348 0.9353
128.4000 0.9282 0.9256
128.5000 0.9219 0.9156
128.6000 0.9160 0.9053
128.7000 0.9103 0.8949
128.8000 0.9049 0.8842
128.9000 0.8999 0.8733
129.0000 0.8951 0.8623
129.1000 0.8906 0.8511
129.2000 0.8865 0.8398
129.3000 0.8825 0.8284
129.4000 0.8789 0.8168
129.5000 0.8756 0.8051
129.6000 0.8725 0.7934
129.7000 0.8696 0.7815
129.8000 0.8671 0.7696
129.9000 0.8647 0.7576
130.0000 0.8627 0.7456
130.1000 0.8609 0.7335
130.2000 0.8593 0.7213
130.3000 0.8579 0.7091
130.4000 0.8568 0.6969
130.5000 0.8560 0.6846
130.6000 0.8553 0.6724
130.7000 0.8549 0.6600
130.8000 0.8547 0.6477
130.9000 0.8547 0.6354
131.0000 0.8549 0.6231
131.1000 0.8554 0.6107
131.2000 0.8560 0.5984
131.3000 0.8569 0.5861
131.4000 0.8579 0.5737
131.5000 0.8592 0.5614
131.6000 0.8606 0.5491
131.7000 0.8623 0.5368
131.8000 0.8641 0.5246
131.9000 0.8661 0.5123
132.0000 0.8683 0.5001
132.1000 0.8707 0.4879
132.2000 0.8733 0.4758
132.3000 0.8760 0.4637
132.4000 0.8790 0.4516
132.5000 0.8821 0.4395
132.6000 0.8853 0.4275
132.7000 0.8888 0.4156
132.8000 0.8924 0.4037
132.9000 0.8961 0.3918
133.0000 0.9001 0.3800
133.1000 0.9041 0.3682
133.2000 0.9084 0.3565
133.3000 0.9128 0.3448
133.4000 0.9173 0.3332
133.5000 0.9220 0.3216
133.6000 0.9269 0.3101
133.7000 0.9319 0.2987
133.8000 0.9371 0.2873
133.9000 0.9423 0.2760
134.0000 0.9478 0.2648
134.1000 0.9534 0.2536
134.2000 0.9591 0.2425
134.3000 0.9649 0.2315
134.4000 0.9709 0.2206
134.5000 0.9771 0.2098
134.6000 0.9834 0.1991
134.7000 0.9898 0.1885
134.8000 0.9964 0.1781
134.9000 1.0032 0.1678
135.0000 1.0102 0.1576
135.1000 1.0173 0.1476
135.2000 1.0246 0.1378
135.3000 1.0322 0.1283
135.4000 1.0399 0.1189
135.5000 1.0478 0.1098
135.6000 1.0559 0.1011
135.7000 1.0643 0.0927
135.8000 1.0729 0.0848
135.9000 1.0816 0.0774
136.0000 1.0905 0.0709
136.1000 1.0991 0.0655
136.2000 1.1068 0.0621
136.3000 1.1125 0.0609
136.4000 1.1134 0.0611
136.5000 1.1135 0.0611
136.6000 1.1133 0.0607
136.7000 1.1133 0.0611
136.8000 1.1111 0.0704
136.9000 1.1078 0.0812
137.0000 1.1043 0.0922
137.1000 1.1006 0.1032
137.2000 1.0969 0.1142
137.3000 1.0931 0.1252
137.4000 1.0893 0.1362
137.5000 1.0855 0.1472
137.6000 1.0818 0.1583
137.7000 1.0780 0.1694
137.8000 1.0743 0.1804
137.9000 1.0707 0.1915
138.0000 1.0670 0.2026
138.1000 1.0635 0.2137
138.2000 1.0599 0.2248
138.3000 1.0564 0.2360
138.4000 1.0530 0.2471
138.5000 1.0496 0.2583
138.6000 1.0462 0.2694
138.7000 1.0429 0.2806
138.8000 1.0396 0.2918
138.9000 1.0364 0.3030
139.0000 1.0332 0.3142
139.1000 1.0301 0.3255
139.2000 1.0270 0.3367
139.3000 1.0240 0.3480
139.4000 1.0210 0.3593
139.5000 1.0181 0.3705
139.6000 1.0153 0.3818
139.7000 1.0125 0.3931
139.8000 1.0097 0.4045
139.9000 1.0070 0.4158
140.0000 1.0044 0.4271
140.1000 1.0018 0.4385
140.2000 0.9992 0.4499
140.3000 0.9968 0.4613
140.4000 0.9944 0.4726
140.5000 0.9920 0.4840
140.6000 0.9897 0.4955
140.7000 0.9875 0.5069
140.8000 0.9853 0.5183
140.9000 0.9832 0.5298
141.0000 0.9812 0.5412
141.1000 0.9792 0.5527
141.2000 0.9773 0.5642
141.3000 0.9755 0.5757
141.4000 0.9737 0.5872
141.5000 0.9720 0.5987
141.6000 0.9704 0.6102
141.7000 0.9688 0.6217
141.8000 0.9674 0.6333
141.9000 0.9660 0.6448
142.0000 0.9647 0.6564
142.1000 0.9635 0.6679
142.2000 0.9623 0.6795
142.3000 0.9613 0.6911
142.4000 0.9603 0.7027
142.5000 0.9594 0.7142
142.6000 0.9587 0.7258
142.7000 0.9580 0.7375
142.8000 0.9574 0.7491
142.9000 0.9570 0.7607
143.0000 0.9566 0.7723
143.1000 0.9564 0.7839
143.2000 0.9563 0.7955
143.3000 0.9563 0.8072
143.4000 0.9565 0.8188
143.5000 0.9568 0.8304
143.6000 0.9572 0.8420
143.7000 0.9578 0.8536
143.8000 0.9586 0.8652
143.9000 0.9595 0.8768
144.0000 0.9606 0.8884
144.1000 0.9620 0.8999
144.2000 0.9636 0.9114
144.3000 0.9654 0.9229
144.4000 0.9675 0.9343
144.5000 0.9699 0.9456
144.6000 0.9727 0.9567
144.7000 0.9759 0.9677
144.8000 0.9795 0.9785
144.9000 0.9837 0.9892
145.0000 0.9883 0.9997
145.1000 0.9937 1.0108
145.2000 0.9949 1.0147
145.3000 0.9950 1.0186
145.4000 0.9934 1.0276
145.5000 0.9905 1.0379
145.6000 0.9868 1.0484
145.7000 0.9825 1.0589
145.8000 0.9777 1.0693
145.9000 0.9724 1.0796
146.0000 0.9666 1.0897
146.1000 0.9604 1.0996
146.2000 0.9539 1.1090
146.3000 0.9469 1.1180
146.4000 0.9395 1.1267
146.5000 0.9316 1.1349
146.6000 0.9233 1.1428
146.7000 0.9145 1.1502
146.8000 0.9054 1.1572
146.9000 0.8958 1.1638
147.0000 0.8859 1.1701
147.1000 0.8757 1.1759
147.2000 0.8652 1.1813
147.3000 0.8544 1.1864
147.4000 0.8434 1.1911
147.5000 0.8323 1.1955
147.6000 0.8209 1.1995
147.7000 0.8093 1.2032
147.8000 0.7976 1.2066
147.9000 0.7858 1.2098
148.0000 0.7739 1.2126
148.1000 0.7619 1.2152
148.2000 0.7499 1.2175
148.3000 0.7378 1.2196
148.4000 0.7257 1.2214
148.5000 0.7135 1.2229
148.6000 0.7014 1.2241
148.7000 0.6893 1.2250
148.8000 0.6771 1.2255
148.9000 0.6651 1.2257
149.0000 0.6530 1.2256
149.1000 0.6411 1.2250
149.2000 0.6292 1.2241
149.3000 0.6174 1.2227
149.4000 0.6058 1.2209
149.5000 0.5943 1.2186
149.6000 0.5831 1.2158
149.7000 0.5720 1.2125
149.8000 0.5613 1.2087
149.9000 0.5510 1.2043
150.0000 0.5413 1.1994
150.1000 0.5327 1.1940
150.2000 0.5236 1.1882
150.3000 0.5138 1.1827
150.4000 0.5034 1.1776
150.5000 0.4927 1.1729
150.6000 0.4817 1.1685
150.7000 0.4705 1.1643
150.8000 0.4591 1.1605
150.9000 0.4476 1.1569
151.0000 0.4360 1.1535
151.1000 0.4242 1.1504
151.2000 0.4123 1.1474
151.3000 0.4004 1.1445
151.4000 0.3884 1.1419
151.5000 0.3764 1.1393
151.6000 0.3643 1.1369
151.7000 0.3522 1.1346
151.8000 0.3400 1.1324
151.9000 0.3278 1.1303
152.0000 0.3156 1.1283
152.1000 0.3034 1.1263
152.2000 0.2911 1.1244
152.3000 0.2788 1.1226
152.4000 0.2665 1.1208
152.5000 0.2542 1.1191
152.6000 0.2419 1.1174
152.7000 0.2296 1.1158
152.8000 0.2173 1.1142
152.9000 0.2049 1.1126
153.0000 0.1926 1.1111
153.1000 0.1802 1.1096
153.2000 0.1679 1.1081
153.3000 0.1555 1.1067
153.4000 0.1431 1.1052
153.5000 0.1308 1.1038
153.6000 0.1184 1.1024
153.7000 0.1060 1.1010
153.8000 0.0936 1.0996
153.9000 0.0812 1.0982
154.0000 0.0688 1.0968
154.1000 0.0565 1.0955
154.2000 0.0441 1.0941
154.3000 0.0317 1.0928
154.4000 0.0193 1.0914
154.5000 0.0069 1.0901
154.6000 -0.0055 1.0887
154.7000 -0.0180 1.0874
154.8000 -0.0304 1.0860
154.9000 -0.0428 1.0846
155.0000 -0.0552 1.0833
155.1000 -0.0676 1.0819
155.2000 -0.0800 1.0806
155.3000 -0.0924 1.0792
155.4000 -0.1048 1.0779
155.5000 -0.1172 1.0765
155.6000 -0.1296 1.0751
155.7000 -0.1420 1.0738
155.8000 -0.1544 1.0724
155.9000 -0.1668 1.0710
156.0000 -0.1792 1.0697
156.1000 -0.1916 1.0683
156.2000 -0.2040 1.0670
156.3000 -0.2165 1.0656
156.4000 -0.2289 1.0643
156.5000 -0.2413 1.0629
156.6000 -0.2537 1.0616
156.7000 -0.2661 1.0602
156.8000 -0.2785 1.0589
156.9000 -0.2909 1.0575
157.0000 -0.3033 1.0562
157.1000 -0.3157 1.0549
157.2000 -0.3281 1.0535
157.3000 -0.3405 1.0522
157.4000 -0.3529 1.0509
157.5000 -0.3653 1.0495
157.6000 -0.3777 1.0482
157.7000 -0.3901 1.0469
157.8000 -0.4025 1.0456
157.9000 -0.4149 1.0443
158.0000 -0.4273 1.0430
158.1000 -0.4397 1.0417
158.2000 -0.4521 1.0404
158.3000 -0.4645 1.0391
158.4000 -0.4770 1.0378
158.5000 -0.4894 1.0365
158.6000 -0.5018 1.0353
158.7000 -0.5142 1.0340
158.8000 -0.5266 1.0327
158.9000 -0.5390 1.0315
159.0000 -0.5514 1.0302
159.1000 -0.5639 1.0290
159.2000 -0.5763 1.0277
159.3000 -0.5887 1.0265
159.4000 -0.6012 1.0252
159.5000 -0.6136 1.0240
159.6000 -0.6260 1.0227
159.7000 -0.6385 1.0215
159.8000 -0.6509 1.0203
159.9000 -0.6634 1.0190
160.0000 -0.6758 1.0178
160.1000 -0.6883 1.0166
160.2000 -0.7007 1.0154
160.3000 -0.7132 1.0141
160.4000 -0.7257 1.0129
160.5000 -0.7381 1.0117
160.6000 -0.7506 1.0105
160.7000 -0.7631 1.0093
160.8000 -0.7755 1.0081
160.9000 -0.7880 1.0069
161.0000 -0.8005 1.0058
161.1000 -0.8130 1.0046
161.2000 -0.8254 1.0034
161.3000 -0.8379 1.0023
161.4000 -0.8504 1.0012
161.5000 -0.8629 1.0001
161.6000 -0.8754 0.9990
161.7000 -0.8879 0.9979
161.8000 -0.9004 0.9969
161.9000 -0.9129 0.9959
162.0000 -0.9254 0.9949
162.1000 -0.9378 0.9940
162.2000 -0.9503 0.9932
162.3000 -0.9628 0.9924
162.4000 -0.9752 0.9918
162.5000 -0.9875 0.9914
162.6000 -0.9994 0.9913
162.7000 -1.0040 0.9906
162.8000 -1.0053 0.9899
162.9000 -1.0088 0.9861
163.0000 -1.0145 0.9769
163.1000 -1.0198 0.9669
163.2000 -1.0248 0.9564
163.3000 -1.0293 0.9456
163.4000 -1.0334 0.9346
163.5000 -1.0371 0.9234
163.6000 -1.0405 0.9119
163.7000 -1.0435 0.9003
163.8000 -1.0462 0.8886
163.9000 -1.0486 0.8768
164.0000 -1.0506 0.8649
164.1000 -1.0523 0.8529
164.2000 -1.0537 0.8409
164.3000 -1.0549 0.8287
164.4000 -1.0557 0.8166
164.5000 -1.0563 0.8044
164.6000 -1.0566 0.7922
164.7000 -1.0567 0.7799
164.8000 -1.0565 0.7677
164.9000 -1.0561 0.7554
165.0000 -1.0554 0.7432
165.1000 -1.0545 0.7309
165.2000 -1.0534 0.7186
165.3000 -1.0521 0.7064
165.4000 -1.0505 0.6941
165.5000 -1.0487 0.6819
165.6000 -1.0467 0.6697
165.7000 -1.0446 0.6575
165.8000 -1.0422 0.6453
165.9000 -1.0396 0.6331
166.0000 -1.0369 0.6210
166.1000 -1.0339 0.6089
166.2000 -1.0309 0.5968
166.3000 -1.0276 0.5848
166.4000 -1.0242 0.5728
166.5000 -1.0207 0.5608
166.6000 -1.0169 0.5489
166.7000 -1.0131 0.5370
166.8000 -1.0091 0.5251
166.9000 -1.0049 0.5133
167.0000 -1.0007 0.5015
167.1000 -0.9963 0.4898
167.2000 -0.9917 0.4781
167.3000 -0.9871 0.4665
167.4000 -0.9823 0.4549
167.5000 -0.9774 0.4433
167.6000 -0.9724 0.4318
167.7000 -0.9672 0.4203
167.8000 -0.9620 0.4089
167.9000 -0.9566 0.3976
168.0000 -0.9511 0.3862
168.1000 -0.9456 0.3749
168.2000 -0.9399 0.3637
168.3000 -0.9341 0.3525
168.4000 -0.9282 0.3414
168.5000 -0.9223 0.3303
168.6000 -0.9162 0.3192
168.7000 -0.9101 0.3082
168.8000 -0.9039 0.2972
168.9000 -0.8975 0.2863
169.0000 -0.8912 0.2754
169.1000 -0.8847 0.2645
169.2000 -0.8781 0.2537
169.3000 -0.8715 0.2430
169.4000 -0.8648 0.2323
169.5000 -0.8580 0.2216
169.6000 -0.8512 0.2110
169.7000 -0.8443 0.2004
169.8000 -0.8373 0.1899
169.9000 -0.8302 0.1794
170.0000 -0.8231 0.1689
170.1000 -0.8159 0.1585
170.2000 -0.8087 0.1481
170.3000 -0.8014 0.1378
170.4000 -0.7940 0.1275
170.5000 -0.7866 0.1173
170.6000 -0.7791 0.1071
170.7000 -0.7716 0.0969
170.8000 -0.7640 0.0868
170.9000 -0.7563 0.0767
171.0000 -0.7486 0.0666
171.1000 -0.7409 0.0566
171.2000 -0.7331 0.0466
171.3000 -0.7252 0.0367
171.4000 -0.7173 0.0268
171.5000 -0.7094 0.0170
171.6000 -0.7014 0.0071
171.7000 -0.6933 -0.0026
171.8000 -0.6852 -0.0124
171.9000 -0.6771 -0.0221
172.0000 -0.6689 -0.0318
172.1000 -0.6607 -0.0414
172.2000 -0.6524 -0.0510
172.3000 -0.6441 -0.0606
172.4000 -0.6358 -0.0701
172.5000 -0.6274 -0.0796
172.6000 -0.6190 -0.0891
172.7000 -0.6105 -0.0985
172.8000 -0.6020 -0.1079
