0.0000 0.0000 0.0000
0.1000 0.0107 -0.0004
0.2000 0.0213 -0.0017
0.3000 0.0318 -0.0039
0.4000 0.0421 -0.0069
0.5000 0.0522 -0.0107
0.6000 0.0618 -0.0154
0.7000 0.0711 -0.0208
0.8000 0.0799 -0.0269
0.9000 0.0881 -0.0337
1.0000 0.0958 -0.0412
1.1000 0.1029 -0.0493
1.2000 0.1092 -0.0579
1.3000 0.1149 -0.0670
1.4000 0.1197 -0.0765
1.5000 0.1238 -0.0864
1.6000 0.1271 -0.0967
1.7000 0.1295 -0.1071
1.8000 0.1311 -0.1177
1.9000 0.1318 -0.1284
2.0000 0.1316 -0.1391
2.1000 0.1306 -0.1498
2.2000 0.1287 -0.1604
2.3000 0.1260 -0.1708
2.4000 0.1224 -0.1809
2.5000 0.1180 -0.1907
2.6000 0.1129 -0.2002
2.7000 0.1070 -0.2092
2.8000 0.1004 -0.2177
2.9000 0.0931 -0.2256
3.0000 0.0853 -0.2330
3.1000 0.0768 -0.2397
3.2000 0.0679 -0.2457
3.3000 0.0585 -0.2510
3.4000 0.0487 -0.2555
3.5000 0.0386 -0.2592
3.6000 0.0282 -0.2622
3.7000 0.0176 -0.2643
3.8000 0.0069 -0.2655
3.9000 -0.0039 -0.2659
4.0000 -0.0146 -0.2655
4.1000 -0.0254 -0.2642
4.2000 -0.0359 -0.2621
4.3000 -0.0463 -0.2592
4.4000 -0.0565 -0.2554
4.5000 -0.0663 -0.2509
4.6000 -0.0757 -0.2456
4.7000 -0.0846 -0.2396
4.8000 -0.0931 -0.2329
4.9000 -0.1010 -0.2256
5.0000 -0.1084 -0.2176
5.1000 -0.1151 -0.2092
5.2000 -0.1211 -0.2002
5.3000 -0.1263 -0.1908
5.4000 -0.1309 -0.1809
5.5000 -0.1346 -0.1708
5.6000 -0.1375 -0.1604
5.7000 -0.1397 -0.1498
5.8000 -0.1409 -0.1391
5.9000 -0.1414 -0.1283
6.0000 -0.1410 -0.1175
6.1000 -0.1398 -0.1067
6.2000 -0.1377 -0.0961
6.3000 -0.1348 -0.0856
6.4000 -0.1312 -0.0754
6.5000 -0.1267 -0.0655
6.6000 -0.1215 -0.0560
6.7000 -0.1156 -0.0469
6.8000 -0.1090 -0.0383
6.9000 -0.1018 -0.0302
7.0000 -0.0940 -0.0226
7.1000 -0.0856 -0.0157
7.2000 -0.0767 -0.0094
7.3000 -0.0674 -0.0039
7.4000 -0.0577 0.0010
7.5000 -0.0477 0.0052
7.6000 -0.0374 0.0086
7.7000 -0.0269 0.0112
7.8000 -0.0163 0.0130
7.9000 -0.0055 0.0141
8.0000 0.0053 0.0144
8.1000 0.0161 0.0140
8.2000 0.0269 0.0127
8.3000 0.0375 0.0107
8.4000 0.0480 0.0079
8.5000 0.0582 0.0043
8.6000 0.0682 -0.0000
8.7000 0.0778 -0.0051
8.8000 0.0870 -0.0109
8.9000 0.0958 -0.0174
9.0000 0.1040 -0.0245
9.1000 0.1117 -0.0322
9.2000 0.1188 -0.0404
9.3000 0.1252 -0.0492
9.4000 0.1310 -0.0584
9.5000 0.1360 -0.0680
9.6000 0.1403 -0.0780
9.7000 0.1438 -0.0883
9.8000 0.1466 -0.0988
9.9000 0.1485 -0.1095
10.0000 0.1497 -0.1204
10.1000 0.1500 -0.1312
10.2000 0.1495 -0.1421
10.3000 0.1482 -0.1529
10.4000 0.1460 -0.1636
10.5000 0.1431 -0.1741
10.6000 0.1394 -0.1843
10.7000 0.1350 -0.1943
10.8000 0.1298 -0.2039
10.9000 0.1239 -0.2131
11.0000 0.1174 -0.2218
11.1000 0.1102 -0.2300
11.2000 0.1024 -0.2377
11.3000 0.0941 -0.2448
11.4000 0.0853 -0.2512
11.5000 0.0760 -0.2570
11.6000 0.0663 -0.2620
11.7000 0.0563 -0.2664
11.8000 0.0460 -0.2700
11.9000 0.0354 -0.2728
12.0000 0.0247 -0.2749
12.1000 0.0138 -0.2761
12.2000 0.0029 -0.2766
12.3000 -0.0080 -0.2763
12.4000 -0.0189 -0.2751
12.5000 -0.0297 -0.2732
12.6000 -0.0403 -0.2705
12.7000 -0.0507 -0.2670
12.8000 -0.0608 -0.2628
12.9000 -0.0705 -0.2578
13.0000 -0.0799 -0.2522
13.1000 -0.0888 -0.2459
13.2000 -0.0973 -0.2389
13.3000 -0.1052 -0.2314
13.4000 -0.1125 -0.2233
13.5000 -0.1193 -0.2146
13.6000 -0.1253 -0.2055
13.7000 -0.1307 -0.1960
13.8000 -0.1354 -0.1861
13.9000 -0.1394 -0.1759
14.0000 -0.1426 -0.1655
14.1000 -0.1450 -0.1548
14.2000 -0.1467 -0.1440
14.3000 -0.1476 -0.1331
14.4000 -0.1476 -0.1221
14.5000 -0.1469 -0.1112
14.6000 -0.1454 -0.1003
14.7000 -0.1431 -0.0896
14.8000 -0.1400 -0.0791
14.9000 -0.1362 -0.0688
15.0000 -0.1317 -0.0588
15.1000 -0.1264 -0.0491
15.2000 -0.1205 -0.0399
15.3000 -0.1139 -0.0311
15.4000 -0.1068 -0.0228
15.5000 -0.0990 -0.0150
15.6000 -0.0908 -0.0078
15.7000 -0.0821 -0.0011
15.8000 -0.0729 0.0049
15.9000 -0.0635 0.0102
16.0000 -0.0537 0.0150
16.1000 -0.0438 0.0190
16.2000 -0.0337 0.0225
16.3000 -0.0236 0.0254
16.4000 -0.0134 0.0277
16.5000 -0.0031 0.0296
16.6000 0.0072 0.0309
16.7000 0.0175 0.0318
16.8000 0.0279 0.0322
16.9000 0.0385 0.0321
17.0000 0.0491 0.0314
17.1000 0.0597 0.0301
17.2000 0.0702 0.0282
17.3000 0.0807 0.0256
17.4000 0.0911 0.0224
17.5000 0.1013 0.0184
17.6000 0.1112 0.0138
17.7000 0.1208 0.0084
17.8000 0.1300 0.0024
17.9000 0.1388 -0.0042
18.0000 0.1470 -0.0115
18.1000 0.1548 -0.0193
18.2000 0.1620 -0.0276
18.3000 0.1685 -0.0365
18.4000 0.1744 -0.0457
18.5000 0.1797 -0.0554
18.6000 0.1842 -0.0654
18.7000 0.1880 -0.0757
18.8000 0.1911 -0.0863
18.9000 0.1935 -0.0970
19.0000 0.1950 -0.1079
19.1000 0.1958 -0.1189
19.2000 0.1958 -0.1299
19.3000 0.1950 -0.1409
19.4000 0.1935 -0.1518
19.5000 0.1912 -0.1625
19.6000 0.1881 -0.1731
19.7000 0.1843 -0.1835
19.8000 0.1798 -0.1935
19.9000 0.1746 -0.2032
20.0000 0.1687 -0.2126
20.1000 0.1622 -0.2215
20.2000 0.1551 -0.2299
20.3000 0.1474 -0.2378
20.4000 0.1392 -0.2451
20.5000 0.1305 -0.2519
20.6000 0.1213 -0.2581
20.7000 0.1117 -0.2635
20.8000 0.1018 -0.2684
20.9000 0.0915 -0.2725
21.0000 0.0810 -0.2759
21.1000 0.0703 -0.2786
21.2000 0.0594 -0.2805
21.3000 0.0484 -0.2816
21.4000 0.0374 -0.2821
21.5000 0.0264 -0.2817
21.6000 0.0154 -0.2806
21.7000 0.0045 -0.2787
21.8000 -0.0063 -0.2761
21.9000 -0.0168 -0.2727
22.0000 -0.0271 -0.2687
22.1000 -0.0370 -0.2639
22.2000 -0.0467 -0.2585
22.3000 -0.0559 -0.2524
22.4000 -0.0647 -0.2457
22.5000 -0.0729 -0.2384
22.6000 -0.0807 -0.2305
22.7000 -0.0879 -0.2221
22.8000 -0.0945 -0.2133
22.9000 -0.1005 -0.2040
23.0000 -0.1058 -0.1943
23.1000 -0.1105 -0.1843
23.2000 -0.1144 -0.1740
23.3000 -0.1177 -0.1634
23.4000 -0.1201 -0.1526
23.5000 -0.1219 -0.1417
23.6000 -0.1229 -0.1307
23.7000 -0.1231 -0.1197
23.8000 -0.1226 -0.1086
23.9000 -0.1213 -0.0976
24.0000 -0.1192 -0.0867
24.1000 -0.1165 -0.0760
24.2000 -0.1130 -0.0655
24.3000 -0.1088 -0.0553
24.4000 -0.1039 -0.0453
24.5000 -0.0983 -0.0358
24.6000 -0.0922 -0.0266
24.7000 -0.0854 -0.0178
24.8000 -0.0782 -0.0096
24.9000 -0.0705 -0.0018
25.0000 -0.0625 0.0054
25.1000 -0.0542 0.0120
25.2000 -0.0458 0.0182
25.3000 -0.0375 0.0239
25.4000 -0.0293 0.0292
25.5000 -0.0215 0.0342
25.6000 -0.0143 0.0391
25.7000 -0.0076 0.0438
25.8000 -0.0017 0.0486
25.9000 0.0034 0.0534
26.0000 0.0077 0.0583
26.1000 0.0111 0.0632
26.2000 0.0136 0.0683
26.3000 0.0153 0.0732
26.4000 0.0161 0.0784
26.5000 0.0163 0.0845
26.6000 0.0157 0.0921
26.7000 0.0146 0.1010
26.8000 0.0135 0.1109
26.9000 0.0126 0.1214
27.0000 0.0122 0.1321
27.1000 0.0123 0.1430
27.2000 0.0131 0.1540
27.3000 0.0145 0.1649
27.4000 0.0165 0.1757
27.5000 0.0192 0.1864
27.6000 0.0226 0.1969
27.7000 0.0265 0.2072
27.8000 0.0310 0.2172
27.9000 0.0359 0.2268
28.0000 0.0412 0.2361
28.1000 0.0468 0.2449
28.2000 0.0524 0.2533
28.3000 0.0578 0.2612
28.4000 0.0628 0.2685
28.5000 0.0669 0.2753
28.6000 0.0702 0.2817
28.7000 0.0727 0.2879
28.8000 0.0744 0.2943
28.9000 0.0756 0.3012
29.0000 0.0763 0.3092
29.1000 0.0767 0.3182
29.2000 0.0771 0.3280
29.3000 0.0777 0.3384
29.4000 0.0788 0.3490
29.5000 0.0803 0.3597
29.6000 0.0823 0.3704
29.7000 0.0849 0.3811
29.8000 0.0881 0.3917
29.9000 0.0918 0.4020
30.0000 0.0960 0.4121
30.1000 0.1007 0.4220
30.2000 0.1058 0.4315
30.3000 0.1113 0.4407
30.4000 0.1169 0.4495
30.5000 0.1226 0.4579
30.6000 0.1281 0.4659
30.7000 0.1331 0.4734
30.8000 0.1376 0.4805
30.9000 0.1413 0.4874
31.0000 0.1443 0.4942
31.1000 0.1468 0.5012
31.2000 0.1488 0.5089
31.3000 0.1506 0.5174
31.4000 0.1523 0.5267
31.5000 0.1541 0.5366
31.6000 0.1562 0.5468
31.7000 0.1587 0.5572
31.8000 0.1616 0.5676
31.9000 0.1651 0.5780
32.0000 0.1690 0.5883
32.1000 0.1733 0.5984
32.2000 0.1782 0.6082
32.3000 0.1835 0.6178
32.4000 0.1891 0.6271
32.5000 0.1951 0.6361
32.6000 0.2013 0.6447
32.7000 0.2075 0.6530
32.8000 0.2136 0.6608
32.9000 0.2194 0.6683
33.0000 0.2247 0.6755
33.1000 0.2294 0.6825
33.2000 0.2335 0.6894
33.3000 0.2371 0.6966
33.4000 0.2404 0.7043
33.5000 0.2435 0.7126
33.6000 0.2467 0.7217
33.7000 0.2500 0.7312
33.8000 0.2536 0.7409
33.9000 0.2575 0.7509
34.0000 0.2619 0.7608
34.1000 0.2666 0.7706
34.2000 0.2718 0.7803
34.3000 0.2773 0.7898
34.4000 0.2833 0.7990
34.5000 0.2897 0.8080
34.6000 0.2964 0.8166
34.7000 0.3033 0.8250
34.8000 0.3105 0.8330
34.9000 0.3177 0.8406
35.0000 0.3249 0.8479
35.1000 0.3318 0.8550
35.2000 0.3384 0.8617
35.3000 0.3446 0.8684
35.4000 0.3502 0.8750
35.5000 0.3555 0.8818
35.6000 0.3605 0.8890
35.7000 0.3654 0.8967
35.8000 0.3704 0.9048
35.9000 0.3756 0.9134
36.0000 0.3810 0.9222
36.1000 0.3867 0.9311
36.2000 0.3927 0.9400
36.3000 0.3991 0.9488
36.4000 0.4058 0.9575
36.5000 0.4129 0.9659
36.6000 0.4203 0.9741
36.7000 0.4281 0.9819
36.8000 0.4361 0.9895
36.9000 0.4443 0.9967
37.0000 0.4528 1.0036
37.1000 0.4613 1.0101
37.2000 0.4699 1.0163
37.3000 0.4785 1.0223
37.4000 0.4869 1.0280
37.5000 0.4952 1.0336
37.6000 0.5031 1.0391
37.7000 0.5107 1.0446
37.8000 0.5182 1.0503
37.9000 0.5255 1.0561
38.0000 0.5328 1.0623
38.1000 0.5402 1.0687
38.2000 0.5477 1.0753
38.3000 0.5555 1.0821
38.4000 0.5636 1.0889
38.5000 0.5719 1.0957
38.6000 0.5805 1.1023
38.7000 0.5894 1.1087
38.8000 0.5986 1.1148
38.9000 0.6080 1.1207
39.0000 0.6177 1.1261
39.1000 0.6276 1.1312
39.2000 0.6377 1.1360
39.3000 0.6480 1.1403
39.4000 0.6585 1.1442
39.5000 0.6690 1.1477
39.6000 0.6797 1.1508
39.7000 0.6904 1.1535
39.8000 0.7010 1.1559
39.9000 0.7117 1.1580
40.0000 0.7223 1.1597
40.1000 0.7327 1.1613
40.2000 0.7430 1.1627
40.3000 0.7532 1.1640
40.4000 0.7633 1.1653
40.5000 0.7733 1.1667
40.6000 0.7834 1.1680
40.7000 0.7935 1.1694
40.8000 0.8039 1.1707
40.9000 0.8143 1.1719
41.0000 0.8250 1.1730
41.1000 0.8358 1.1739
41.2000 0.8468 1.1745
41.3000 0.8578 1.1748
41.4000 0.8690 1.1747
41.5000 0.8802 1.1742
41.6000 0.8914 1.1732
41.7000 0.9026 1.1719
41.8000 0.9137 1.1701
41.9000 0.9248 1.1678
42.0000 0.9359 1.1651
42.1000 0.9468 1.1619
42.2000 0.9575 1.1583
42.3000 0.9682 1.1542
42.4000 0.9786 1.1497
42.5000 0.9889 1.1447
42.6000 0.9990 1.1392
42.7000 1.0088 1.1333
42.8000 1.0184 1.1270
42.9000 1.0276 1.1201
43.0000 1.0366 1.1129
43.1000 1.0452 1.1052
43.2000 1.0535 1.0971
43.3000 1.0613 1.0887
43.4000 1.0688 1.0798
43.5000 1.0758 1.0706
43.6000 1.0823 1.0611
43.7000 1.0884 1.0512
43.8000 1.0940 1.0411
43.9000 1.0990 1.0307
44.0000 1.1036 1.0200
44.1000 1.1076 1.0092
44.2000 1.1111 0.9982
44.3000 1.1140 0.9870
44.4000 1.1164 0.9757
44.5000 1.1182 0.9642
44.6000 1.1194 0.9527
44.7000 1.1201 0.9412
44.8000 1.1202 0.9296
44.9000 1.1197 0.9181
45.0000 1.1186 0.9066
45.1000 1.1170 0.8951
45.2000 1.1148 0.8838
45.3000 1.1120 0.8726
45.4000 1.1087 0.8615
45.5000 1.1048 0.8506
45.6000 1.1004 0.8400
45.7000 1.0955 0.8295
45.8000 1.0900 0.8193
45.9000 1.0840 0.8094
46.0000 1.0776 0.7999
46.1000 1.0707 0.7906
46.2000 1.0633 0.7817
46.3000 1.0555 0.7732
46.4000 1.0473 0.7651
46.5000 1.0386 0.7574
46.6000 1.0296 0.7502
46.7000 1.0203 0.7434
46.8000 1.0106 0.7371
46.9000 1.0006 0.7313
47.0000 0.9904 0.7261
47.1000 0.9799 0.7213
47.2000 0.9691 0.7171
47.3000 0.9582 0.7134
47.4000 0.9471 0.7103
47.5000 0.9358 0.7077
47.6000 0.9244 0.7057
47.7000 0.9130 0.7043
47.8000 0.9015 0.7035
47.9000 0.8900 0.7033
48.0000 0.8784 0.7036
48.1000 0.8669 0.7046
48.2000 0.8555 0.7061
48.3000 0.8442 0.7082
48.4000 0.8330 0.7109
48.5000 0.8219 0.7141
48.6000 0.8110 0.7179
48.7000 0.8004 0.7223
48.8000 0.7899 0.7272
48.9000 0.7798 0.7326
49.0000 0.7699 0.7385
49.1000 0.7604 0.7450
49.2000 0.7512 0.7519
49.3000 0.7423 0.7593
49.4000 0.7339 0.7671
49.5000 0.7258 0.7753
49.6000 0.7183 0.7840
49.7000 0.7111 0.7930
49.8000 0.7045 0.8024
49.9000 0.6983 0.8121
50.0000 0.6927 0.8221
50.1000 0.6876 0.8324
50.2000 0.6830 0.8430
50.3000 0.6790 0.8538
50.4000 0.6756 0.8647
50.5000 0.6727 0.8759
50.6000 0.6704 0.8871
50.7000 0.6687 0.8985
50.8000 0.6676 0.9099
50.9000 0.6672 0.9214
51.0000 0.6673 0.9329
51.1000 0.6680 0.9443
51.2000 0.6693 0.9557
51.3000 0.6713 0.9670
51.4000 0.6738 0.9782
51.5000 0.6769 0.9893
51.6000 0.6806 1.0001
51.7000 0.6848 1.0108
51.8000 0.6896 1.0211
51.9000 0.6949 1.0313
52.0000 0.7008 1.0411
52.1000 0.7071 1.0506
52.2000 0.7140 1.0598
52.3000 0.7213 1.0685
52.4000 0.7291 1.0769
52.5000 0.7373 1.0849
52.6000 0.7459 1.0924
52.7000 0.7549 1.0995
52.8000 0.7643 1.1060
52.9000 0.7741 1.1121
53.0000 0.7841 1.1176
53.1000 0.7944 1.1226
53.2000 0.8050 1.1270
53.3000 0.8158 1.1308
53.4000 0.8268 1.1341
53.5000 0.8379 1.1367
53.6000 0.8492 1.1388
53.7000 0.8606 1.1402
53.8000 0.8720 1.1411
53.9000 0.8835 1.1413
54.0000 0.8949 1.1409
54.1000 0.9063 1.1399
54.2000 0.9177 1.1383
54.3000 0.9290 1.1362
54.4000 0.9401 1.1334
54.5000 0.9511 1.1300
54.6000 0.9618 1.1260
54.7000 0.9724 1.1215
54.8000 0.9827 1.1165
54.9000 0.9927 1.1109
55.0000 1.0024 1.1048
55.1000 1.0118 1.0982
55.2000 1.0208 1.0911
55.3000 1.0294 1.0836
55.4000 1.0377 1.0757
55.5000 1.0455 1.0675
55.6000 1.0529 1.0590
55.7000 1.0598 1.0503
55.8000 1.0664 1.0414
55.9000 1.0726 1.0323
56.0000 1.0785 1.0232
56.1000 1.0841 1.0141
56.2000 1.0894 1.0050
56.3000 1.0946 0.9961
56.4000 1.0996 0.9873
56.5000 1.1045 0.9786
56.6000 1.1095 0.9701
56.7000 1.1145 0.9618
56.8000 1.1196 0.9536
56.9000 1.1249 0.9457
57.0000 1.1303 0.9378
57.1000 1.1359 0.9301
57.2000 1.1417 0.9225
57.3000 1.1478 0.9149
57.4000 1.1540 0.9072
57.5000 1.1605 0.8995
57.6000 1.1670 0.8917
57.7000 1.1736 0.8837
57.8000 1.1802 0.8755
57.9000 1.1868 0.8671
58.0000 1.1933 0.8585
58.1000 1.1996 0.8496
58.2000 1.2058 0.8405
58.3000 1.2116 0.8311
58.4000 1.2172 0.8214
58.5000 1.2225 0.8115
58.6000 1.2273 0.8014
58.7000 1.2318 0.7911
58.8000 1.2359 0.7806
58.9000 1.2395 0.7699
59.0000 1.2428 0.7591
59.1000 1.2455 0.7481
59.2000 1.2478 0.7370
59.3000 1.2497 0.7259
59.4000 1.2510 0.7146
59.5000 1.2519 0.7033
59.6000 1.2523 0.6920
59.7000 1.2523 0.6808
59.8000 1.2518 0.6695
59.9000 1.2508 0.6583
60.0000 1.2495 0.6472
60.1000 1.2477 0.6362
60.2000 1.2456 0.6253
60.3000 1.2432 0.6146
60.4000 1.2405 0.6041
60.5000 1.2377 0.5937
60.6000 1.2347 0.5836
60.7000 1.2317 0.5737
60.8000 1.2288 0.5640
60.9000 1.2261 0.5547
61.0000 1.2237 0.5455
61.1000 1.2217 0.5367
61.2000 1.2202 0.5280
61.3000 1.2192 0.5195
61.4000 1.2188 0.5111
61.5000 1.2190 0.5026
61.6000 1.2197 0.4942
61.7000 1.2209 0.4856
61.8000 1.2227 0.4769
61.9000 1.2249 0.4681
62.0000 1.2276 0.4591
62.1000 1.2306 0.4500
62.2000 1.2338 0.4407
62.3000 1.2373 0.4312
62.4000 1.2408 0.4214
62.5000 1.2443 0.4115
62.6000 1.2477 0.4013
62.7000 1.2509 0.3910
62.8000 1.2539 0.3805
62.9000 1.2567 0.3699
63.0000 1.2592 0.3591
63.1000 1.2613 0.3482
63.2000 1.2631 0.3371
63.3000 1.2644 0.3260
63.4000 1.2654 0.3149
63.5000 1.2660 0.3037
63.6000 1.2661 0.2924
63.7000 1.2659 0.2813
63.8000 1.2653 0.2701
63.9000 1.2643 0.2591
64.0000 1.2630 0.2481
64.1000 1.2614 0.2373
64.2000 1.2596 0.2266
64.3000 1.2575 0.2161
64.4000 1.2554 0.2057
64.5000 1.2532 0.1956
64.6000 1.2511 0.1856
64.7000 1.2490 0.1759
64.8000 1.2472 0.1663
64.9000 1.2457 0.1570
65.0000 1.2445 0.1478
65.1000 1.2437 0.1387
65.2000 1.2434 0.1298
65.3000 1.2434 0.1208
65.4000 1.2439 0.1118
65.5000 1.2449 0.1027
65.6000 1.2462 0.0936
65.7000 1.2479 0.0842
65.8000 1.2499 0.0747
65.9000 1.2520 0.0650
66.0000 1.2544 0.0551
66.1000 1.2567 0.0449
66.2000 1.2590 0.0346
66.3000 1.2612 0.0242
66.4000 1.2633 0.0135
66.5000 1.2651 0.0028
66.6000 1.2667 -0.0081
66.7000 1.2680 -0.0190
66.8000 1.2690 -0.0301
66.9000 1.2696 -0.0412
67.0000 1.2699 -0.0523
67.1000 1.2699 -0.0634
67.2000 1.2695 -0.0745
67.3000 1.2688 -0.0855
67.4000 1.2679 -0.0964
67.5000 1.2666 -0.1072
67.6000 1.2652 -0.1180
67.7000 1.2636 -0.1286
67.8000 1.2618 -0.1391
67.9000 1.2600 -0.1494
68.0000 1.2582 -0.1595
68.1000 1.2564 -0.1695
68.2000 1.2548 -0.1794
68.3000 1.2533 -0.1891
68.4000 1.2521 -0.1987
68.5000 1.2511 -0.2081
68.6000 1.2505 -0.2176
68.7000 1.2501 -0.2270
68.8000 1.2501 -0.2365
68.9000 1.2504 -0.2460
69.0000 1.2509 -0.2555
69.1000 1.2517 -0.2651
69.2000 1.2528 -0.2748
69.3000 1.2541 -0.2846
69.4000 1.2555 -0.2945
69.5000 1.2571 -0.3045
69.6000 1.2587 -0.3147
69.7000 1.2604 -0.3250
69.8000 1.2620 -0.3355
69.9000 1.2635 -0.3460
70.0000 1.2648 -0.3567
70.1000 1.2660 -0.3675
70.2000 1.2669 -0.3784
70.3000 1.2677 -0.3893
70.4000 1.2682 -0.4002
70.5000 1.2684 -0.4112
70.6000 1.2684 -0.4221
70.7000 1.2681 -0.4331
70.8000 1.2676 -0.4440
70.9000 1.2669 -0.4548
71.0000 1.2660 -0.4656
71.1000 1.2650 -0.4763
71.2000 1.2637 -0.4870
71.3000 1.2624 -0.4976
71.4000 1.2609 -0.5082
71.5000 1.2593 -0.5187
71.6000 1.2576 -0.5291
71.7000 1.2558 -0.5395
71.8000 1.2541 -0.5498
71.9000 1.2523 -0.5600
72.0000 1.2505 -0.5702
72.1000 1.2488 -0.5804
72.2000 1.2471 -0.5904
72.3000 1.2455 -0.6005
72.4000 1.2441 -0.6105
72.5000 1.2427 -0.6204
72.6000 1.2415 -0.6303
72.7000 1.2405 -0.6402
72.8000 1.2396 -0.6501
72.9000 1.2389 -0.6599
73.0000 1.2385 -0.6698
73.1000 1.2382 -0.6796
73.2000 1.2381 -0.6896
73.3000 1.2382 -0.6996
73.4000 1.2384 -0.7098
73.5000 1.2386 -0.7201
73.6000 1.2389 -0.7306
73.7000 1.2391 -0.7412
73.8000 1.2392 -0.7519
73.9000 1.2392 -0.7628
74.0000 1.2390 -0.7737
74.1000 1.2385 -0.7847
74.2000 1.2379 -0.7957
74.3000 1.2369 -0.8067
74.4000 1.2357 -0.8178
74.5000 1.2342 -0.8288
74.6000 1.2324 -0.8398
74.7000 1.2304 -0.8508
74.8000 1.2280 -0.8617
74.9000 1.2254 -0.8726
75.0000 1.2224 -0.8833
75.1000 1.2192 -0.8940
75.2000 1.2157 -0.9046
75.3000 1.2120 -0.9150
75.4000 1.2081 -0.9253
75.5000 1.2041 -0.9355
75.6000 1.1998 -0.9456
75.7000 1.1955 -0.9555
75.8000 1.1911 -0.9653
75.9000 1.1865 -0.9751
76.0000 1.1819 -0.9849
76.1000 1.1770 -0.9947
76.2000 1.1720 -1.0044
76.3000 1.1667 -1.0142
76.4000 1.1611 -1.0239
76.5000 1.1552 -1.0336
76.6000 1.1489 -1.0431
76.7000 1.1423 -1.0525
76.8000 1.1353 -1.0617
76.9000 1.1280 -1.0706
77.0000 1.1202 -1.0793
77.1000 1.1121 -1.0876
77.2000 1.1036 -1.0957
77.3000 1.0948 -1.1033
77.4000 1.0857 -1.1106
77.5000 1.0762 -1.1175
77.6000 1.0664 -1.1240
77.7000 1.0564 -1.1301
77.8000 1.0461 -1.1357
77.9000 1.0356 -1.1409
78.0000 1.0248 -1.1456
78.1000 1.0139 -1.1498
78.2000 1.0028 -1.1536
78.3000 0.9915 -1.1568
78.4000 0.9801 -1.1596
78.5000 0.9686 -1.1619
78.6000 0.9570 -1.1637
78.7000 0.9453 -1.1650
78.8000 0.9336 -1.1658
78.9000 0.9219 -1.1661
79.0000 0.9101 -1.1659
79.1000 0.8984 -1.1652
79.2000 0.8867 -1.1640
79.3000 0.8751 -1.1622
79.4000 0.8636 -1.1600
79.5000 0.8522 -1.1573
79.6000 0.8409 -1.1541
79.7000 0.8297 -1.1504
79.8000 0.8187 -1.1463
79.9000 0.8079 -1.1417
80.0000 0.7974 -1.1366
80.1000 0.7870 -1.1311
80.2000 0.7769 -1.1251
80.3000 0.7670 -1.1187
80.4000 0.7575 -1.1119
80.5000 0.7482 -1.1047
80.6000 0.7393 -1.0970
80.7000 0.7306 -1.0891
80.8000 0.7224 -1.0807
80.9000 0.7145 -1.0720
81.0000 0.7069 -1.0630
81.1000 0.6998 -1.0537
81.2000 0.6931 -1.0440
81.3000 0.6868 -1.0341
81.4000 0.6809 -1.0240
81.5000 0.6754 -1.0135
81.6000 0.6704 -1.0029
81.7000 0.6659 -0.9921
81.8000 0.6618 -0.9811
81.9000 0.6582 -0.9699
82.0000 0.6551 -0.9585
82.1000 0.6525 -0.9471
82.2000 0.6503 -0.9355
82.3000 0.6487 -0.9239
82.4000 0.6475 -0.9122
82.5000 0.6469 -0.9005
82.6000 0.6467 -0.8887
82.7000 0.6471 -0.8770
82.8000 0.6479 -0.8653
82.9000 0.6492 -0.8536
83.0000 0.6511 -0.8420
83.1000 0.6534 -0.8305
83.2000 0.6562 -0.8191
83.3000 0.6595 -0.8078
83.4000 0.6633 -0.7967
83.5000 0.6676 -0.7857
83.6000 0.6723 -0.7750
83.7000 0.6775 -0.7644
83.8000 0.6831 -0.7541
83.9000 0.6891 -0.7440
84.0000 0.6956 -0.7342
84.1000 0.7025 -0.7247
84.2000 0.7098 -0.7155
84.3000 0.7175 -0.7066
84.4000 0.7255 -0.6981
84.5000 0.7340 -0.6899
84.6000 0.7427 -0.6821
84.7000 0.7518 -0.6746
84.8000 0.7612 -0.6675
84.9000 0.7709 -0.6609
85.0000 0.7808 -0.6547
85.1000 0.7910 -0.6489
85.2000 0.8015 -0.6435
85.3000 0.8122 -0.6386
85.4000 0.8231 -0.6341
85.5000 0.8341 -0.6301
85.6000 0.8453 -0.6266
85.7000 0.8567 -0.6236
85.8000 0.8682 -0.6210
85.9000 0.8797 -0.6189
86.0000 0.8914 -0.6173
86.1000 0.9031 -0.6162
86.2000 0.9148 -0.6157
86.3000 0.9266 -0.6156
86.4000 0.9384 -0.6160
86.5000 0.9501 -0.6168
86.6000 0.9618 -0.6182
86.7000 0.9734 -0.6201
86.8000 0.9849 -0.6225
86.9000 0.9964 -0.6253
87.0000 1.0077 -0.6286
87.1000 1.0188 -0.6324
87.2000 1.0298 -0.6366
87.3000 1.0406 -0.6413
87.4000 1.0512 -0.6465
87.5000 1.0615 -0.6521
87.6000 1.0717 -0.6581
87.7000 1.0815 -0.6645
87.8000 1.0911 -0.6713
87.9000 1.1005 -0.6785
88.0000 1.1095 -0.6861
88.1000 1.1181 -0.6941
88.2000 1.1265 -0.7024
88.3000 1.1345 -0.7111
88.4000 1.1421 -0.7201
88.5000 1.1494 -0.7294
88.6000 1.1563 -0.7389
88.7000 1.1628 -0.7488
88.8000 1.1688 -0.7589
88.9000 1.1745 -0.7693
89.0000 1.1797 -0.7798
89.1000 1.1845 -0.7906
89.2000 1.1889 -0.8016
89.3000 1.1928 -0.8127
89.4000 1.1962 -0.8240
89.5000 1.1992 -0.8354
89.6000 1.2017 -0.8469
89.7000 1.2038 -0.8585
89.8000 1.2054 -0.8702
89.9000 1.2066 -0.8820
90.0000 1.2072 -0.8938
90.1000 1.2074 -0.9056
90.2000 1.2072 -0.9173
90.3000 1.2065 -0.9291
90.4000 1.2053 -0.9409
90.5000 1.2037 -0.9526
90.6000 1.2016 -0.9642
90.7000 1.1991 -0.9757
90.8000 1.1961 -0.9871
90.9000 1.1927 -0.9984
91.0000 1.1888 -1.0096
91.1000 1.1846 -1.0206
91.2000 1.1799 -1.0314
91.3000 1.1748 -1.0421
91.4000 1.1693 -1.0525
91.5000 1.1634 -1.0628
91.6000 1.1571 -1.0728
91.7000 1.1504 -1.0825
91.8000 1.1434 -1.0920
91.9000 1.1360 -1.1013
92.0000 1.1282 -1.1102
92.1000 1.1201 -1.1188
92.2000 1.1116 -1.1271
92.3000 1.1029 -1.1351
92.4000 1.0938 -1.1428
92.5000 1.0845 -1.1501
92.6000 1.0748 -1.1570
92.7000 1.0650 -1.1635
92.8000 1.0548 -1.1697
92.9000 1.0445 -1.1754
93.0000 1.0339 -1.1808
93.1000 1.0231 -1.1858
93.2000 1.0121 -1.1903
93.3000 1.0010 -1.1944
93.4000 0.9897 -1.1981
93.5000 0.9783 -1.2013
93.6000 0.9668 -1.2041
93.7000 0.9552 -1.2065
93.8000 0.9435 -1.2084
93.9000 0.9317 -1.2099
94.0000 0.9199 -1.2109
94.1000 0.9080 -1.2114
94.2000 0.8962 -1.2115
94.3000 0.8843 -1.2112
94.4000 0.8725 -1.2104
94.5000 0.8607 -1.2091
94.6000 0.8489 -1.2074
94.7000 0.8373 -1.2052
94.8000 0.8257 -1.2026
94.9000 0.8142 -1.1996
95.0000 0.8029 -1.1961
95.1000 0.7917 -1.1922
95.2000 0.7806 -1.1879
95.3000 0.7697 -1.1831
95.4000 0.7591 -1.1780
95.5000 0.7486 -1.1724
95.6000 0.7383 -1.1664
95.7000 0.7283 -1.1601
95.8000 0.7185 -1.1533
95.9000 0.7090 -1.1462
96.0000 0.6998 -1.1388
96.1000 0.6908 -1.1310
96.2000 0.6822 -1.1228
96.3000 0.6739 -1.1144
96.4000 0.6659 -1.1056
96.5000 0.6582 -1.0965
96.6000 0.6509 -1.0872
96.7000 0.6440 -1.0775
96.8000 0.6374 -1.0676
96.9000 0.6312 -1.0575
97.0000 0.6254 -1.0471
97.1000 0.6200 -1.0366
97.2000 0.6150 -1.0258
97.3000 0.6104 -1.0149
97.4000 0.6063 -1.0037
97.5000 0.6025 -0.9925
97.6000 0.5992 -0.9811
97.7000 0.5964 -0.9695
97.8000 0.5939 -0.9579
97.9000 0.5919 -0.9462
98.0000 0.5904 -0.9344
98.1000 0.5893 -0.9226
98.2000 0.5886 -0.9108
98.3000 0.5884 -0.8989
98.4000 0.5887 -0.8870
98.5000 0.5894 -0.8752
98.6000 0.5905 -0.8634
98.7000 0.5921 -0.8516
98.8000 0.5942 -0.8399
98.9000 0.5967 -0.8283
99.0000 0.5996 -0.8168
99.1000 0.6029 -0.8054
99.2000 0.6067 -0.7941
99.3000 0.6110 -0.7830
99.4000 0.6156 -0.7721
99.5000 0.6206 -0.7614
99.6000 0.6261 -0.7508
99.7000 0.6319 -0.7405
99.8000 0.6382 -0.7304
99.9000 0.6448 -0.7206
100.0000 0.6518 -0.7110
100.1000 0.6592 -0.7016
100.2000 0.6669 -0.6926
100.3000 0.6749 -0.6839
100.4000 0.6833 -0.6755
100.5000 0.6919 -0.6674
100.6000 0.7009 -0.6596
100.7000 0.7102 -0.6522
100.8000 0.7197 -0.6452
100.9000 0.7295 -0.6385
101.0000 0.7395 -0.6322
101.1000 0.7497 -0.6263
101.2000 0.7601 -0.6208
101.3000 0.7707 -0.6157
101.4000 0.7814 -0.6109
101.5000 0.7922 -0.6065
101.6000 0.8031 -0.6025
101.7000 0.8142 -0.5988
101.8000 0.8254 -0.5955
101.9000 0.8367 -0.5925
102.0000 0.8482 -0.5900
102.1000 0.8597 -0.5878
102.2000 0.8714 -0.5861
102.3000 0.8831 -0.5848
102.4000 0.8949 -0.5840
102.5000 0.9067 -0.5836
102.6000 0.9185 -0.5837
102.7000 0.9303 -0.5842
102.8000 0.9420 -0.5853
102.9000 0.9537 -0.5868
103.0000 0.9654 -0.5887
103.1000 0.9769 -0.5911
103.2000 0.9884 -0.5940
103.3000 0.9997 -0.5974
103.4000 1.0109 -0.6012
103.5000 1.0219 -0.6054
103.6000 1.0327 -0.6101
103.7000 1.0433 -0.6153
103.8000 1.0537 -0.6208
103.9000 1.0639 -0.6268
104.0000 1.0738 -0.6332
104.1000 1.0835 -0.6400
104.2000 1.0928 -0.6472
104.3000 1.1019 -0.6548
104.4000 1.1106 -0.6627
104.5000 1.1190 -0.6710
104.6000 1.1270 -0.6796
104.7000 1.1347 -0.6885
104.8000 1.1421 -0.6977
104.9000 1.1490 -0.7073
105.0000 1.1555 -0.7171
105.1000 1.1617 -0.7272
105.2000 1.1674 -0.7375
105.3000 1.1727 -0.7480
105.4000 1.1775 -0.7588
105.5000 1.1819 -0.7697
105.6000 1.1859 -0.7808
105.7000 1.1894 -0.7921
105.8000 1.1924 -0.8035
105.9000 1.1950 -0.8150
106.0000 1.1971 -0.8266
106.1000 1.1987 -0.8383
106.2000 1.1998 -0.8500
106.3000 1.2005 -0.8618
106.4000 1.2007 -0.8736
106.5000 1.2003 -0.8854
106.6000 1.1996 -0.8972
106.7000 1.1983 -0.9089
106.8000 1.1965 -0.9206
106.9000 1.1943 -0.9321
107.0000 1.1916 -0.9436
107.1000 1.1885 -0.9550
107.2000 1.1848 -0.9662
107.3000 1.1808 -0.9773
107.4000 1.1762 -0.9882
107.5000 1.1713 -0.9989
107.6000 1.1659 -1.0094
107.7000 1.1600 -1.0196
107.8000 1.1538 -1.0296
107.9000 1.1471 -1.0394
108.0000 1.1401 -1.0488
108.1000 1.1327 -1.0580
108.2000 1.1249 -1.0668
108.3000 1.1168 -1.0754
108.4000 1.1083 -1.0835
108.5000 1.0995 -1.0914
108.6000 1.0903 -1.0988
108.7000 1.0809 -1.1059
108.8000 1.0712 -1.1126
108.9000 1.0612 -1.1188
109.0000 1.0510 -1.1247
109.1000 1.0405 -1.1301
109.2000 1.0299 -1.1351
109.3000 1.0190 -1.1397
109.4000 1.0079 -1.1437
109.5000 0.9967 -1.1474
109.6000 0.9854 -1.1505
109.7000 0.9739 -1.1532
109.8000 0.9624 -1.1554
109.9000 0.9507 -1.1571
110.0000 0.9390 -1.1583
110.1000 0.9273 -1.1591
110.2000 0.9155 -1.1593
110.3000 0.9037 -1.1590
110.4000 0.8920 -1.1583
110.5000 0.8803 -1.1570
110.6000 0.8687 -1.1553
110.7000 0.8571 -1.1531
110.8000 0.8457 -1.1504
110.9000 0.8343 -1.1472
111.0000 0.8232 -1.1435
111.1000 0.8122 -1.1394
111.2000 0.8014 -1.1348
111.3000 0.7907 -1.1297
111.4000 0.7804 -1.1243
111.5000 0.7702 -1.1183
111.6000 0.7603 -1.1120
111.7000 0.7507 -1.1052
111.8000 0.7414 -1.0980
111.9000 0.7325 -1.0904
112.0000 0.7238 -1.0825
112.1000 0.7155 -1.0742
112.2000 0.7076 -1.0655
112.3000 0.7000 -1.0566
112.4000 0.6928 -1.0473
112.5000 0.6860 -1.0377
112.6000 0.6797 -1.0278
112.7000 0.6737 -1.0177
112.8000 0.6682 -1.0074
112.9000 0.6631 -0.9968
113.0000 0.6585 -0.9861
113.1000 0.6543 -0.9752
113.2000 0.6505 -0.9643
113.3000 0.6471 -0.9532
113.4000 0.6442 -0.9422
113.5000 0.6415 -0.9313
113.6000 0.6391 -0.9206
113.7000 0.6369 -0.9102
113.8000 0.6346 -0.9002
113.9000 0.6322 -0.8908
114.0000 0.6296 -0.8820
114.1000 0.6266 -0.8737
114.2000 0.6230 -0.8660
114.3000 0.6189 -0.8586
114.4000 0.6140 -0.8512
114.5000 0.6084 -0.8437
114.6000 0.6022 -0.8359
114.7000 0.5955 -0.8280
114.8000 0.5885 -0.8197
114.9000 0.5815 -0.8113
115.0000 0.5745 -0.8025
115.1000 0.5676 -0.7935
115.2000 0.5610 -0.7843
115.3000 0.5545 -0.7749
115.4000 0.5484 -0.7652
115.5000 0.5425 -0.7553
115.6000 0.5369 -0.7452
115.7000 0.5317 -0.7350
115.8000 0.5268 -0.7246
115.9000 0.5222 -0.7141
116.0000 0.5179 -0.7035
116.1000 0.5140 -0.6929
116.2000 0.5103 -0.6822
116.3000 0.5069 -0.6716
116.4000 0.5037 -0.6610
116.5000 0.5007 -0.6505
116.6000 0.4978 -0.6403
116.7000 0.4949 -0.6302
116.8000 0.4919 -0.6203
116.9000 0.4888 -0.6108
117.0000 0.4855 -0.6014
117.1000 0.4820 -0.5922
117.2000 0.4782 -0.5831
117.3000 0.4740 -0.5739
117.4000 0.4696 -0.5648
117.5000 0.4650 -0.5555
117.6000 0.4602 -0.5460
117.7000 0.4553 -0.5364
117.8000 0.4504 -0.5267
117.9000 0.4456 -0.5168
118.0000 0.4408 -0.5068
118.1000 0.4362 -0.4966
118.2000 0.4318 -0.4863
118.3000 0.4275 -0.4759
118.4000 0.4235 -0.4654
118.5000 0.4197 -0.4549
118.6000 0.4161 -0.4442
118.7000 0.4127 -0.4336
118.8000 0.4095 -0.4229
118.9000 0.4065 -0.4122
119.0000 0.4036 -0.4015
119.1000 0.4009 -0.3909
119.2000 0.3983 -0.3804
119.3000 0.3957 -0.3700
119.4000 0.3932 -0.3597
119.5000 0.3906 -0.3494
119.6000 0.3880 -0.3393
119.7000 0.3852 -0.3293
119.8000 0.3824 -0.3193
119.9000 0.3794 -0.3093
120.0000 0.3763 -0.2993
120.1000 0.3731 -0.2892
120.2000 0.3698 -0.2791
120.3000 0.3665 -0.2688
120.4000 0.3632 -0.2585
120.5000 0.3599 -0.2481
120.6000 0.3567 -0.2376
120.7000 0.3535 -0.2271
120.8000 0.3505 -0.2164
120.9000 0.3476 -0.2057
121.0000 0.3448 -0.1950
121.1000 0.3422 -0.1841
121.2000 0.3398 -0.1733
121.3000 0.3375 -0.1624
121.4000 0.3353 -0.1516
121.5000 0.3333 -0.1407
121.6000 0.3314 -0.1299
121.7000 0.3296 -0.1191
121.8000 0.3278 -0.1083
121.9000 0.3262 -0.0976
122.0000 0.3245 -0.0869
122.1000 0.3229 -0.0763
122.2000 0.3213 -0.0657
122.3000 0.3196 -0.0552
122.4000 0.3179 -0.0446
122.5000 0.3162 -0.0341
122.6000 0.3145 -0.0235
122.7000 0.3127 -0.0129
122.8000 0.3109 -0.0022
122.9000 0.3092 0.0085
123.0000 0.3074 0.0192
123.1000 0.3058 0.0300
123.2000 0.3042 0.0409
123.3000 0.3026 0.0518
123.4000 0.3012 0.0627
123.5000 0.2998 0.0737
123.6000 0.2986 0.0847
123.7000 0.2975 0.0957
123.8000 0.2965 0.1067
123.9000 0.2956 0.1178
124.0000 0.2949 0.1288
124.1000 0.2942 0.1398
124.2000 0.2937 0.1508
124.3000 0.2932 0.1618
124.4000 0.2928 0.1728
124.5000 0.2926 0.1838
124.6000 0.2923 0.1947
124.7000 0.2921 0.2056
124.8000 0.2920 0.2165
124.9000 0.2919 0.2274
125.0000 0.2918 0.2383
125.1000 0.2918 0.2492
125.2000 0.2918 0.2601
125.3000 0.2918 0.2710
125.4000 0.2919 0.2819
125.5000 0.2920 0.2928
125.6000 0.2922 0.3038
125.7000 0.2924 0.3148
125.8000 0.2927 0.3258
125.9000 0.2930 0.3368
126.0000 0.2935 0.3478
126.1000 0.2940 0.3588
126.2000 0.2947 0.3699
126.3000 0.2954 0.3809
126.4000 0.2962 0.3920
126.5000 0.2972 0.4030
126.6000 0.2982 0.4141
126.7000 0.2994 0.4251
126.8000 0.3007 0.4361
126.9000 0.3020 0.4471
127.0000 0.3035 0.4581
127.1000 0.3051 0.4691
127.2000 0.3067 0.4801
127.3000 0.3085 0.4910
127.4000 0.3103 0.5019
127.5000 0.3123 0.5128
127.6000 0.3143 0.5237
127.7000 0.3164 0.5345
127.8000 0.3186 0.5453
127.9000 0.3208 0.5562
128.0000 0.3232 0.5670
128.1000 0.3256 0.5778
128.2000 0.3281 0.5886
128.3000 0.3307 0.5993
128.4000 0.3333 0.6101
128.5000 0.3361 0.6208
128.6000 0.3390 0.6316
128.7000 0.3419 0.6423
128.8000 0.3450 0.6530
128.9000 0.3482 0.6636
129.0000 0.3515 0.6743
129.1000 0.3548 0.6849
129.2000 0.3584 0.6955
129.3000 0.3620 0.7061
129.4000 0.3657 0.7166
129.5000 0.3696 0.7271
129.6000 0.3736 0.7376
129.7000 0.3777 0.7480
129.8000 0.3819 0.7584
129.9000 0.3863 0.7687
130.0000 0.3908 0.7790
130.1000 0.3954 0.7892
130.2000 0.4001 0.7994
130.3000 0.4050 0.8095
130.4000 0.4099 0.8196
130.5000 0.4150 0.8296
130.6000 0.4203 0.8395
130.7000 0.4256 0.8494
130.8000 0.4311 0.8592
130.9000 0.4366 0.8690
131.0000 0.4424 0.8787
131.1000 0.4482 0.8883
131.2000 0.4542 0.8979
131.3000 0.4602 0.9073
131.4000 0.4665 0.9167
131.5000 0.4728 0.9261
131.6000 0.4793 0.9353
131.7000 0.4859 0.9445
131.8000 0.4927 0.9536
131.9000 0.4996 0.9625
132.0000 0.5066 0.9714
132.1000 0.5138 0.9802
132.2000 0.5211 0.9889
132.3000 0.5286 0.9975
132.4000 0.5362 1.0059
132.5000 0.5440 1.0143
132.6000 0.5519 1.0225
132.7000 0.5599 1.0305
132.8000 0.5681 1.0385
132.9000 0.5765 1.0463
133.0000 0.5850 1.0539
133.1000 0.5936 1.0614
133.2000 0.6024 1.0688
133.3000 0.6113 1.0760
133.4000 0.6204 1.0830
133.5000 0.6297 1.0898
133.6000 0.6391 1.0965
133.7000 0.6486 1.1030
133.8000 0.6583 1.1092
133.9000 0.6682 1.1153
134.0000 0.6782 1.1212
134.1000 0.6884 1.1268
134.2000 0.6987 1.1321
134.3000 0.7093 1.1372
134.4000 0.7199 1.1420
134.5000 0.7307 1.1466
134.6000 0.7417 1.1508
134.7000 0.7527 1.1547
134.8000 0.7639 1.1583
134.9000 0.7752 1.1616
135.0000 0.7866 1.1645
135.1000 0.7982 1.1671
135.2000 0.8097 1.1694
135.3000 0.8214 1.1713
135.4000 0.8331 1.1728
135.5000 0.8449 1.1740
135.6000 0.8567 1.1747
135.7000 0.8686 1.1752
135.8000 0.8804 1.1752
135.9000 0.8923 1.1748
136.0000 0.9041 1.1741
136.1000 0.9160 1.1730
136.2000 0.9277 1.1715
136.3000 0.9395 1.1695
136.4000 0.9511 1.1673
136.5000 0.9627 1.1646
136.6000 0.9742 1.1615
136.7000 0.9856 1.1580
136.8000 0.9969 1.1542
136.9000 1.0081 1.1499
137.0000 1.0191 1.1453
137.1000 1.0299 1.1403
137.2000 1.0405 1.1349
137.3000 1.0510 1.1291
137.4000 1.0612 1.1230
137.5000 1.0712 1.1165
137.6000 1.0810 1.1096
137.7000 1.0905 1.1025
137.8000 1.0998 1.0949
137.9000 1.1088 1.0871
138.0000 1.1175 1.0789
138.1000 1.1259 1.0705
138.2000 1.1340 1.0617
138.3000 1.1417 1.0527
138.4000 1.1492 1.0433
138.5000 1.1563 1.0337
138.6000 1.1630 1.0239
138.7000 1.1694 1.0138
138.8000 1.1754 1.0036
138.9000 1.1810 0.9930
139.0000 1.1862 0.9823
139.1000 1.1911 0.9715
139.2000 1.1955 0.9604
139.3000 1.1995 0.9492
139.4000 1.2031 0.9379
139.5000 1.2063 0.9264
139.6000 1.2091 0.9148
139.7000 1.2114 0.9031
139.8000 1.2134 0.8914
139.9000 1.2148 0.8796
140.0000 1.2159 0.8677
140.1000 1.2165 0.8558
140.2000 1.2167 0.8439
140.3000 1.2164 0.8320
140.4000 1.2157 0.8202
140.5000 1.2145 0.8083
140.6000 1.2129 0.7965
140.7000 1.2109 0.7848
140.8000 1.2085 0.7732
140.9000 1.2056 0.7616
141.0000 1.2023 0.7502
141.1000 1.1985 0.7389
141.2000 1.1944 0.7277
141.3000 1.1898 0.7168
141.4000 1.1848 0.7060
141.5000 1.1795 0.6953
141.6000 1.1737 0.6849
141.7000 1.1676 0.6748
141.8000 1.1611 0.6648
141.9000 1.1542 0.6551
142.0000 1.1469 0.6457
142.1000 1.1393 0.6366
142.2000 1.1314 0.6277
142.3000 1.1232 0.6192
142.4000 1.1146 0.6109
142.5000 1.1057 0.6030
142.6000 1.0966 0.5955
142.7000 1.0871 0.5883
142.8000 1.0774 0.5815
142.9000 1.0674 0.5750
143.0000 1.0572 0.5689
143.1000 1.0468 0.5632
143.2000 1.0362 0.5579
143.3000 1.0254 0.5531
143.4000 1.0144 0.5486
143.5000 1.0032 0.5446
143.6000 0.9919 0.5410
143.7000 0.9805 0.5378
143.8000 0.9690 0.5351
143.9000 0.9573 0.5328
144.0000 0.9456 0.5310
144.1000 0.9338 0.5296
144.2000 0.9220 0.5287
144.3000 0.9102 0.5283
144.4000 0.8983 0.5283
144.5000 0.8865 0.5287
144.6000 0.8747 0.5297
144.7000 0.8629 0.5311
144.8000 0.8512 0.5329
144.9000 0.8396 0.5352
145.0000 0.8281 0.5380
145.1000 0.8167 0.5412
145.2000 0.8054 0.5449
145.3000 0.7943 0.5490
145.4000 0.7834 0.5535
145.5000 0.7727 0.5584
145.6000 0.7621 0.5638
145.7000 0.7518 0.5696
145.8000 0.7418 0.5758
145.9000 0.7319 0.5824
146.0000 0.7224 0.5894
146.1000 0.7131 0.5967
146.2000 0.7042 0.6045
146.3000 0.6956 0.6125
146.4000 0.6873 0.6209
146.5000 0.6793 0.6297
146.6000 0.6717 0.6387
146.7000 0.6645 0.6481
146.8000 0.6577 0.6577
146.9000 0.6512 0.6676
147.0000 0.6452 0.6777
147.1000 0.6396 0.6881
147.2000 0.6344 0.6987
147.3000 0.6296 0.7095
147.4000 0.6253 0.7205
147.5000 0.6214 0.7316
147.6000 0.6180 0.7429
147.7000 0.6151 0.7544
147.8000 0.6126 0.7659
147.9000 0.6106 0.7775
148.0000 0.6091 0.7892
148.1000 0.6081 0.8010
148.2000 0.6075 0.8127
148.3000 0.6074 0.8245
148.4000 0.6078 0.8363
148.5000 0.6087 0.8481
148.6000 0.6101 0.8598
148.7000 0.6119 0.8714
148.8000 0.6143 0.8830
148.9000 0.6170 0.8945
149.0000 0.6203 0.9058
149.1000 0.6240 0.9170
149.2000 0.6282 0.9280
149.3000 0.6328 0.9389
149.4000 0.6379 0.9495
149.5000 0.6434 0.9599
149.6000 0.6493 0.9702
149.7000 0.6556 0.9801
149.8000 0.6623 0.9898
149.9000 0.6694 0.9992
150.0000 0.6768 1.0083
150.1000 0.6846 1.0171
150.2000 0.6928 1.0256
150.3000 0.7012 1.0338
150.4000 0.7100 1.0416
150.5000 0.7192 1.0491
150.6000 0.7286 1.0562
150.7000 0.7383 1.0629
150.8000 0.7482 1.0693
150.9000 0.7585 1.0752
151.0000 0.7689 1.0806
151.1000 0.7796 1.0857
151.2000 0.7904 1.0903
151.3000 0.8015 1.0945
151.4000 0.8127 1.0982
151.5000 0.8240 1.1014
151.6000 0.8355 1.1042
151.7000 0.8470 1.1065
151.8000 0.8587 1.1083
151.9000 0.8704 1.1097
152.0000 0.8822 1.1106
152.1000 0.8940 1.1110
152.2000 0.9058 1.1109
152.3000 0.9175 1.1103
152.4000 0.9293 1.1093
152.5000 0.9410 1.1077
152.6000 0.9526 1.1057
152.7000 0.9642 1.1033
152.8000 0.9756 1.1003
152.9000 0.9869 1.0969
153.0000 0.9981 1.0931
153.1000 1.0091 1.0888
153.2000 1.0199 1.0841
153.3000 1.0305 1.0789
153.4000 1.0409 1.0733
153.5000 1.0510 1.0673
153.6000 1.0610 1.0610
153.7000 1.0706 1.0542
153.8000 1.0800 1.0471
153.9000 1.0890 1.0397
154.0000 1.0978 1.0321
154.1000 1.1062 1.0242
154.2000 1.1144 1.0161
154.3000 1.1223 1.0078
154.4000 1.1300 0.9994
154.5000 1.1374 0.9908
154.6000 1.1447 0.9822
154.7000 1.1517 0.9734
154.8000 1.1586 0.9645
154.9000 1.1653 0.9554
155.0000 1.1719 0.9463
155.1000 1.1783 0.9369
155.2000 1.1845 0.9274
155.3000 1.1905 0.9178
155.4000 1.1963 0.9080
155.5000 1.2019 0.8981
155.6000 1.2073 0.8880
155.7000 1.2124 0.8777
155.8000 1.2173 0.8673
155.9000 1.2218 0.8567
156.0000 1.2261 0.8461
156.1000 1.2301 0.8353
156.2000 1.2338 0.8243
156.3000 1.2372 0.8133
156.4000 1.2403 0.8022
156.5000 1.2430 0.7909
156.6000 1.2454 0.7796
156.7000 1.2475 0.7682
156.8000 1.2492 0.7567
156.9000 1.2505 0.7452
157.0000 1.2516 0.7337
157.1000 1.2522 0.7221
157.2000 1.2525 0.7105
157.3000 1.2525 0.6990
157.4000 1.2521 0.6875
157.5000 1.2514 0.6760
157.6000 1.2505 0.6646
157.7000 1.2492 0.6532
157.8000 1.2477 0.6420
157.9000 1.2460 0.6308
158.0000 1.2441 0.6197
158.1000 1.2420 0.6088
158.2000 1.2399 0.5980
158.3000 1.2377 0.5873
158.4000 1.2355 0.5768
158.5000 1.2334 0.5664
158.6000 1.2315 0.5562
158.7000 1.2297 0.5461
158.8000 1.2283 0.5362
158.9000 1.2271 0.5263
159.0000 1.2263 0.5166
159.1000 1.2260 0.5069
159.2000 1.2260 0.4973
159.3000 1.2264 0.4876
159.4000 1.2272 0.4779
159.5000 1.2284 0.4682
159.6000 1.2300 0.4584
159.7000 1.2319 0.4486
159.8000 1.2341 0.4387
159.9000 1.2366 0.4287
160.0000 1.2392 0.4186
160.1000 1.2420 0.4084
160.2000 1.2449 0.3980
160.3000 1.2478 0.3875
160.4000 1.2506 0.3768
160.5000 1.2534 0.3660
160.6000 1.2560 0.3551
160.7000 1.2585 0.3441
160.8000 1.2607 0.3330
160.9000 1.2627 0.3218
161.0000 1.2645 0.3105
161.1000 1.2660 0.2991
161.2000 1.2672 0.2877
161.3000 1.2681 0.2762
161.4000 1.2686 0.2648
161.5000 1.2689 0.2533
161.6000 1.2689 0.2418
161.7000 1.2686 0.2304
161.8000 1.2680 0.2190
161.9000 1.2672 0.2077
162.0000 1.2661 0.1964
162.1000 1.2649 0.1853
162.2000 1.2635 0.1742
162.3000 1.2620 0.1633
162.4000 1.2605 0.1525
162.5000 1.2589 0.1418
162.6000 1.2574 0.1312
162.7000 1.2560 0.1208
162.8000 1.2547 0.1104
162.9000 1.2536 0.1002
163.0000 1.2527 0.0901
163.1000 1.2521 0.0801
163.2000 1.2518 0.0701
163.3000 1.2518 0.0601
163.4000 1.2521 0.0501
163.5000 1.2527 0.0401
163.6000 1.2537 0.0301
163.7000 1.2548 0.0200
163.8000 1.2563 0.0098
163.9000 1.2578 -0.0006
164.0000 1.2596 -0.0111
164.1000 1.2613 -0.0217
164.2000 1.2631 -0.0325
164.3000 1.2649 -0.0433
164.4000 1.2665 -0.0543
164.5000 1.2680 -0.0654
164.6000 1.2694 -0.0765
164.7000 1.2706 -0.0877
164.8000 1.2715 -0.0990
164.9000 1.2723 -0.1104
165.0000 1.2728 -0.1217
165.1000 1.2730 -0.1331
165.2000 1.2730 -0.1445
165.3000 1.2728 -0.1558
165.4000 1.2723 -0.1671
165.5000 1.2717 -0.1784
165.6000 1.2708 -0.1896
165.7000 1.2698 -0.2007
165.8000 1.2686 -0.2118
165.9000 1.2673 -0.2228
166.0000 1.2660 -0.2336
166.1000 1.2646 -0.2444
166.2000 1.2632 -0.2552
166.3000 1.2618 -0.2658
166.4000 1.2605 -0.2763
