0.0750 -0.0750
0.0814 -0.0750
0.0879 -0.0750
0.0943 -0.0750
0.1008 -0.0750
0.1072 -0.0750
0.1136 -0.0750
0.1201 -0.0750
0.1265 -0.0750
0.1330 -0.0750
0.1394 -0.0750
0.1458 -0.0750
0.1523 -0.0750
0.1587 -0.0750
0.1652 -0.0750
0.1716 -0.0750
0.1780 -0.0750
0.1845 -0.0750
0.1909 -0.0750
0.1974 -0.0750
0.2038 -0.0750
0.2102 -0.0750
0.2167 -0.0750
0.2231 -0.0750
0.2296 -0.0750
0.2360 -0.0750
0.2424 -0.0750
0.2489 -0.0750
0.2553 -0.0750
0.2618 -0.0750
0.2682 -0.0750
0.2746 -0.0750
0.2811 -0.0750
0.2875 -0.0750
0.2940 -0.0750
0.3004 -0.0750
0.3068 -0.0750
0.3133 -0.0750
0.3197 -0.0750
0.3262 -0.0750
0.3326 -0.0750
0.3391 -0.0750
0.3455 -0.0750
0.3519 -0.0750
0.3584 -0.0750
0.3648 -0.0750
0.3712 -0.0750
0.3776 -0.0750
0.3841 -0.0750
0.3905 -0.0749
0.3969 -0.0749
0.4033 -0.0749
0.4066 -0.0747
0.4127 -0.0739
0.4189 -0.0730
0.4250 -0.0721
0.4311 -0.0712
0.4370 -0.0701
0.4429 -0.0690
0.4487 -0.0678
0.4543 -0.0665
0.4598 -0.0651
0.4651 -0.0635
0.4701 -0.0618
0.4747 -0.0600
0.4788 -0.0581
0.4824 -0.0560
0.4853 -0.0540
0.4878 -0.0517
0.4899 -0.0493
0.4917 -0.0467
0.4934 -0.0435
0.4949 -0.0399
0.4961 -0.0358
0.4972 -0.0312
0.4980 -0.0261
0.4987 -0.0207
0.4992 -0.0150
0.4995 -0.0091
0.4999 -0.0030
0.5001 0.0033
0.5001 0.0066
0.4996 0.0097
0.4988 0.0129
0.4976 0.0158
0.4963 0.0188
0.4951 0.0218
0.4939 0.0248
0.4927 0.0278
0.4915 0.0307
0.4903 0.0337
0.4891 0.0367
0.4879 0.0397
0.4867 0.0427
0.4855 0.0457
0.4842 0.0486
0.4830 0.0516
0.4818 0.0546
0.4806 0.0576
0.4794 0.0606
0.4782 0.0635
0.4770 0.0665
0.4762 0.0696
0.4753 0.0727
0.4745 0.0759
0.4736 0.0790
0.4728 0.0821
0.4720 0.0852
0.4711 0.0883
0.4703 0.0914
0.4694 0.0945
0.4686 0.0976
0.4678 0.1007
0.4669 0.1038
0.4661 0.1069
0.4652 0.1100
0.4644 0.1131
0.4640 0.1163
0.4635 0.1195
0.4630 0.1227
0.4626 0.1259
0.4621 0.1291
0.4617 0.1322
0.4612 0.1354
0.4608 0.1386
0.4603 0.1418
0.4598 0.1450
0.4594 0.1482
0.4589 0.1514
0.4585 0.1545
0.4580 0.1577
0.4576 0.1609
0.4575 0.1641
0.4574 0.1674
0.4574 0.1706
0.4573 0.1738
0.4572 0.1770
0.4572 0.1802
0.4571 0.1834
0.4570 0.1867
0.4570 0.1899
0.4569 0.1931
0.4568 0.1963
0.4568 0.1995
0.4567 0.2027
0.4566 0.2060
0.4566 0.2092
0.4569 0.2124
0.4572 0.2156
0.4575 0.2188
0.4579 0.2220
0.4582 0.2252
0.4585 0.2284
0.4588 0.2316
0.4592 0.2348
0.4595 0.2380
0.4598 0.2412
0.4601 0.2444
0.4604 0.2476
0.4608 0.2508
0.4615 0.2539
0.4626 0.2570
0.4640 0.2598
0.4658 0.2625
0.4679 0.2650
0.4703 0.2671
0.4729 0.2690
0.4757 0.2705
0.4787 0.2717
0.4818 0.2725
0.4850 0.2730
0.4882 0.2730
0.4914 0.2727
0.4946 0.2719
0.4976 0.2708
0.5004 0.2693
0.5031 0.2675
0.5058 0.2657
0.5084 0.2639
0.5111 0.2621
0.5138 0.2603
0.5164 0.2585
0.5191 0.2567
0.5217 0.2549
0.5244 0.2531
0.5271 0.2513
0.5297 0.2495
0.5324 0.2477
0.5351 0.2459
0.5377 0.2441
0.5404 0.2423
0.5431 0.2404
0.5459 0.2390
0.5488 0.2375
0.5516 0.2360
0.5545 0.2346
0.5574 0.2331
0.5602 0.2316
0.5631 0.2302
0.5660 0.2287
0.5688 0.2272
0.5730 0.2256
0.5760 0.2243
0.5790 0.2230
0.5821 0.2221
0.5851 0.2212
0.5882 0.2204
0.5913 0.2195
0.5950 0.2184
0.5982 0.2178
0.6013 0.2172
0.6045 0.2166
0.6079 0.2160
0.6110 0.2154
0.6142 0.2153
0.6202 0.2154
0.6247 0.2157
0.6279 0.2162
0.6309 0.2171
0.6339 0.2183
0.6367 0.2199
0.6393 0.2219
0.6416 0.2241
0.6436 0.2266
0.6453 0.2293
0.6467 0.2323
0.6477 0.2353
0.6483 0.2385
0.6485 0.2417
0.6484 0.2449
0.6482 0.2481
0.6481 0.2513
0.6479 0.2545
0.6482 0.2577
0.6484 0.2610
0.6486 0.2642
0.6489 0.2674
0.6491 0.2706
0.6494 0.2738
0.6496 0.2770
0.6502 0.2802
0.6508 0.2833
0.6515 0.2865
0.6521 0.2896
0.6527 0.2928
0.6537 0.2958
0.6547 0.2989
0.6557 0.3020
0.6567 0.3050
0.6577 0.3081
0.6587 0.3111
0.6597 0.3142
0.6611 0.3171
0.6625 0.3200
0.6638 0.3229
0.6652 0.3258
0.6666 0.3288
0.6683 0.3315
0.6700 0.3342
0.6717 0.3369
0.6734 0.3397
0.6751 0.3424
0.6772 0.3449
0.6792 0.3474
0.6812 0.3499
0.6832 0.3524
0.6853 0.3549
0.6876 0.3571
0.6899 0.3594
0.6922 0.3616
0.6945 0.3638
0.6968 0.3661
0.6994 0.3680
0.7020 0.3699
0.7045 0.3719
0.7071 0.3738
0.7097 0.3757
0.7125 0.3774
0.7153 0.3790
0.7180 0.3806
0.7208 0.3822
0.7236 0.3838
0.7266 0.3851
0.7295 0.3863
0.7325 0.3876
0.7355 0.3889
0.7384 0.3901
0.7415 0.3910
0.7446 0.3919
0.7477 0.3928
0.7509 0.3933
0.7540 0.3938
0.7572 0.3943
0.7604 0.3949
0.7636 0.3954
0.7668 0.3955
0.7700 0.3956
0.7732 0.3957
0.7764 0.3955
0.7796 0.3952
0.7828 0.3949
0.7860 0.3947
0.7893 0.3944
0.7924 0.3938
0.7956 0.3931
0.7987 0.3925
0.8018 0.3914
0.8048 0.3904
0.8079 0.3894
0.8108 0.3880
0.8137 0.3866
0.8166 0.3852
0.8195 0.3838
0.8224 0.3824
0.8251 0.3807
0.8278 0.3789
0.8305 0.3772
0.8330 0.3751
0.8355 0.3731
0.8379 0.3710
0.8402 0.3687
0.8424 0.3664
0.8446 0.3640
0.8465 0.3615
0.8484 0.3589
0.8503 0.3563
0.8519 0.3535
0.8535 0.3507
0.8551 0.3479
0.8563 0.3449
0.8576 0.3419
0.8588 0.3390
0.8597 0.3359
0.8605 0.3328
0.8614 0.3297
0.8619 0.3265
0.8624 0.3233
0.8629 0.3201
0.8629 0.3169
0.8627 0.3137
0.8624 0.3105
0.8621 0.3073
0.8614 0.3042
0.8607 0.3010
0.8600 0.2979
0.8590 0.2948
0.8575 0.2919
0.8561 0.2890
0.8547 0.2862
0.8530 0.2835
0.8512 0.2808
0.8494 0.2781
0.8474 0.2756
0.8450 0.2734
0.8427 0.2712
0.8403 0.2690
0.8377 0.2671
0.8349 0.2656
0.8321 0.2640
0.8293 0.2624
0.8263 0.2612
0.8232 0.2604
0.8201 0.2596
0.8170 0.2587
0.8138 0.2583
0.8105 0.2582
0.8073 0.2585
0.8041 0.2588
0.8009 0.2592
0.7978 0.2599
0.7948 0.2610
0.7919 0.2624
0.7890 0.2638
0.7861 0.2653
0.7835 0.2671
0.7810 0.2692
0.7788 0.2715
0.7770 0.2742
0.7754 0.2770
0.7739 0.2798
0.7724 0.2826
0.7712 0.2856
0.7704 0.2888
0.7699 0.2919
0.7699 0.2952
0.7703 0.2984
0.7710 0.3015
0.7721 0.3045
0.7736 0.3074
0.7754 0.3100
0.7775 0.3125
0.7799 0.3146
0.7825 0.3165
0.7854 0.3180
0.7884 0.3191
0.7915 0.3199
0.7947 0.3203
0.7979 0.3203
0.8011 0.3199
0.8042 0.3192
0.8072 0.3180
0.8101 0.3165
0.8156 0.3132
0.8211 0.3099
0.8266 0.3065
0.8321 0.3032
0.8376 0.2999
0.8432 0.2966
0.8487 0.2932
0.8542 0.2899
0.8597 0.2866
0.8652 0.2832
0.8707 0.2799
0.8762 0.2766
0.8817 0.2732
0.8872 0.2699
0.8928 0.2666
0.8983 0.2632
0.9038 0.2599
0.9093 0.2566
0.9148 0.2532
0.9203 0.2499
0.9258 0.2466
0.9313 0.2432
0.9368 0.2399
0.9424 0.2366
0.9479 0.2332
0.9534 0.2299
0.9589 0.2266
0.9644 0.2232
0.9699 0.2199
0.9754 0.2166
0.9809 0.2133
0.9865 0.2099
0.9920 0.2066
0.9975 0.2033
1.0030 0.1999
1.0085 0.1966
1.0140 0.1933
1.0195 0.1899
1.0250 0.1866
1.0305 0.1833
1.0361 0.1799
1.0416 0.1766
1.0471 0.1733
1.0526 0.1699
1.0581 0.1666
1.0636 0.1633
1.0691 0.1599
1.0746 0.1566
1.0801 0.1533
1.0857 0.1499
1.0912 0.1466
1.0967 0.1433
1.1022 0.1400
1.1077 0.1366
1.1132 0.1333
1.1187 0.1300
1.1242 0.1266
1.1297 0.1233
1.1353 0.1200
1.1408 0.1166
1.1463 0.1133
1.1518 0.1100
1.1573 0.1066
1.1628 0.1033
1.1655 0.1015
1.1679 0.0993
1.1700 0.0969
1.1718 0.0943
1.1733 0.0914
1.1744 0.0884
1.1752 0.0853
1.1756 0.0821
1.1755 0.0789
1.1751 0.0757
1.1743 0.0725
1.1732 0.0695
1.1717 0.0667
1.1683 0.0612
1.1649 0.0557
1.1615 0.0503
1.1581 0.0448
1.1548 0.0393
1.1514 0.0338
1.1480 0.0283
1.1446 0.0229
1.1412 0.0174
1.1379 0.0119
1.1345 0.0064
1.1311 0.0009
1.1277 -0.0045
1.1243 -0.0100
1.1209 -0.0155
1.1176 -0.0210
1.1142 -0.0265
1.1108 -0.0320
1.1074 -0.0374
1.1040 -0.0429
1.1007 -0.0484
1.0973 -0.0539
1.0939 -0.0594
1.0921 -0.0620
1.0899 -0.0644
1.0875 -0.0665
1.0848 -0.0683
1.0819 -0.0697
1.0789 -0.0709
1.0758 -0.0716
1.0726 -0.0719
1.0693 -0.0719
1.0662 -0.0714
1.0630 -0.0706
1.0601 -0.0694
1.0557 -0.0672
1.0508 -0.0646
1.0454 -0.0618
1.0399 -0.0590
1.0342 -0.0560
1.0286 -0.0531
1.0229 -0.0501
1.0172 -0.0471
1.0115 -0.0442
1.0057 -0.0412
1.0000 -0.0382
0.9943 -0.0353
0.9886 -0.0323
0.9829 -0.0293
0.9772 -0.0264
0.9715 -0.0234
0.9658 -0.0204
0.9600 -0.0174
0.9543 -0.0145
0.9486 -0.0115
0.9429 -0.0085
0.9372 -0.0055
0.9315 -0.0026
0.9258 0.0004
0.9200 0.0034
0.9143 0.0063
0.9086 0.0093
0.9029 0.0123
0.8972 0.0153
0.8915 0.0182
0.8858 0.0212
0.8800 0.0242
0.8743 0.0271
0.8686 0.0301
0.8629 0.0331
0.8572 0.0361
0.8515 0.0390
0.8458 0.0420
0.8401 0.0450
0.8343 0.0479
0.8286 0.0509
0.8229 0.0539
0.8172 0.0569
0.8115 0.0598
0.8058 0.0628
0.8001 0.0658
0.7943 0.0687
0.7886 0.0717
0.7829 0.0747
0.7772 0.0777
0.7715 0.0806
0.7658 0.0836
0.7601 0.0866
0.7543 0.0895
0.7486 0.0925
0.7429 0.0955
0.7372 0.0985
0.7315 0.1014
0.7258 0.1044
0.7201 0.1074
0.7144 0.1103
0.7086 0.1133
0.7029 0.1163
0.6972 0.1193
0.6915 0.1222
0.6858 0.1252
0.6801 0.1282
0.6744 0.1312
0.6686 0.1341
0.6629 0.1371
0.6572 0.1401
0.6515 0.1430
0.6458 0.1460
0.6401 0.1490
0.6344 0.1520
0.6286 0.1549
0.6229 0.1579
0.6172 0.1609
0.6115 0.1638
0.6058 0.1668
0.6001 0.1698
0.5944 0.1728
0.5887 0.1757
0.5857 0.1770
0.5828 0.1783
0.5798 0.1797
0.5769 0.1810
0.5740 0.1823
0.5688 0.1843
0.5651 0.1856
0.5621 0.1868
0.5591 0.1879
0.5561 0.1890
0.5531 0.1901
0.5501 0.1913
0.5470 0.1924
0.5430 0.1938
0.5392 0.1951
0.5338 0.1968
0.5293 0.1982
0.5231 0.1998
0.5191 0.2006
0.5159 0.2009
0.5127 0.2009
0.5095 0.2004
0.5063 0.2000
0.5031 0.1996
0.4999 0.1991
0.4967 0.1987
0.4935 0.1982
0.4904 0.1978
0.4872 0.1973
0.4840 0.1969
0.4808 0.1964
0.4776 0.1960
0.4740 0.1951
0.4706 0.1938
0.4660 0.1919
0.4609 0.1902
0.4558 0.1885
0.4519 0.1872
0.4488 0.1862
0.4458 0.1851
0.4419 0.1839
0.4389 0.1829
0.4358 0.1820
0.4327 0.1811
0.4295 0.1801
0.4264 0.1791
0.4226 0.1781
0.4195 0.1772
0.4164 0.1764
0.4133 0.1755
0.4102 0.1747
0.4071 0.1738
0.4038 0.1729
0.4006 0.1721
0.3970 0.1712
0.3939 0.1705
0.3907 0.1697
0.3876 0.1690
0.3843 0.1682
0.3811 0.1674
0.3780 0.1667
0.3749 0.1660
0.3709 0.1651
0.3678 0.1645
0.3646 0.1639
0.3614 0.1632
0.3583 0.1626
0.3551 0.1620
0.3520 0.1614
0.3488 0.1607
0.3455 0.1601
0.3423 0.1595
0.3386 0.1588
0.3354 0.1583
0.3322 0.1577
0.3291 0.1572
0.3259 0.1566
0.3227 0.1561
0.3191 0.1555
0.3159 0.1550
0.3127 0.1546
0.3095 0.1541
0.3063 0.1540
0.3031 0.1539
0.2999 0.1538
0.2967 0.1537
0.2935 0.1536
0.2903 0.1539
0.2870 0.1542
0.2838 0.1545
0.2806 0.1548
0.2774 0.1551
0.2742 0.1554
0.2710 0.1557
0.2663 0.1563
0.2631 0.1567
0.2599 0.1572
0.2568 0.1577
0.2537 0.1586
0.2506 0.1594
0.2475 0.1603
0.2444 0.1612
0.2413 0.1620
0.2382 0.1629
0.2351 0.1638
0.2321 0.1650
0.2291 0.1662
0.2261 0.1675
0.2232 0.1687
0.2202 0.1699
0.2172 0.1712
0.2143 0.1724
0.2115 0.1740
0.2087 0.1756
0.2059 0.1771
0.2031 0.1787
0.2003 0.1803
0.1975 0.1819
0.1946 0.1835
0.1918 0.1851
0.1890 0.1867
0.1851 0.1894
0.1824 0.1911
0.1797 0.1929
0.1755 0.1959
0.1710 0.1990
0.1663 0.2023
0.1615 0.2057
0.1566 0.2092
0.1515 0.2127
0.1464 0.2163
0.1413 0.2199
0.1361 0.2235
0.1309 0.2271
0.1257 0.2308
0.1205 0.2345
0.1152 0.2381
0.1100 0.2418
0.1047 0.2455
0.0995 0.2492
0.0942 0.2529
0.0889 0.2566
0.0837 0.2603
0.0784 0.2640
0.0731 0.2677
0.0679 0.2713
0.0626 0.2750
0.0573 0.2787
0.0520 0.2824
0.0468 0.2861
0.0415 0.2898
0.0362 0.2935
0.0310 0.2972
0.0257 0.3009
0.0204 0.3046
0.0151 0.3083
0.0099 0.3120
0.0046 0.3157
-0.0007 0.3194
-0.0060 0.3231
-0.0112 0.3268
-0.0165 0.3305
-0.0218 0.3342
-0.0270 0.3379
-0.0323 0.3416
-0.0376 0.3453
-0.0429 0.3490
-0.0481 0.3527
-0.0534 0.3564
-0.0587 0.3601
-0.0640 0.3638
-0.0692 0.3675
-0.0745 0.3712
-0.0798 0.3749
-0.0850 0.3786
-0.0903 0.3823
-0.0956 0.3860
-0.1009 0.3897
-0.1061 0.3934
-0.1114 0.3971
-0.1167 0.4008
-0.1192 0.4028
-0.1217 0.4048
-0.1242 0.4068
-0.1274 0.4093
-0.1298 0.4114
-0.1323 0.4135
-0.1347 0.4156
-0.1372 0.4177
-0.1396 0.4198
-0.1421 0.4218
-0.1445 0.4239
-0.1470 0.4260
-0.1495 0.4281
-0.1519 0.4302
-0.1544 0.4323
-0.1568 0.4343
-0.1593 0.4364
-0.1618 0.4386
-0.1642 0.4407
-0.1667 0.4428
-0.1692 0.4449
-0.1716 0.4470
-0.1741 0.4491
-0.1766 0.4514
-0.1791 0.4535
-0.1815 0.4556
-0.1839 0.4577
-0.1865 0.4599
-0.1889 0.4621
-0.1910 0.4645
-0.1930 0.4673
-0.1955 0.4716
-0.1978 0.4761
-0.2001 0.4814
-0.2027 0.4872
-0.2038 0.4902
-0.2046 0.4933
-0.2053 0.4964
-0.2060 0.4996
-0.2068 0.5027
-0.2075 0.5058
-0.2083 0.5090
-0.2090 0.5121
-0.2097 0.5152
-0.2105 0.5184
-0.2112 0.5215
-0.2119 0.5246
-0.2127 0.5278
-0.2136 0.5314
-0.2144 0.5346
-0.2152 0.5377
-0.2160 0.5408
-0.2168 0.5439
-0.2176 0.5470
-0.2184 0.5501
-0.2192 0.5533
-0.2200 0.5564
-0.2209 0.5597
-0.2218 0.5633
-0.2228 0.5674
-0.2236 0.5706
-0.2244 0.5740
-0.2254 0.5781
-0.2262 0.5813
-0.2270 0.5844
-0.2279 0.5881
-0.2289 0.5920
-0.2298 0.5957
-0.2307 0.5992
-0.2317 0.6036
-0.2332 0.6095
-0.2347 0.6154
-0.2363 0.6216
-0.2373 0.6246
-0.2384 0.6277
-0.2394 0.6307
-0.2404 0.6338
-0.2414 0.6368
-0.2437 0.6428
-0.2451 0.6457
-0.2465 0.6486
-0.2478 0.6515
-0.2492 0.6544
-0.2506 0.6573
-0.2520 0.6603
-0.2533 0.6632
-0.2552 0.6670
-0.2567 0.6699
-0.2582 0.6727
-0.2597 0.6756
-0.2622 0.6800
-0.2638 0.6827
-0.2655 0.6854
-0.2672 0.6882
-0.2690 0.6911
-0.2707 0.6938
-0.2735 0.6981
-0.2754 0.7007
-0.2773 0.7033
-0.2792 0.7059
-0.2820 0.7095
-0.2840 0.7120
-0.2868 0.7154
-0.2892 0.7181
-0.2923 0.7216
-0.2953 0.7248
-0.2996 0.7293
-0.3035 0.7331
-0.3078 0.7371
-0.3123 0.7412
-0.3166 0.7449
-0.3212 0.7486
-0.3256 0.7521
-0.3305 0.7557
-0.3351 0.7591
-0.3404 0.7627
-0.3431 0.7644
-0.3459 0.7661
-0.3486 0.7677
-0.3514 0.7694
-0.3541 0.7711
-0.3569 0.7727
-0.3596 0.7744
-0.3626 0.7757
-0.3655 0.7771
-0.3684 0.7784
-0.3714 0.7797
-0.3743 0.7810
-0.3772 0.7824
-0.3802 0.7837
-0.3836 0.7848
-0.3867 0.7858
-0.3898 0.7868
-0.3928 0.7878
-0.3959 0.7888
-0.3995 0.7900
-0.4033 0.7912
-0.4072 0.7925
-0.4113 0.7938
-0.4155 0.7951
-0.4198 0.7965
-0.4242 0.7979
-0.4288 0.7994
-0.4334 0.8008
-0.4381 0.8024
-0.4430 0.8039
-0.4479 0.8055
-0.4529 0.8071
-0.4580 0.8087
-0.4632 0.8104
-0.4684 0.8120
-0.4737 0.8137
-0.4791 0.8155
-0.4845 0.8172
-0.4900 0.8189
-0.4955 0.8207
-0.5011 0.8225
-0.5067 0.8243
-0.5123 0.8261
-0.5180 0.8279
-0.5237 0.8297
-0.5294 0.8315
-0.5352 0.8334
-0.5410 0.8352
-0.5468 0.8371
-0.5526 0.8390
-0.5585 0.8408
-0.5644 0.8427
-0.5702 0.8446
-0.5762 0.8465
-0.5821 0.8484
-0.5880 0.8503
-0.5940 0.8522
-0.5999 0.8541
-0.6059 0.8560
-0.6119 0.8579
-0.6179 0.8598
-0.6239 0.8617
-0.6299 0.8636
-0.6359 0.8656
-0.6419 0.8675
-0.6479 0.8694
-0.6539 0.8713
-0.6600 0.8733
-0.6660 0.8752
-0.6721 0.8771
-0.6781 0.8791
-0.6812 0.8799
-0.6844 0.8806
-0.6875 0.8814
-0.6907 0.8818
-0.6971 0.8823
-0.7035 0.8827
-0.7100 0.8831
-0.7164 0.8835
-0.7228 0.8839
-0.7292 0.8843
-0.7357 0.8848
-0.7421 0.8852
-0.7485 0.8856
-0.7549 0.8860
-0.7614 0.8864
-0.7646 0.8864
-0.7678 0.8861
-0.7709 0.8853
-0.7739 0.8842
-0.7768 0.8827
-0.7823 0.8793
-0.7878 0.8760
-0.7933 0.8727
-0.7988 0.8694
-0.8043 0.8660
-0.8099 0.8627
-0.8154 0.8594
-0.8209 0.8561
-0.8264 0.8527
-0.8319 0.8494
-0.8374 0.8461
-0.8429 0.8427
-0.8485 0.8394
-0.8540 0.8361
-0.8595 0.8328
-0.8650 0.8294
-0.8705 0.8261
-0.8760 0.8228
-0.8815 0.8195
-0.8871 0.8161
-0.8926 0.8128
-0.8981 0.8095
-0.9036 0.8062
-0.9091 0.8028
-0.9146 0.7995
-0.9201 0.7962
-0.9257 0.7928
-0.9312 0.7895
-0.9367 0.7862
-0.9422 0.7829
-0.9477 0.7795
-0.9532 0.7762
-0.9559 0.7744
-0.9583 0.7722
-0.9604 0.7698
-0.9644 0.7648
-0.9684 0.7597
-0.9723 0.7546
-0.9763 0.7495
-0.9803 0.7445
-0.9842 0.7394
-0.9882 0.7343
-0.9922 0.7292
-0.9961 0.7242
-1.0001 0.7191
-1.0041 0.7140
-1.0080 0.7089
-1.0120 0.7039
-1.0159 0.6988
-1.0199 0.6937
-1.0239 0.6887
-1.0278 0.6836
-1.0318 0.6785
-1.0358 0.6734
-1.0397 0.6684
-1.0437 0.6633
-1.0477 0.6582
-1.0516 0.6531
-1.0556 0.6481
-1.0596 0.6430
-1.0635 0.6379
-1.0675 0.6328
-1.0715 0.6278
-1.0754 0.6227
-1.0794 0.6176
-1.0834 0.6125
-1.0873 0.6075
-1.0913 0.6024
-1.0953 0.5973
-1.0992 0.5922
-1.1032 0.5872
-1.1072 0.5821
-1.1111 0.5770
-1.1151 0.5719
-1.1191 0.5669
-1.1230 0.5618
-1.1270 0.5567
-1.1310 0.5516
-1.1349 0.5466
-1.1389 0.5415
-1.1429 0.5364
-1.1468 0.5314
-1.1508 0.5263
-1.1548 0.5212
-1.1587 0.5161
-1.1606 0.5135
-1.1620 0.5106
-1.1647 0.5047
-1.1658 0.5017
-1.1666 0.4986
-1.1669 0.4954
-1.1669 0.4922
-1.1665 0.4890
-1.1657 0.4859
-1.1646 0.4829
-1.1619 0.4770
-1.1592 0.4712
-1.1565 0.4653
-1.1550 0.4625
-1.1531 0.4598
-1.1510 0.4575
-1.1486 0.4553
-1.1459 0.4535
-1.1430 0.4521
-1.1400 0.4510
-1.1369 0.4502
-1.1337 0.4499
-1.1304 0.4499
-1.1273 0.4504
-1.1241 0.4512
-1.1212 0.4524
-1.1183 0.4539
-1.1157 0.4558
-1.1133 0.4580
-1.1113 0.4604
-1.1095 0.4631
-1.1080 0.4660
-1.1070 0.4690
-1.1063 0.4722
-1.1053 0.4770
-1.1042 0.4824
-1.1031 0.4882
-1.1019 0.4942
-1.1006 0.5004
-1.0994 0.5066
-1.0982 0.5129
-1.0969 0.5191
-1.0956 0.5254
-1.0944 0.5317
-1.0931 0.5380
-1.0919 0.5444
-1.0906 0.5507
-1.0893 0.5570
-1.0881 0.5633
-1.0868 0.5696
-1.0856 0.5759
-1.0843 0.5822
-1.0830 0.5886
-1.0818 0.5949
-1.0805 0.6012
-1.0793 0.6075
-1.0780 0.6138
-1.0767 0.6201
-1.0755 0.6265
-1.0742 0.6328
-1.0730 0.6391
-1.0717 0.6454
-1.0704 0.6517
-1.0692 0.6580
-1.0679 0.6643
-1.0667 0.6707
-1.0654 0.6770
-1.0641 0.6833
-1.0629 0.6896
-1.0616 0.6959
-1.0603 0.7022
-1.0591 0.7086
-1.0583 0.7117
-1.0571 0.7147
-1.0559 0.7176
-1.0547 0.7206
-1.0535 0.7236
-1.0527 0.7267
-1.0519 0.7299
-1.0510 0.7330
-1.0502 0.7361
-1.0490 0.7391
-1.0475 0.7419
-1.0456 0.7445
-1.0434 0.7469
-1.0410 0.7490
-1.0385 0.7510
-1.0361 0.7531
-1.0336 0.7552
-1.0314 0.7576
-1.0293 0.7600
-1.0247 0.7644
-1.0210 0.7677
-1.0174 0.7706
-1.0138 0.7731
-1.0085 0.7764
-1.0041 0.7790
-0.9986 0.7820
-0.9941 0.7844
-0.9883 0.7871
-0.9855 0.7887
-0.9827 0.7903
-0.9799 0.7919
-0.9771 0.7934
-0.9743 0.7950
-0.9715 0.7966
-0.9687 0.7982
-0.9642 0.8009
-0.9615 0.8027
-0.9588 0.8045
-0.9562 0.8062
-0.9535 0.8080
-0.9508 0.8098
-0.9474 0.8121
-0.9448 0.8140
-0.9422 0.8158
-0.9396 0.8177
-0.9354 0.8209
-0.9329 0.8230
-0.9305 0.8251
-0.9280 0.8271
-0.9255 0.8292
-0.9231 0.8313
-0.9198 0.8341
-0.9174 0.8363
-0.9150 0.8385
-0.9126 0.8406
-0.9092 0.8439
-0.9070 0.8462
-0.9038 0.8497
-0.9017 0.8521
-0.8994 0.8548
-0.8973 0.8573
-0.8945 0.8607
-0.8925 0.8633
-0.8902 0.8663
-0.8883 0.8689
-0.8864 0.8715
-0.8839 0.8747
-0.8814 0.8781
-0.8783 0.8821
-0.8750 0.8863
-0.8715 0.8908
-0.8680 0.8953
-0.8658 0.8977
-0.8633 0.9004
-0.8592 0.9054
-0.8557 0.9093
-0.8517 0.9136
-0.8482 0.9170
-0.8438 0.9212
-0.8400 0.9246
-0.8357 0.9285
-0.8322 0.9315
-0.8295 0.9339
-0.8271 0.9360
-0.8244 0.9378
-0.8216 0.9393
-0.8174 0.9409
-0.8141 0.9423
-0.8111 0.9435
-0.8081 0.9447
-0.8051 0.9460
-0.8015 0.9474
-0.7985 0.9485
-0.7955 0.9497
-0.7925 0.9508
-0.7894 0.9520
-0.7864 0.9531
-0.7804 0.9549
-0.7744 0.9567
-0.7691 0.9582
-0.7631 0.9598
-0.7573 0.9614
-0.7514 0.9629
-0.7455 0.9643
-0.7394 0.9657
-0.7341 0.9668
-0.7282 0.9679
-0.7250 0.9687
-0.7219 0.9695
-0.7188 0.9702
-0.7128 0.9721
-0.7098 0.9733
-0.7068 0.9744
-0.7038 0.9756
-0.7008 0.9767
-0.6978 0.9779
-0.6936 0.9796
-0.6906 0.9809
-0.6877 0.9822
-0.6847 0.9835
-0.6799 0.9859
-0.6771 0.9874
-0.6743 0.9889
-0.6714 0.9905
-0.6686 0.9920
-0.6658 0.9935
-0.6611 0.9963
-0.6584 0.9981
-0.6557 0.9998
-0.6530 1.0016
-0.6504 1.0033
-0.6477 1.0051
-0.6441 1.0075
-0.6415 1.0094
-0.6389 1.0113
-0.6362 1.0132
-0.6326 1.0159
-0.6301 1.0179
-0.6276 1.0199
-0.6250 1.0219
-0.6217 1.0247
-0.6193 1.0268
-0.6165 1.0293
-0.6141 1.0314
-0.6111 1.0342
-0.6088 1.0364
-0.6059 1.0392
-0.6037 1.0415
-0.6013 1.0440
-0.5991 1.0463
-0.5971 1.0488
-0.5952 1.0514
-0.5933 1.0540
-0.5913 1.0565
-0.5894 1.0591
-0.5874 1.0617
-0.5855 1.0642
-0.5839 1.0670
-0.5822 1.0698
-0.5806 1.0726
-0.5790 1.0754
-0.5774 1.0781
-0.5758 1.0809
-0.5742 1.0837
-0.5729 1.0867
-0.5716 1.0896
-0.5704 1.0926
-0.5691 1.0955
-0.5678 1.0985
-0.5666 1.1014
-0.5653 1.1044
-0.5631 1.1105
-0.5609 1.1165
-0.5588 1.1226
-0.5566 1.1286
-0.5544 1.1347
-0.5522 1.1408
-0.5501 1.1468
-0.5479 1.1529
-0.5457 1.1589
-0.5444 1.1619
-0.5428 1.1647
-0.5409 1.1672
-0.5376 1.1708
-0.5339 1.1744
-0.5304 1.1775
-0.5263 1.1807
-0.5212 1.1846
-0.5164 1.1881
-0.5112 1.1919
-0.5067 1.1950
-0.5015 1.1985
-0.4964 1.2018
-0.4913 1.2052
-0.4859 1.2086
-0.4807 1.2119
-0.4754 1.2152
-0.4700 1.2185
-0.4647 1.2217
-0.4597 1.2246
-0.4542 1.2277
-0.4490 1.2305
-0.4434 1.2335
-0.4384 1.2360
-0.4335 1.2385
-0.4302 1.2401
-0.4273 1.2415
-0.4244 1.2429
-0.4215 1.2443
-0.4186 1.2457
-0.4151 1.2473
-0.4121 1.2487
-0.4092 1.2500
-0.4063 1.2513
-0.4027 1.2529
-0.3998 1.2541
-0.3968 1.2554
-0.3938 1.2566
-0.3909 1.2579
-0.3879 1.2592
-0.3845 1.2606
-0.3815 1.2618
-0.3775 1.2633
-0.3743 1.2644
-0.3713 1.2655
-0.3682 1.2666
-0.3647 1.2679
-0.3616 1.2689
-0.3586 1.2699
-0.3555 1.2710
-0.3525 1.2720
-0.3494 1.2730
-0.3456 1.2743
-0.3426 1.2752
-0.3386 1.2763
-0.3350 1.2774
-0.3296 1.2787
-0.3239 1.2803
-0.3178 1.2820
-0.3126 1.2833
-0.3089 1.2840
-0.3026 1.2849
-0.2972 1.2855
-0.2916 1.2860
-0.2863 1.2862
-0.2813 1.2862
-0.2769 1.2859
-0.2719 1.2852
-0.2671 1.2843
-0.2621 1.2830
-0.2573 1.2816
-0.2530 1.2800
-0.2499 1.2785
-0.2465 1.2768
-0.2426 1.2750
-0.2394 1.2735
-0.2339 1.2714
-0.2289 1.2697
-0.2258 1.2689
-0.2226 1.2684
-0.2194 1.2684
-0.2162 1.2688
-0.2125 1.2696
-0.2066 1.2713
-0.2009 1.2729
-0.1963 1.2741
-0.1904 1.2753
-0.1846 1.2765
-0.1798 1.2772
-0.1735 1.2780
-0.1671 1.2788
-0.1618 1.2794
-0.1557 1.2799
-0.1495 1.2805
-0.1431 1.2810
-0.1368 1.2816
-0.1312 1.2819
-0.1252 1.2822
-0.1192 1.2823
-0.1134 1.2824
-0.1075 1.2823
-0.1017 1.2820
-0.0956 1.2817
-0.0895 1.2813
-0.0832 1.2808
-0.0775 1.2804
-0.0716 1.2801
-0.0655 1.2799
-0.0593 1.2798
-0.0531 1.2798
-0.0469 1.2798
-0.0407 1.2798
-0.0345 1.2799
-0.0283 1.2801
-0.0221 1.2803
-0.0157 1.2806
-0.0093 1.2808
-0.0030 1.2810
0.0034 1.2813
0.0089 1.2814
0.0148 1.2813
0.0208 1.2811
0.0269 1.2809
0.0327 1.2806
0.0388 1.2805
0.0449 1.2805
0.0512 1.2805
0.0574 1.2806
0.0637 1.2807
0.0699 1.2808
0.0731 1.2806
0.0763 1.2801
0.0794 1.2791
0.0823 1.2778
0.0851 1.2762
0.0876 1.2742
0.0899 1.2720
0.0919 1.2695
0.0936 1.2667
0.0949 1.2638
0.0959 1.2607
0.0973 1.2556
0.0989 1.2505
0.1008 1.2452
0.1030 1.2398
0.1040 1.2368
0.1052 1.2328
0.1071 1.2280
0.1082 1.2250
0.1094 1.2214
0.1114 1.2166
0.1126 1.2136
0.1138 1.2103
0.1163 1.2047
0.1174 1.2017
0.1186 1.1987
0.1212 1.1929
0.1239 1.1870
0.1265 1.1812
0.1288 1.1762
0.1311 1.1719
0.1325 1.1690
0.1339 1.1659
0.1353 1.1630
0.1367 1.1601
0.1381 1.1572
0.1395 1.1543
0.1426 1.1488
0.1457 1.1432
0.1475 1.1405
0.1508 1.1361
0.1542 1.1320
0.1575 1.1284
0.1607 1.1253
0.1636 1.1229
0.1664 1.1212
0.1693 1.1198
0.1723 1.1188
0.1755 1.1181
0.1787 1.1179
0.1819 1.1180
0.1855 1.1185
0.1897 1.1196
0.1944 1.1211
0.1995 1.1231
0.2048 1.1253
0.2104 1.1277
0.2161 1.1303
0.2190 1.1318
0.2216 1.1336
0.2240 1.1358
0.2262 1.1382
0.2283 1.1406
0.2304 1.1430
0.2325 1.1454
0.2347 1.1478
0.2368 1.1503
0.2389 1.1527
0.2410 1.1551
0.2432 1.1575
0.2453 1.1599
0.2474 1.1623
0.2495 1.1648
0.2517 1.1672
0.2538 1.1696
0.2559 1.1720
0.2580 1.1744
0.2602 1.1768
0.2623 1.1793
0.2647 1.1814
0.2671 1.1835
0.2695 1.1857
0.2719 1.1878
0.2743 1.1900
0.2767 1.1921
0.2791 1.1943
0.2815 1.1964
0.2839 1.1985
0.2863 1.2007
0.2887 1.2029
0.2920 1.2056
0.2945 1.2077
0.2990 1.2111
0.3017 1.2129
0.3057 1.2154
0.3106 1.2186
0.3151 1.2214
0.3196 1.2240
0.3246 1.2265
0.3303 1.2292
0.3354 1.2316
0.3412 1.2342
0.3465 1.2365
0.3515 1.2385
0.3575 1.2407
0.3629 1.2427
0.3682 1.2444
0.3735 1.2459
0.3788 1.2472
0.3850 1.2487
0.3905 1.2499
0.3966 1.2512
0.4020 1.2522
0.4083 1.2533
0.4138 1.2541
0.4185 1.2546
0.4224 1.2547
0.4287 1.2545
0.4350 1.2544
0.4413 1.2544
0.4477 1.2543
0.4541 1.2543
0.4605 1.2543
0.4669 1.2542
0.4732 1.2542
0.4795 1.2541
0.4858 1.2539
0.4917 1.2539
0.4978 1.2538
0.5040 1.2537
0.5101 1.2535
0.5163 1.2532
0.5224 1.2529
0.5285 1.2525
0.5346 1.2521
0.5407 1.2515
0.5467 1.2509
0.5528 1.2503
0.5560 1.2498
0.5592 1.2493
0.5624 1.2487
0.5656 1.2482
0.5687 1.2477
0.5720 1.2472
0.5752 1.2467
0.5784 1.2462
0.5816 1.2456
0.5847 1.2447
0.5877 1.2438
0.5908 1.2429
0.5939 1.2420
0.5970 1.2411
0.6001 1.2402
0.6032 1.2393
0.6063 1.2384
0.6094 1.2375
0.6123 1.2362
0.6153 1.2350
0.6182 1.2337
0.6212 1.2324
0.6241 1.2311
0.6271 1.2299
0.6301 1.2286
0.6330 1.2273
0.6360 1.2261
0.6389 1.2248
0.6419 1.2235
0.6447 1.2219
0.6474 1.2203
0.6502 1.2187
0.6530 1.2170
0.6558 1.2154
0.6586 1.2138
0.6614 1.2122
0.6639 1.2102
0.6665 1.2083
0.6690 1.2063
0.6716 1.2044
0.6742 1.2025
0.6767 1.2005
0.6793 1.1986
0.6819 1.1966
0.6844 1.1947
0.6867 1.1924
0.6890 1.1902
0.6914 1.1880
0.6937 1.1857
0.6960 1.1835
0.6983 1.1812
0.7006 1.1790
0.7029 1.1767
0.7052 1.1745
0.7072 1.1720
0.7093 1.1695
0.7113 1.1670
0.7133 1.1645
0.7153 1.1620
0.7173 1.1595
0.7194 1.1570
0.7211 1.1542
0.7228 1.1515
0.7245 1.1488
0.7262 1.1460
0.7279 1.1433
0.7296 1.1406
0.7313 1.1379
0.7330 1.1351
0.7347 1.1324
0.7360 1.1295
0.7374 1.1266
0.7387 1.1236
0.7401 1.1207
0.7415 1.1178
0.7428 1.1149
0.7442 1.1120
0.7452 1.1089
0.7462 1.1058
0.7472 1.1028
0.7482 1.0997
0.7492 1.0967
0.7501 1.0936
0.7511 1.0905
0.7518 1.0874
0.7524 1.0842
0.7530 1.0811
0.7536 1.0779
0.7542 1.0747
0.7548 1.0716
0.7555 1.0684
0.7557 1.0652
0.7559 1.0620
0.7561 1.0588
0.7564 1.0556
0.7566 1.0524
0.7568 1.0492
0.7571 1.0460
0.7569 1.0427
0.7567 1.0395
0.7566 1.0363
0.7564 1.0331
0.7562 1.0299
0.7557 1.0267
0.7551 1.0236
0.7546 1.0204
0.7540 1.0172
0.7535 1.0140
0.7529 1.0109
0.7524 1.0077
0.7515 1.0046
0.7505 1.0015
0.7496 0.9985
0.7487 0.9954
0.7477 0.9923
0.7464 0.9893
0.7451 0.9864
0.7438 0.9835
0.7426 0.9805
0.7413 0.9776
0.7400 0.9746
0.7387 0.9717
0.7370 0.9689
0.7354 0.9661
0.7337 0.9634
0.7321 0.9606
0.7304 0.9578
0.7285 0.9553
0.7265 0.9528
0.7245 0.9502
0.7226 0.9477
0.7206 0.9451
0.7183 0.9428
0.7161 0.9405
0.7138 0.9382
0.7116 0.9360
0.7093 0.9337
0.7068 0.9317
0.7042 0.9297
0.7017 0.9277
0.6992 0.9257
0.6967 0.9237
0.6939 0.9220
0.6912 0.9203
0.6884 0.9186
0.6857 0.9170
0.6829 0.9153
0.6800 0.9140
0.6771 0.9126
0.6742 0.9113
0.6712 0.9100
0.6683 0.9086
0.6652 0.9077
0.6622 0.9067
0.6591 0.9057
0.6560 0.9048
0.6529 0.9038
0.6498 0.9032
0.6466 0.9026
0.6435 0.9020
0.6402 0.9018
0.6370 0.9016
0.6338 0.9014
0.6306 0.9012
0.6274 0.9010
0.6242 0.9012
0.6210 0.9014
0.6178 0.9016
0.6146 0.9022
0.6114 0.9028
0.6083 0.9033
0.6051 0.9039
0.6019 0.9045
0.5989 0.9054
0.5958 0.9064
0.5927 0.9074
0.5898 0.9087
0.5868 0.9100
0.5839 0.9113
0.5812 0.9130
0.5784 0.9147
0.5757 0.9163
0.5729 0.9180
0.5702 0.9197
0.5676 0.9217
0.5651 0.9237
0.5626 0.9257
0.5603 0.9279
0.5580 0.9302
0.5558 0.9325
0.5538 0.9350
0.5518 0.9376
0.5498 0.9401
0.5482 0.9429
0.5465 0.9456
0.5449 0.9484
0.5436 0.9513
0.5423 0.9543
0.5410 0.9572
0.5400 0.9603
0.5391 0.9634
0.5381 0.9665
0.5376 0.9696
0.5370 0.9728
0.5365 0.9760
0.5363 0.9792
0.5361 0.9824
0.5359 0.9856
0.5362 0.9888
0.5368 0.9920
0.5374 0.9951
0.5380 0.9983
0.5390 1.0014
0.5400 1.0044
0.5409 1.0075
0.5423 1.0104
0.5436 1.0133
0.5450 1.0163
0.5467 1.0190
0.5487 1.0215
0.5507 1.0240
0.5527 1.0265
0.5550 1.0288
0.5576 1.0307
0.5601 1.0327
0.5627 1.0346
0.5655 1.0363
0.5684 1.0375
0.5714 1.0388
0.5743 1.0401
0.5776 1.0411
0.5808 1.0416
0.5839 1.0422
0.5871 1.0428
0.5903 1.0429
0.5935 1.0427
0.5967 1.0421
0.5999 1.0415
0.6030 1.0409
0.6061 1.0399
0.6090 1.0385
0.6117 1.0368
0.6142 1.0348
0.6168 1.0328
0.6193 1.0308
0.6215 1.0285
0.6235 1.0259
0.6251 1.0231
0.6264 1.0202
0.6273 1.0171
0.6282 1.0140
0.6291 1.0109
0.6296 1.0078
0.6298 1.0045
0.6295 1.0013
0.6289 0.9982
0.6279 0.9951
0.6265 0.9922
0.6248 0.9895
0.6227 0.9870
0.6204 0.9848
0.6178 0.9828
0.6150 0.9812
0.6121 0.9800
0.6090 0.9791
0.6058 0.9786
0.6026 0.9785
0.5994 0.9788
0.5962 0.9795
0.5932 0.9805
0.5903 0.9819
0.5876 0.9836
0.5851 0.9857
0.5829 0.9880
0.5810 0.9906
0.5794 0.9934
0.5782 0.9964
0.5773 0.9995
0.5769 1.0027
0.5768 1.0059
0.5771 1.0091
0.5778 1.0123
0.5788 1.0153
0.5803 1.0182
0.5820 1.0209
0.5848 1.0242
0.5880 1.0280
0.5914 1.0322
0.5951 1.0367
0.5988 1.0413
0.6027 1.0459
0.6067 1.0507
0.6107 1.0556
0.6147 1.0604
0.6188 1.0653
0.6228 1.0703
0.6269 1.0752
0.6310 1.0801
0.6351 1.0851
0.6392 1.0901
0.6433 1.0950
0.6473 1.1000
0.6514 1.1049
0.6555 1.1099
0.6596 1.1149
0.6637 1.1198
0.6678 1.1248
0.6719 1.1298
0.6760 1.1347
0.6801 1.1397
0.6842 1.1446
0.6883 1.1496
0.6925 1.1546
0.6966 1.1595
0.6987 1.1619
0.7012 1.1640
0.7046 1.1663
0.7099 1.1694
0.7150 1.1724
0.7206 1.1756
0.7258 1.1786
0.7310 1.1814
0.7363 1.1841
0.7416 1.1867
0.7474 1.1895
0.7528 1.1920
0.7582 1.1944
0.7641 1.1969
0.7695 1.1992
0.7750 1.2014
0.7810 1.2037
0.7865 1.2057
0.7926 1.2079
0.7982 1.2098
0.8038 1.2116
0.8096 1.2134
0.8153 1.2150
0.8210 1.2165
0.8267 1.2179
0.8327 1.2193
0.8384 1.2206
0.8444 1.2219
0.8501 1.2231
0.8562 1.2244
0.8619 1.2255
0.8680 1.2266
0.8737 1.2276
0.8799 1.2286
0.8831 1.2290
0.8863 1.2289
0.8895 1.2285
0.8926 1.2276
0.8956 1.2264
0.8984 1.2249
0.9010 1.2230
0.9034 1.2208
0.9055 1.2184
0.9073 1.2157
0.9087 1.2128
0.9098 1.2098
0.9105 1.2066
0.9109 1.2026
0.9111 1.1974
0.9113 1.1911
0.9113 1.1849
0.9113 1.1785
0.9114 1.1721
0.9114 1.1656
0.9114 1.1592
0.9115 1.1527
0.9115 1.1463
0.9115 1.1399
0.9116 1.1334
0.9116 1.1270
0.9116 1.1205
0.9117 1.1141
0.9117 1.1077
0.9117 1.1012
0.9117 1.0948
0.9118 1.0883
0.9118 1.0819
0.9118 1.0755
0.9119 1.0690
0.9119 1.0626
0.9119 1.0561
0.9120 1.0497
0.9120 1.0433
0.9120 1.0368
0.9121 1.0304
0.9121 1.0239
0.9121 1.0175
0.9121 1.0111
0.9122 1.0046
0.9122 0.9982
0.9122 0.9917
0.9123 0.9853
0.9123 0.9789
0.9123 0.9724
0.9124 0.9660
0.9124 0.9595
0.9124 0.9531
0.9125 0.9467
0.9125 0.9402
0.9125 0.9338
0.9125 0.9273
0.9126 0.9209
0.9126 0.9145
0.9126 0.9080
0.9127 0.9016
0.9127 0.8951
0.9127 0.8887
0.9128 0.8823
0.9128 0.8758
0.9128 0.8694
0.9129 0.8629
0.9129 0.8565
0.9129 0.8501
0.9129 0.8436
0.9130 0.8372
0.9130 0.8307
0.9130 0.8243
0.9131 0.8179
0.9131 0.8114
0.9131 0.8050
0.9132 0.7985
0.9132 0.7921
0.9132 0.7857
0.9132 0.7792
0.9133 0.7728
0.9133 0.7663
0.9133 0.7599
0.9134 0.7535
0.9134 0.7470
0.9134 0.7406
0.9135 0.7341
0.9135 0.7277
0.9135 0.7213
0.9136 0.7148
0.9136 0.7084
0.9136 0.7019
0.9136 0.6955
0.9137 0.6891
0.9137 0.6826
0.9137 0.6762
0.9138 0.6697
0.9138 0.6633
0.9138 0.6569
0.9139 0.6504
0.9139 0.6440
0.9139 0.6375
0.9140 0.6311
0.9140 0.6246
0.9140 0.6182
0.9140 0.6118
0.9141 0.6053
0.9141 0.5989
0.9141 0.5924
0.9142 0.5860
0.9142 0.5796
0.9142 0.5731
0.9143 0.5667
0.9143 0.5602
0.9143 0.5538
0.9144 0.5474
0.9144 0.5409
0.9144 0.5345
0.9144 0.5280
0.9145 0.5216
0.9145 0.5152
0.9145 0.5087
0.9146 0.5023
0.9146 0.4958
0.9146 0.4894
0.9147 0.4830
0.9147 0.4765
0.9147 0.4701
0.9148 0.4636
0.9148 0.4572
0.9148 0.4508
0.9148 0.4443
0.9149 0.4379
0.9149 0.4314
0.9149 0.4250
0.9150 0.4186
0.9150 0.4121
0.9150 0.4057
0.9151 0.3992
0.9151 0.3928
0.9151 0.3864
0.9152 0.3799
0.9152 0.3735
0.9152 0.3670
0.9152 0.3606
0.9153 0.3542
0.9153 0.3477
0.9153 0.3413
0.9154 0.3348
0.9154 0.3284
0.9154 0.3220
0.9155 0.3155
0.9155 0.3091
0.9155 0.3026
0.9156 0.2962
0.9156 0.2898
0.9156 0.2833
0.9156 0.2769
0.9157 0.2704
0.9157 0.2640
0.9157 0.2576
0.9158 0.2511
0.9158 0.2447
0.9158 0.2382
0.9159 0.2318
0.9159 0.2254
0.9159 0.2189
0.9160 0.2125
0.9160 0.2060
0.9160 0.1996
0.9160 0.1932
0.9161 0.1867
0.9161 0.1803
0.9161 0.1738
0.9162 0.1674
0.9162 0.1610
0.9162 0.1545
0.9163 0.1481
0.9163 0.1416
0.9163 0.1352
0.9164 0.1288
0.9164 0.1223
0.9164 0.1159
0.9164 0.1094
0.9165 0.1030
0.9165 0.0966
0.9165 0.0901
0.9166 0.0837
0.9166 0.0772
0.9166 0.0708
0.9167 0.0644
0.9167 0.0579
0.9167 0.0515
0.9168 0.0450
0.9168 0.0386
0.9168 0.0322
0.9168 0.0257
0.9169 0.0193
0.9169 0.0128
0.9169 0.0064
0.9170 -0.0000
0.9170 -0.0065
0.9170 -0.0129
0.9171 -0.0194
0.9171 -0.0258
0.9171 -0.0323
0.9172 -0.0387
0.9172 -0.0451
0.9172 -0.0516
0.9172 -0.0580
0.9173 -0.0645
0.9173 -0.0709
0.9173 -0.0773
0.9174 -0.0838
0.9174 -0.0902
0.9174 -0.0967
0.9175 -0.1031
0.9175 -0.1095
0.9175 -0.1160
0.9176 -0.1224
0.9176 -0.1289
0.9176 -0.1353
0.9176 -0.1417
0.9177 -0.1482
0.9177 -0.1546
0.9177 -0.1611
0.9178 -0.1675
0.9178 -0.1739
0.9178 -0.1804
0.9179 -0.1868
0.9179 -0.1933
0.9179 -0.1997
0.9180 -0.2061
0.9180 -0.2126
0.9180 -0.2190
0.9180 -0.2255
0.9181 -0.2319
0.9181 -0.2383
0.9181 -0.2448
0.9182 -0.2512
0.9182 -0.2577
0.9182 -0.2641
0.9184 -0.2673
0.9190 -0.2705
0.9206 -0.2767
0.9222 -0.2830
0.9238 -0.2892
0.9254 -0.2954
0.9263 -0.2985
0.9277 -0.3014
0.9294 -0.3042
0.9314 -0.3067
0.9357 -0.3115
0.9400 -0.3163
0.9443 -0.3210
0.9466 -0.3233
0.9492 -0.3253
0.9519 -0.3269
0.9549 -0.3282
0.9580 -0.3291
0.9642 -0.3306
0.9705 -0.3320
0.9768 -0.3335
0.9830 -0.3350
0.9893 -0.3364
0.9956 -0.3379
1.0019 -0.3393
1.0081 -0.3408
1.0144 -0.3423
1.0207 -0.3437
1.0270 -0.3452
1.0332 -0.3467
1.0395 -0.3481
1.0458 -0.3496
1.0520 -0.3511
1.0583 -0.3525
1.0646 -0.3540
1.0709 -0.3555
1.0771 -0.3569
1.0834 -0.3584
1.0897 -0.3598
1.0959 -0.3613
1.1022 -0.3628
1.1085 -0.3642
1.1148 -0.3657
1.1210 -0.3672
1.1273 -0.3686
1.1336 -0.3701
1.1398 -0.3716
1.1461 -0.3730
1.1524 -0.3745
1.1587 -0.3760
1.1617 -0.3769
1.1647 -0.3782
1.1675 -0.3798
1.1700 -0.3818
1.1723 -0.3840
1.1743 -0.3865
1.1760 -0.3893
1.1773 -0.3922
1.1783 -0.3953
1.1789 -0.3984
1.1791 -0.4016
1.1789 -0.4048
1.1784 -0.4080
1.1774 -0.4111
1.1761 -0.4140
1.1731 -0.4197
1.1702 -0.4254
1.1672 -0.4312
1.1642 -0.4369
1.1612 -0.4426
1.1582 -0.4483
1.1552 -0.4540
1.1523 -0.4597
1.1493 -0.4654
1.1463 -0.4711
1.1433 -0.4768
1.1403 -0.4825
1.1374 -0.4882
1.1344 -0.4939
1.1314 -0.4997
1.1284 -0.5054
1.1254 -0.5111
1.1225 -0.5168
1.1195 -0.5225
1.1165 -0.5282
1.1135 -0.5339
1.1105 -0.5396
1.1075 -0.5453
1.1046 -0.5510
1.1016 -0.5567
1.0986 -0.5625
1.0956 -0.5682
1.0926 -0.5739
1.0897 -0.5796
1.0867 -0.5853
1.0837 -0.5910
1.0807 -0.5967
1.0777 -0.6024
1.0748 -0.6081
1.0718 -0.6138
1.0705 -0.6168
1.0695 -0.6198
1.0689 -0.6230
1.0682 -0.6294
1.0674 -0.6358
1.0667 -0.6422
1.0659 -0.6486
1.0652 -0.6550
1.0644 -0.6614
1.0637 -0.6678
1.0629 -0.6742
1.0622 -0.6806
1.0614 -0.6870
1.0607 -0.6934
1.0599 -0.6998
1.0592 -0.7062
1.0584 -0.7126
1.0577 -0.7190
1.0569 -0.7254
1.0562 -0.7318
1.0554 -0.7381
1.0547 -0.7445
1.0539 -0.7509
1.0532 -0.7573
1.0524 -0.7637
1.0517 -0.7701
1.0509 -0.7765
1.0502 -0.7829
1.0494 -0.7893
1.0487 -0.7957
1.0479 -0.8021
1.0472 -0.8085
1.0464 -0.8149
1.0457 -0.8213
1.0449 -0.8277
1.0442 -0.8341
1.0434 -0.8405
1.0427 -0.8469
1.0419 -0.8533
1.0412 -0.8597
1.0404 -0.8661
1.0397 -0.8725
1.0389 -0.8789
1.0388 -0.8821
1.0390 -0.8853
1.0396 -0.8885
1.0405 -0.8915
1.0419 -0.8944
1.0436 -0.8972
1.0456 -0.8997
1.0479 -0.9020
1.0504 -0.9039
1.0532 -0.9056
1.0561 -0.9068
1.0592 -0.9078
1.0624 -0.9083
1.0656 -0.9085
1.0688 -0.9082
1.0720 -0.9076
1.0770 -0.9064
1.0824 -0.9052
1.0882 -0.9038
1.0941 -0.9025
1.1002 -0.9011
1.1063 -0.8997
1.1125 -0.8982
1.1187 -0.8968
1.1250 -0.8954
1.1312 -0.8939
1.1375 -0.8925
1.1438 -0.8910
1.1500 -0.8896
1.1563 -0.8881
1.1594 -0.8872
1.1649 -0.8852
1.1706 -0.8829
1.1764 -0.8806
1.1822 -0.8782
1.1877 -0.8759
1.1935 -0.8734
1.1991 -0.8710
1.2047 -0.8684
1.2101 -0.8658
1.2157 -0.8632
1.2209 -0.8606
1.2264 -0.8579
1.2311 -0.8553
1.2340 -0.8535
1.2365 -0.8514
1.2387 -0.8491
1.2406 -0.8465
1.2439 -0.8415
1.2471 -0.8362
1.2503 -0.8311
1.2534 -0.8257
1.2564 -0.8205
1.2593 -0.8152
1.2623 -0.8096
1.2649 -0.8047
1.2672 -0.8002
1.2686 -0.7974
1.2700 -0.7945
1.2714 -0.7916
1.2729 -0.7887
1.2743 -0.7858
1.2757 -0.7829
1.2771 -0.7800
1.2786 -0.7769
1.2800 -0.7740
1.2815 -0.7707
1.2829 -0.7677
1.2843 -0.7647
1.2856 -0.7618
1.2872 -0.7581
1.2884 -0.7551
1.2896 -0.7522
1.2909 -0.7492
1.2922 -0.7460
1.2934 -0.7430
1.2948 -0.7395
1.2959 -0.7365
1.2978 -0.7307
1.2997 -0.7248
1.3008 -0.7208
1.3013 -0.7176
1.3014 -0.7144
1.3011 -0.7112
1.3005 -0.7081
1.2995 -0.7050
1.2981 -0.7021
1.2963 -0.6994
1.2943 -0.6969
1.2908 -0.6934
1.2874 -0.6899
1.2849 -0.6875
1.2826 -0.6853
1.2783 -0.6806
1.2756 -0.6773
1.2737 -0.6746
1.2723 -0.6718
1.2697 -0.6660
1.2679 -0.6617
1.2660 -0.6572
1.2647 -0.6538
1.2636 -0.6508
1.2624 -0.6478
1.2610 -0.6441
1.2599 -0.6411
1.2583 -0.6360
1.2566 -0.6306
1.2548 -0.6247
1.2537 -0.6204
1.2532 -0.6172
1.2531 -0.6140
1.2534 -0.6108
1.2541 -0.6077
1.2552 -0.6046
1.2566 -0.6017
1.2580 -0.5988
1.2595 -0.5960
1.2609 -0.5931
1.2626 -0.5895
1.2639 -0.5865
1.2653 -0.5836
1.2666 -0.5807
1.2682 -0.5772
1.2694 -0.5743
1.2707 -0.5713
1.2720 -0.5684
1.2735 -0.5648
1.2747 -0.5618
1.2759 -0.5588
1.2771 -0.5558
1.2784 -0.5524
1.2796 -0.5494
1.2808 -0.5462
1.2819 -0.5432
1.2832 -0.5396
1.2843 -0.5366
1.2856 -0.5327
1.2865 -0.5297
1.2880 -0.5237
1.2896 -0.5176
1.2907 -0.5128
1.2918 -0.5069
1.2925 -0.5019
1.2928 -0.4979
1.2928 -0.4947
1.2923 -0.4915
1.2914 -0.4884
1.2902 -0.4854
1.2886 -0.4826
1.2852 -0.4774
1.2835 -0.4745
1.2819 -0.4717
1.2803 -0.4689
1.2783 -0.4654
1.2768 -0.4625
1.2751 -0.4591
1.2736 -0.4563
1.2718 -0.4526
1.2705 -0.4496
1.2689 -0.4461
1.2676 -0.4431
1.2657 -0.4380
1.2635 -0.4324
1.2612 -0.4264
1.2595 -0.4215
1.2587 -0.4184
1.2582 -0.4152
1.2582 -0.4120
1.2585 -0.4088
1.2593 -0.4057
1.2604 -0.4027
1.2618 -0.3991
1.2631 -0.3957
1.2642 -0.3927
1.2653 -0.3896
1.2665 -0.3866
1.2676 -0.3836
1.2687 -0.3805
1.2700 -0.3769
1.2711 -0.3739
1.2721 -0.3708
1.2732 -0.3678
1.2744 -0.3641
1.2754 -0.3610
1.2765 -0.3575
1.2775 -0.3540
1.2789 -0.3490
1.2805 -0.3435
1.2821 -0.3379
1.2834 -0.3332
1.2842 -0.3290
1.2851 -0.3228
1.2857 -0.3176
1.2862 -0.3118
1.2866 -0.3063
1.2866 -0.3013
1.2864 -0.2968
1.2858 -0.2920
1.2850 -0.2872
1.2838 -0.2823
1.2827 -0.2786
1.2814 -0.2757
1.2790 -0.2714
1.2775 -0.2686
1.2760 -0.2655
1.2745 -0.2627
1.2723 -0.2579
1.2702 -0.2533
1.2679 -0.2478
1.2665 -0.2440
1.2658 -0.2408
1.2654 -0.2376
1.2654 -0.2344
1.2658 -0.2312
1.2666 -0.2281
1.2684 -0.2224
1.2701 -0.2165
1.2717 -0.2108
1.2733 -0.2053
1.2744 -0.2011
1.2756 -0.1951
1.2768 -0.1892
1.2776 -0.1842
1.2784 -0.1780
1.2792 -0.1717
1.2797 -0.1663
1.2803 -0.1602
1.2809 -0.1540
1.2814 -0.1476
1.2818 -0.1421
1.2821 -0.1360
1.2823 -0.1301
1.2823 -0.1242
1.2823 -0.1184
1.2821 -0.1125
1.2818 -0.1065
1.2813 -0.1004
1.2808 -0.0943
1.2804 -0.0885
1.2801 -0.0826
1.2799 -0.0765
1.2798 -0.0703
1.2797 -0.0641
1.2797 -0.0579
1.2798 -0.0517
1.2799 -0.0455
1.2800 -0.0392
1.2802 -0.0330
1.2804 -0.0268
1.2807 -0.0204
1.2810 -0.0141
1.2812 -0.0077
1.2813 -0.0021
1.2813 0.0038
1.2811 0.0097
1.2809 0.0158
1.2807 0.0216
1.2806 0.0277
1.2805 0.0339
1.2806 0.0401
1.2806 0.0464
1.2807 0.0526
1.2808 0.0590
1.2810 0.0654
1.2811 0.0718
1.2810 0.0773
1.2809 0.0833
1.2807 0.0892
1.2806 0.0954
1.2806 0.1016
1.2807 0.1079
1.2807 0.1142
1.2807 0.1205
1.2807 0.1269
1.2807 0.1332
1.2807 0.1396
1.2806 0.1460
1.2806 0.1524
1.2805 0.1588
1.2805 0.1652
1.2804 0.1716
1.2803 0.1780
1.2802 0.1844
1.2801 0.1908
1.2800 0.1972
1.2799 0.2036
1.2798 0.2100
1.2797 0.2164
1.2795 0.2228
1.2794 0.2292
1.2792 0.2356
1.2790 0.2420
1.2789 0.2484
1.2787 0.2548
1.2785 0.2612
1.2783 0.2676
1.2781 0.2740
1.2778 0.2804
1.2777 0.2862
1.2776 0.2921
1.2775 0.2981
1.2773 0.3043
1.2772 0.3105
1.2770 0.3167
1.2768 0.3231
1.2767 0.3293
1.2765 0.3357
1.2763 0.3420
1.2761 0.3484
1.2759 0.3548
1.2756 0.3612
1.2754 0.3676
1.2752 0.3740
1.2750 0.3804
1.2748 0.3862
1.2747 0.3920
1.2745 0.3980
1.2744 0.4041
1.2742 0.4102
1.2740 0.4164
1.2738 0.4227
1.2736 0.4289
1.2734 0.4353
1.2732 0.4416
1.2730 0.4480
1.2728 0.4543
1.2725 0.4607
1.2723 0.4671
1.2721 0.4736
1.2718 0.4799
1.2716 0.4857
1.2715 0.4915
1.2713 0.4976
1.2712 0.5036
1.2710 0.5098
1.2708 0.5160
1.2706 0.5223
1.2704 0.5286
1.2702 0.5350
1.2699 0.5413
1.2697 0.5477
1.2695 0.5541
1.2692 0.5605
1.2690 0.5669
1.2688 0.5726
1.2687 0.5785
1.2685 0.5845
1.2684 0.5906
1.2682 0.5969
1.2680 0.6031
1.2678 0.6094
1.2676 0.6157
1.2674 0.6221
1.2672 0.6284
1.2670 0.6349
1.2668 0.6412
1.2665 0.6477
1.2663 0.6541
1.2660 0.6605
1.2659 0.6663
1.2658 0.6722
1.2656 0.6783
1.2654 0.6844
1.2653 0.6907
1.2651 0.6969
1.2649 0.7033
1.2647 0.7096
1.2645 0.7160
1.2643 0.7224
1.2641 0.7288
1.2639 0.7352
1.2636 0.7416
1.2634 0.7480
1.2632 0.7545
1.2630 0.7609
1.2628 0.7667
1.2627 0.7726
1.2625 0.7787
1.2624 0.7849
1.2622 0.7912
1.2620 0.7974
1.2618 0.8038
1.2617 0.8102
1.2615 0.8166
1.2613 0.8230
1.2611 0.8294
1.2609 0.8358
1.2607 0.8423
1.2604 0.8487
1.2602 0.8551
1.2600 0.8615
1.2599 0.8673
1.2597 0.8733
1.2594 0.8765
1.2588 0.8796
1.2577 0.8826
1.2563 0.8855
1.2545 0.8882
1.2525 0.8907
1.2501 0.8929
1.2475 0.8948
1.2447 0.8964
1.2417 0.8976
1.2386 0.8984
1.2343 0.8991
1.2293 0.8996
1.2237 0.9000
1.2177 0.9002
1.2114 0.9003
1.2052 0.9004
1.1990 0.9005
1.1926 0.9005
1.1861 0.9005
1.1799 0.9005
1.1735 0.9004
1.1671 0.9004
1.1606 0.9004
1.1542 0.9003
1.1477 0.9003
1.1413 0.9002
1.1349 0.9002
1.1284 0.9001
1.1220 0.9001
1.1155 0.9000
1.1091 0.9000
1.1026 0.9000
1.0962 0.8999
1.0898 0.8999
1.0833 0.8998
1.0769 0.8998
1.0704 0.8997
1.0640 0.8997
1.0576 0.8997
1.0511 0.8996
1.0447 0.8996
1.0382 0.8995
1.0318 0.8995
1.0254 0.8994
1.0189 0.8994
1.0125 0.8993
1.0060 0.8993
0.9996 0.8993
0.9932 0.8992
0.9867 0.8992
0.9803 0.8991
0.9738 0.8991
0.9674 0.8990
0.9610 0.8990
0.9545 0.8990
0.9481 0.8989
0.9416 0.8989
0.9352 0.8988
0.9288 0.8988
0.9223 0.8987
0.9159 0.8987
0.9094 0.8986
0.9030 0.8986
0.8966 0.8986
0.8901 0.8985
0.8837 0.8985
0.8772 0.8984
0.8708 0.8984
0.8644 0.8983
0.8579 0.8983
0.8515 0.8983
0.8450 0.8982
0.8386 0.8982
0.8322 0.8981
0.8257 0.8981
0.8193 0.8980
0.8128 0.8980
0.8064 0.8980
0.8000 0.8979
0.7935 0.8979
0.7871 0.8978
0.7806 0.8978
0.7742 0.8977
0.7678 0.8977
0.7646 0.8975
0.7614 0.8969
0.7583 0.8959
0.7554 0.8945
0.7527 0.8928
0.7502 0.8908
0.7469 0.8877
0.7426 0.8831
0.7382 0.8785
0.7338 0.8738
0.7294 0.8691
0.7250 0.8644
0.7206 0.8597
0.7161 0.8550
0.7117 0.8503
0.7073 0.8456
0.7029 0.8409
0.6985 0.8362
0.6941 0.8316
0.6897 0.8269
0.6852 0.8222
0.6808 0.8175
0.6764 0.8128
0.6720 0.8081
0.6676 0.8034
0.6632 0.7987
0.6588 0.7940
0.6544 0.7893
0.6499 0.7847
0.6455 0.7800
0.6411 0.7753
0.6391 0.7728
0.6373 0.7701
0.6359 0.7672
0.6345 0.7643
0.6331 0.7614
0.6321 0.7584
0.6314 0.7552
0.6311 0.7520
0.6312 0.7488
0.6317 0.7456
0.6326 0.7425
0.6339 0.7396
0.6351 0.7366
0.6360 0.7335
0.6369 0.7304
0.6378 0.7273
0.6386 0.7242
0.6395 0.7211
0.6404 0.7180
0.6413 0.7149
0.6418 0.7117
0.6423 0.7086
0.6428 0.7054
0.6433 0.7022
0.6438 0.6990
0.6443 0.6959
0.6448 0.6927
0.6449 0.6895
0.6450 0.6862
0.6451 0.6830
0.6449 0.6798
0.6442 0.6767
0.6431 0.6736
0.6417 0.6707
0.6400 0.6680
0.6383 0.6653
0.6369 0.6624
0.6354 0.6595
0.6340 0.6566
0.6330 0.6536
0.6323 0.6504
0.6321 0.6472
0.6322 0.6440
0.6327 0.6408
0.6336 0.6377
0.6348 0.6348
0.6361 0.6318
0.6369 0.6287
0.6378 0.6256
0.6387 0.6225
0.6396 0.6194
0.6405 0.6163
0.6410 0.6132
0.6415 0.6100
0.6420 0.6068
0.6425 0.6036
0.6430 0.6004
0.6435 0.5973
0.6440 0.5941
0.6445 0.5909
0.6450 0.5877
0.6451 0.5845
0.6448 0.5813
0.6441 0.5782
0.6431 0.5751
0.6417 0.5722
0.6400 0.5695
0.6382 0.5668
0.6368 0.5639
0.6354 0.5610
0.6340 0.5581
0.6330 0.5551
0.6323 0.5519
0.6320 0.5487
0.6321 0.5455
0.6326 0.5423
0.6335 0.5392
0.6348 0.5363
0.6360 0.5333
0.6369 0.5302
0.6378 0.5271
0.6387 0.5240
0.6395 0.5209
0.6404 0.5178
0.6409 0.5146
0.6414 0.5115
0.6419 0.5083
0.6424 0.5051
0.6429 0.5019
0.6434 0.4988
0.6439 0.4956
0.6444 0.4924
0.6449 0.4892
0.6451 0.4860
0.6448 0.4828
0.6441 0.4796
0.6431 0.4766
0.6417 0.4737
0.6399 0.4710
0.6382 0.4683
0.6368 0.4654
0.6354 0.4625
0.6340 0.4596
0.6329 0.4566
0.6323 0.4534
0.6320 0.4502
0.6321 0.4470
0.6326 0.4438
0.6335 0.4407
0.6347 0.4378
0.6360 0.4348
0.6369 0.4317
0.6377 0.4286
0.6386 0.4255
0.6395 0.4224
0.6404 0.4193
0.6413 0.4162
0.6422 0.4131
0.6427 0.4099
0.6432 0.4068
0.6437 0.4036
0.6442 0.4004
0.6447 0.3972
0.6448 0.3940
0.6449 0.3908
0.6450 0.3876
0.6447 0.3844
0.6441 0.3812
0.6430 0.3782
0.6416 0.3753
0.6402 0.3724
0.6388 0.3695
0.6374 0.3666
0.6360 0.3637
0.6346 0.3608
0.6335 0.3578
0.6329 0.3546
0.6326 0.3514
0.6327 0.3482
0.6332 0.3450
0.6341 0.3419
0.6350 0.3388
0.6355 0.3356
0.6360 0.3325
0.6365 0.3293
0.6370 0.3261
0.6375 0.3229
0.6380 0.3197
0.6385 0.3166
0.6386 0.3134
0.6387 0.3101
0.6388 0.3069
0.6389 0.3037
0.6391 0.3005
0.6392 0.2973
0.6393 0.2941
0.6390 0.2909
0.6387 0.2876
0.6384 0.2844
0.6382 0.2812
0.6379 0.2780
0.6376 0.2748
0.6373 0.2716
0.6370 0.2684
0.6368 0.2652
0.6361 0.2621
0.6354 0.2589
0.6348 0.2558
0.6341 0.2526
0.6334 0.2495
0.6328 0.2463
0.6321 0.2432
0.6311 0.2401
0.6297 0.2372
0.6279 0.2345
0.6259 0.2320
0.6235 0.2298
0.6188 0.2259
0.6138 0.2219
0.6088 0.2178
0.6038 0.2138
0.5988 0.2097
0.5939 0.2056
0.5889 0.2016
0.5839 0.1975
0.5789 0.1934
0.5739 0.1894
0.5689 0.1853
0.5665 0.1831
0.5644 0.1807
0.5624 0.1782
0.5603 0.1758
0.5582 0.1733
0.5561 0.1709
0.5540 0.1684
0.5519 0.1660
0.5498 0.1635
0.5475 0.1613
0.5451 0.1592
0.5427 0.1570
0.5404 0.1548
0.5380 0.1526
0.5356 0.1504
0.5333 0.1483
0.5283 0.1442
0.5233 0.1402
0.5183 0.1361
0.5133 0.1321
0.5083 0.1280
0.5033 0.1240
0.4983 0.1199
0.4933 0.1159
0.4883 0.1118
0.4833 0.1077
0.4783 0.1037
0.4733 0.0996
0.4683 0.0956
0.4633 0.0915
0.4583 0.0875
0.4533 0.0834
0.4483 0.0794
0.4433 0.0753
0.4383 0.0712
0.4333 0.0672
0.4283 0.0631
0.4233 0.0591
0.4183 0.0550
0.4133 0.0510
0.4083 0.0469
0.4033 0.0429
0.3983 0.0388
0.3933 0.0347
0.3883 0.0307
0.3833 0.0266
0.3783 0.0226
0.3732 0.0185
0.3682 0.0145
0.3632 0.0104
0.3582 0.0064
0.3532 0.0023
0.3482 -0.0018
0.3432 -0.0058
0.3382 -0.0099
0.3332 -0.0139
0.3282 -0.0180
0.3232 -0.0220
0.3182 -0.0261
0.3132 -0.0301
0.3082 -0.0342
0.3032 -0.0383
0.2982 -0.0423
0.2932 -0.0464
0.2882 -0.0504
0.2832 -0.0545
0.2782 -0.0585
0.2732 -0.0626
0.2682 -0.0666
0.2632 -0.0707
0.2582 -0.0748
0.2532 -0.0788
0.2482 -0.0829
0.2432 -0.0869
0.2382 -0.0910
0.2332 -0.0950
0.2282 -0.0991
0.2232 -0.1031
0.2182 -0.1072
0.2132 -0.1113
0.2082 -0.1153
0.2031 -0.1194
0.1981 -0.1234
0.1931 -0.1275
0.1881 -0.1315
0.1831 -0.1356
0.1781 -0.1396
0.1731 -0.1437
0.1681 -0.1478
0.1631 -0.1518
0.1581 -0.1559
0.1531 -0.1599
0.1481 -0.1640
0.1431 -0.1680
0.1381 -0.1721
0.1331 -0.1761
0.1281 -0.1802
0.1231 -0.1843
0.1181 -0.1883
0.1131 -0.1924
0.1081 -0.1964
0.1031 -0.2005
0.0981 -0.2045
0.0931 -0.2086
0.0881 -0.2126
0.0831 -0.2167
0.0781 -0.2208
0.0731 -0.2248
0.0681 -0.2289
0.0631 -0.2329
0.0581 -0.2370
0.0531 -0.2410
0.0481 -0.2451
0.0431 -0.2491
0.0381 -0.2532
0.0330 -0.2573
0.0280 -0.2613
0.0230 -0.2654
0.0180 -0.2694
0.0130 -0.2735
0.0080 -0.2775
0.0030 -0.2816
-0.0020 -0.2856
-0.0070 -0.2897
-0.0120 -0.2938
-0.0170 -0.2978
-0.0220 -0.3019
-0.0270 -0.3059
-0.0320 -0.3100
-0.0370 -0.3140
-0.0420 -0.3181
-0.0470 -0.3221
-0.0520 -0.3262
-0.0570 -0.3303
-0.0620 -0.3343
-0.0670 -0.3384
-0.0720 -0.3424
-0.0770 -0.3465
-0.0820 -0.3505
-0.0870 -0.3546
-0.0920 -0.3586
-0.0970 -0.3627
-0.1020 -0.3668
-0.1070 -0.3708
-0.1120 -0.3749
-0.1170 -0.3789
-0.1220 -0.3830
-0.1270 -0.3870
-0.1320 -0.3911
-0.1371 -0.3951
-0.1421 -0.3992
-0.1471 -0.4033
-0.1521 -0.4073
-0.1571 -0.4114
-0.1621 -0.4154
-0.1671 -0.4195
-0.1721 -0.4235
-0.1771 -0.4276
-0.1821 -0.4316
-0.1871 -0.4357
-0.1921 -0.4398
-0.1971 -0.4438
-0.2021 -0.4479
-0.2071 -0.4519
-0.2121 -0.4560
-0.2171 -0.4600
-0.2221 -0.4641
-0.2271 -0.4681
-0.2321 -0.4722
-0.2371 -0.4763
-0.2421 -0.4803
-0.2471 -0.4844
-0.2521 -0.4884
-0.2571 -0.4925
-0.2621 -0.4965
-0.2671 -0.5006
-0.2721 -0.5046
-0.2771 -0.5087
-0.2821 -0.5128
-0.2871 -0.5168
-0.2921 -0.5209
-0.2971 -0.5249
-0.3021 -0.5290
-0.3072 -0.5330
-0.3122 -0.5371
-0.3172 -0.5411
-0.3222 -0.5452
-0.3272 -0.5493
-0.3322 -0.5533
-0.3372 -0.5574
-0.3398 -0.5592
-0.3426 -0.5608
-0.3454 -0.5623
-0.3483 -0.5639
-0.3513 -0.5650
-0.3542 -0.5662
-0.3572 -0.5674
-0.3602 -0.5686
-0.3632 -0.5698
-0.3663 -0.5706
-0.3695 -0.5710
-0.3727 -0.5711
-0.3760 -0.5711
-0.3792 -0.5712
-0.3824 -0.5712
-0.3856 -0.5712
-0.3888 -0.5713
-0.3921 -0.5713
-0.3953 -0.5714
-0.3985 -0.5714
-0.4017 -0.5714
-0.4049 -0.5715
-0.4081 -0.5715
-0.4114 -0.5716
-0.4146 -0.5716
-0.4178 -0.5717
-0.4210 -0.5717
-0.4242 -0.5717
-0.4274 -0.5718
-0.4308 -0.5718
-0.4341 -0.5719
-0.4373 -0.5720
-0.4406 -0.5720
-0.4439 -0.5721
-0.4471 -0.5722
-0.4503 -0.5723
-0.4536 -0.5724
-0.4570 -0.5725
-0.4602 -0.5726
-0.4635 -0.5727
-0.4667 -0.5728
-0.4700 -0.5730
-0.4732 -0.5731
-0.4765 -0.5732
-0.4797 -0.5734
-0.4831 -0.5735
-0.4863 -0.5737
-0.4895 -0.5739
-0.4928 -0.5740
-0.4962 -0.5742
-0.4994 -0.5744
-0.5026 -0.5746
-0.5058 -0.5748
-0.5090 -0.5750
-0.5123 -0.5751
-0.5155 -0.5753
-0.5187 -0.5755
-0.5219 -0.5757
-0.5251 -0.5759
-0.5284 -0.5761
-0.5317 -0.5763
-0.5350 -0.5765
-0.5382 -0.5767
-0.5415 -0.5770
-0.5447 -0.5772
-0.5480 -0.5774
-0.5512 -0.5777
-0.5545 -0.5779
-0.5577 -0.5782
-0.5609 -0.5784
-0.5641 -0.5786
-0.5673 -0.5789
-0.5705 -0.5791
-0.5738 -0.5794
-0.5770 -0.5796
-0.5804 -0.5799
-0.5836 -0.5802
-0.5868 -0.5804
-0.5900 -0.5807
-0.5935 -0.5810
-0.5967 -0.5813
-0.5999 -0.5816
-0.6031 -0.5819
-0.6063 -0.5823
-0.6095 -0.5826
-0.6127 -0.5829
-0.6159 -0.5832
-0.6191 -0.5835
-0.6223 -0.5838
-0.6257 -0.5841
-0.6289 -0.5844
-0.6321 -0.5848
-0.6353 -0.5851
-0.6385 -0.5854
-0.6418 -0.5858
-0.6450 -0.5861
-0.6482 -0.5864
-0.6515 -0.5868
-0.6547 -0.5871
-0.6579 -0.5875
-0.6611 -0.5878
-0.6643 -0.5882
-0.6675 -0.5885
-0.6707 -0.5889
-0.6739 -0.5892
-0.6771 -0.5895
-0.6803 -0.5899
-0.6835 -0.5902
-0.6867 -0.5906
-0.6899 -0.5909
-0.6931 -0.5913
-0.6963 -0.5916
-0.6995 -0.5920
-0.7027 -0.5923
-0.7059 -0.5926
-0.7092 -0.5930
-0.7124 -0.5933
-0.7156 -0.5937
-0.7188 -0.5940
-0.7220 -0.5944
-0.7252 -0.5947
-0.7285 -0.5951
-0.7317 -0.5955
-0.7350 -0.5959
-0.7382 -0.5962
-0.7415 -0.5966
-0.7447 -0.5970
-0.7479 -0.5974
-0.7511 -0.5978
-0.7543 -0.5982
-0.7575 -0.5986
-0.7607 -0.5990
-0.7639 -0.5994
-0.7673 -0.5998
-0.7705 -0.6003
-0.7737 -0.6007
-0.7769 -0.6011
-0.7801 -0.6015
-0.7833 -0.6020
-0.7880 -0.6030
-0.7912 -0.6037
-0.7943 -0.6043
-0.7999 -0.6056
-0.8030 -0.6065
-0.8060 -0.6074
-0.8091 -0.6083
-0.8122 -0.6092
-0.8153 -0.6101
-0.8196 -0.6115
-0.8226 -0.6125
-0.8257 -0.6136
-0.8287 -0.6146
-0.8316 -0.6161
-0.8345 -0.6175
-0.8374 -0.6189
-0.8403 -0.6203
-0.8432 -0.6217
-0.8461 -0.6231
-0.8490 -0.6245
-0.8517 -0.6263
-0.8544 -0.6280
-0.8571 -0.6298
-0.8598 -0.6315
-0.8625 -0.6333
-0.8652 -0.6350
-0.8679 -0.6368
-0.8703 -0.6389
-0.8728 -0.6409
-0.8753 -0.6430
-0.8777 -0.6451
-0.8802 -0.6471
-0.8827 -0.6492
-0.8851 -0.6512
-0.8873 -0.6536
-0.8895 -0.6559
-0.8917 -0.6583
-0.8939 -0.6606
-0.8961 -0.6630
-0.8983 -0.6653
-0.9005 -0.6677
-0.9026 -0.6705
-0.9045 -0.6730
-0.9064 -0.6756
-0.9083 -0.6782
-0.9102 -0.6808
-0.9121 -0.6834
-0.9141 -0.6860
-0.9166 -0.6895
-0.9196 -0.6936
-0.9228 -0.6981
-0.9262 -0.7029
-0.9298 -0.7078
-0.9334 -0.7128
-0.9370 -0.7179
-0.9407 -0.7231
-0.9445 -0.7282
-0.9482 -0.7334
-0.9520 -0.7386
-0.9557 -0.7438
-0.9595 -0.7491
-0.9632 -0.7543
-0.9670 -0.7595
-0.9707 -0.7647
-0.9745 -0.7700
-0.9783 -0.7752
-0.9820 -0.7804
-0.9858 -0.7856
-0.9895 -0.7909
-0.9933 -0.7961
-0.9971 -0.8013
-1.0008 -0.8065
-1.0046 -0.8118
-1.0084 -0.8170
-1.0121 -0.8222
-1.0159 -0.8274
-1.0196 -0.8327
-1.0234 -0.8379
-1.0272 -0.8431
-1.0309 -0.8484
-1.0347 -0.8536
-1.0385 -0.8588
-1.0422 -0.8640
-1.0460 -0.8693
-1.0497 -0.8745
-1.0535 -0.8797
-1.0573 -0.8849
-1.0610 -0.8902
-1.0648 -0.8954
-1.0686 -0.9006
-1.0723 -0.9059
-1.0761 -0.9111
-1.0798 -0.9163
-1.0836 -0.9215
-1.0874 -0.9268
-1.0911 -0.9320
-1.0949 -0.9372
-1.0987 -0.9424
-1.1024 -0.9477
-1.1062 -0.9529
-1.1099 -0.9581
-1.1137 -0.9633
-1.1175 -0.9686
-1.1212 -0.9738
-1.1250 -0.9790
-1.1288 -0.9843
-1.1325 -0.9895
-1.1363 -0.9947
-1.1400 -0.9999
-1.1438 -1.0052
-1.1476 -1.0104
-1.1513 -1.0156
-1.1551 -1.0208
-1.1589 -1.0261
-1.1606 -1.0288
-1.1620 -1.0317
-1.1633 -1.0346
-1.1647 -1.0375
-1.1661 -1.0404
-1.1675 -1.0433
-1.1685 -1.0464
-1.1695 -1.0509
-1.1702 -1.0555
-1.1706 -1.0599
-1.1708 -1.0658
-1.1711 -1.0707
-1.1713 -1.0756
-1.1716 -1.0793
-1.1720 -1.0837
-1.1724 -1.0884
-1.1728 -1.0938
-1.1733 -1.0985
-1.1741 -1.1044
-1.1748 -1.1100
-1.1757 -1.1153
-1.1768 -1.1209
-1.1780 -1.1261
-1.1794 -1.1309
-1.1809 -1.1350
-1.1826 -1.1385
-1.1852 -1.1432
-1.1881 -1.1485
-1.1910 -1.1536
-1.1943 -1.1591
-1.1974 -1.1643
-1.2007 -1.1697
-1.2040 -1.1750
-1.2073 -1.1803
-1.2106 -1.1856
-1.2139 -1.1908
-1.2173 -1.1961
-1.2205 -1.2010
-1.2238 -1.2061
-1.2272 -1.2110
-1.2305 -1.2154
-1.2342 -1.2202
-1.2375 -1.2246
-1.2413 -1.2294
-1.2449 -1.2337
-1.2486 -1.2382
-1.2518 -1.2421
-1.2546 -1.2455
-1.2567 -1.2479
-1.2588 -1.2504
-1.2609 -1.2528
-1.2630 -1.2552
-1.2651 -1.2577
-1.2672 -1.2601
-1.2693 -1.2626
-1.2714 -1.2650
-1.2735 -1.2674
-1.2758 -1.2701
-1.2779 -1.2725
-1.2801 -1.2749
-1.2822 -1.2773
-1.2843 -1.2797
-1.2865 -1.2822
-1.2886 -1.2846
-1.2904 -1.2872
-1.2919 -1.2901
-1.2930 -1.2931
-1.2938 -1.2962
-1.2941 -1.2994
-1.2941 -1.3026
-1.2937 -1.3058
-1.2929 -1.3090
-1.2918 -1.3120
-1.2902 -1.3138
-1.2884 -1.3122
-1.2862 -1.3141
-1.2838 -1.3124
-1.2811 -1.3142
-1.2783 -1.3129
-1.2752 -1.3140
-1.2721 -1.3139
-1.2689 -1.3142
-1.2657 -1.3142
-1.2625 -1.3137
-1.2594 -1.3129
-1.2564 -1.3117
-1.2536 -1.3102
-1.2509 -1.3083
-1.2486 -1.3061
-1.2465 -1.3036
-1.2447 -1.3010
-1.2433 -1.2981
-1.2408 -1.2922
-1.2383 -1.2865
-1.2358 -1.2807
-1.2335 -1.2755
-1.2316 -1.2711
-1.2303 -1.2682
-1.2289 -1.2653
-1.2276 -1.2624
-1.2261 -1.2591
-1.2247 -1.2562
-1.2228 -1.2526
-1.2209 -1.2486
-1.2184 -1.2437
-1.2160 -1.2391
-1.2132 -1.2338
-1.2105 -1.2290
-1.2075 -1.2236
-1.2044 -1.2183
-1.2013 -1.2128
-1.1981 -1.2076
-1.1949 -1.2021
-1.1917 -1.1968
-1.1889 -1.1919
-1.1863 -1.1869
-1.1838 -1.1817
-1.1812 -1.1762
-1.1787 -1.1706
-1.1762 -1.1650
-1.1738 -1.1594
-1.1714 -1.1535
-1.1689 -1.1476
-1.1679 -1.1446
-1.1668 -1.1416
-1.1657 -1.1385
-1.1647 -1.1355
-1.1636 -1.1325
-1.1625 -1.1294
-1.1615 -1.1264
-1.1608 -1.1232
-1.1605 -1.1200
-1.1606 -1.1168
-1.1610 -1.1136
-1.1619 -1.1105
-1.1628 -1.1074
-1.1636 -1.1043
-1.1645 -1.1012
-1.1653 -1.0981
-1.1662 -1.0950
-1.1670 -1.0919
-1.1679 -1.0888
-1.1684 -1.0856
-1.1689 -1.0825
-1.1693 -1.0793
-1.1698 -1.0761
-1.1703 -1.0729
-1.1708 -1.0697
-1.1712 -1.0665
-1.1713 -1.0633
-1.1714 -1.0601
-1.1715 -1.0569
-1.1716 -1.0537
-1.1717 -1.0505
-1.1718 -1.0472
-1.1719 -1.0440
-1.1715 -1.0408
-1.1712 -1.0376
-1.1709 -1.0344
-1.1706 -1.0312
-1.1703 -1.0280
-1.1700 -1.0248
-1.1697 -1.0216
-1.1690 -1.0185
-1.1683 -1.0153
-1.1677 -1.0122
-1.1670 -1.0090
-1.1663 -1.0059
-1.1656 -1.0027
-1.1649 -0.9996
-1.1638 -0.9966
-1.1628 -0.9935
-1.1617 -0.9905
-1.1606 -0.9875
-1.1596 -0.9844
-1.1581 -0.9815
-1.1567 -0.9786
-1.1553 -0.9758
-1.1539 -0.9729
-1.1524 -0.9700
-1.1510 -0.9671
-1.1496 -0.9642
-1.1478 -0.9615
-1.1461 -0.9588
-1.1443 -0.9561
-1.1425 -0.9535
-1.1408 -0.9508
-1.1387 -0.9483
-1.1366 -0.9458
-1.1345 -0.9434
-1.1325 -0.9409
-1.1304 -0.9385
-1.1283 -0.9360
-1.1262 -0.9336
-1.1239 -0.9314
-1.1215 -0.9292
-1.1191 -0.9270
-1.1168 -0.9248
-1.1144 -0.9226
-1.1118 -0.9207
-1.1092 -0.9189
-1.1066 -0.9170
-1.1040 -0.9151
-1.1014 -0.9132
-1.0986 -0.9116
-1.0957 -0.9101
-1.0929 -0.9085
-1.0901 -0.9070
-1.0873 -0.9054
-1.0843 -0.9042
-1.0813 -0.9030
-1.0783 -0.9018
-1.0753 -0.9006
-1.0724 -0.8994
-1.0693 -0.8986
-1.0661 -0.8978
-1.0630 -0.8969
-1.0599 -0.8961
-1.0568 -0.8953
-1.0536 -0.8948
-1.0504 -0.8944
-1.0473 -0.8939
-1.0441 -0.8935
-1.0409 -0.8930
-1.0377 -0.8930
-1.0345 -0.8929
-1.0312 -0.8928
-1.0280 -0.8928
-1.0248 -0.8927
-1.0216 -0.8931
-1.0184 -0.8934
-1.0152 -0.8937
-1.0121 -0.8944
-1.0089 -0.8952
-1.0058 -0.8959
-1.0026 -0.8966
-0.9995 -0.8973
-0.9965 -0.8984
-0.9935 -0.8995
-0.9904 -0.9006
-0.9874 -0.9017
-0.9844 -0.9028
-0.9815 -0.9042
-0.9786 -0.9057
-0.9758 -0.9071
-0.9731 -0.9089
-0.9704 -0.9107
-0.9677 -0.9125
-0.9653 -0.9146
-0.9629 -0.9167
-0.9604 -0.9188
-0.9580 -0.9209
-0.9555 -0.9230
-0.9534 -0.9254
-0.9512 -0.9278
-0.9490 -0.9301
-0.9472 -0.9328
-0.9453 -0.9354
-0.9435 -0.9380
-0.9419 -0.9408
-0.9404 -0.9437
-0.9389 -0.9465
-0.9377 -0.9495
-0.9365 -0.9525
-0.9353 -0.9555
-0.9345 -0.9586
-0.9337 -0.9617
-0.9329 -0.9648
-0.9325 -0.9680
-0.9321 -0.9712
-0.9317 -0.9744
-0.9316 -0.9776
-0.9316 -0.9808
-0.9316 -0.9841
-0.9319 -0.9873
-0.9323 -0.9905
-0.9327 -0.9937
-0.9334 -0.9968
-0.9341 -0.9999
-0.9349 -1.0030
-0.9360 -1.0061
-0.9371 -1.0091
-0.9383 -1.0121
-0.9397 -1.0150
-0.9415 -1.0176
-0.9434 -1.0203
-0.9452 -1.0229
-0.9473 -1.0254
-0.9494 -1.0278
-0.9515 -1.0302
-0.9539 -1.0323
-0.9566 -1.0342
-0.9592 -1.0360
-0.9619 -1.0379
-0.9647 -1.0394
-0.9677 -1.0405
-0.9707 -1.0417
-0.9737 -1.0428
-0.9768 -1.0436
-0.9800 -1.0440
-0.9832 -1.0444
-0.9864 -1.0448
-0.9896 -1.0448
-0.9928 -1.0444
-0.9960 -1.0440
-0.9992 -1.0436
-1.0023 -1.0428
-1.0054 -1.0417
-1.0082 -1.0402
-1.0110 -1.0387
-1.0139 -1.0372
-1.0165 -1.0353
-1.0189 -1.0332
-1.0211 -1.0308
-1.0232 -1.0284
-1.0253 -1.0259
-1.0271 -1.0233
-1.0286 -1.0204
-1.0297 -1.0174
-1.0305 -1.0143
-1.0308 -1.0111
-1.0308 -1.0079
-1.0308 -1.0046
-1.0308 -1.0014
-1.0303 -0.9982
-1.0295 -0.9951
-1.0284 -0.9921
-1.0268 -0.9893
-1.0250 -0.9867
-1.0228 -0.9843
-1.0204 -0.9822
-1.0177 -0.9804
-1.0148 -0.9789
-1.0118 -0.9778
-1.0087 -0.9771
-1.0055 -0.9768
-1.0023 -0.9768
-0.9991 -0.9773
-0.9960 -0.9781
-0.9930 -0.9793
-0.9901 -0.9809
-0.9875 -0.9827
-0.9852 -0.9849
-0.9828 -0.9871
-0.9802 -0.9890
-0.9774 -0.9905
-0.9744 -0.9917
-0.9713 -0.9926
-0.9681 -0.9930
-0.9649 -0.9931
-0.9617 -0.9927
-0.9585 -0.9920
-0.9555 -0.9909
-0.9526 -0.9895
-0.9500 -0.9877
-0.9475 -0.9856
-0.9435 -0.9817
-0.9390 -0.9776
-0.9344 -0.9733
-0.9298 -0.9690
-0.9251 -0.9646
-0.9229 -0.9623
-0.9206 -0.9600
-0.9184 -0.9576
-0.9162 -0.9553
-0.9140 -0.9530
-0.9118 -0.9506
-0.9096 -0.9483
-0.9072 -0.9452
-0.9052 -0.9427
-0.9032 -0.9401
-0.9012 -0.9376
-0.8992 -0.9351
-0.8958 -0.9302
-0.8925 -0.9256
-0.8909 -0.9228
-0.8896 -0.9199
-0.8887 -0.9168
-0.8881 -0.9136
-0.8880 -0.9104
-0.8878 -0.9072
-0.8876 -0.9040
-0.8875 -0.9006
-0.8873 -0.8974
-0.8876 -0.8942
-0.8882 -0.8910
-0.8891 -0.8871
-0.8898 -0.8840
-0.8907 -0.8804
-0.8914 -0.8773
-0.8922 -0.8742
-0.8930 -0.8710
-0.8938 -0.8679
-0.8946 -0.8648
-0.8953 -0.8617
-0.8961 -0.8586
-0.8969 -0.8554
-0.8977 -0.8523
-0.8985 -0.8492
-0.8992 -0.8461
-0.9000 -0.8429
-0.9008 -0.8398
-0.9016 -0.8367
-0.9024 -0.8336
-0.9031 -0.8305
-0.9039 -0.8273
-0.9047 -0.8242
-0.9055 -0.8211
-0.9063 -0.8180
-0.9070 -0.8148
-0.9078 -0.8117
-0.9086 -0.8086
-0.9094 -0.8055
-0.9102 -0.8024
-0.9110 -0.7992
-0.9117 -0.7961
-0.9125 -0.7930
-0.9133 -0.7899
-0.9141 -0.7867
-0.9149 -0.7836
-0.9156 -0.7805
-0.9160 -0.7773
-0.9164 -0.7741
-0.9168 -0.7709
-0.9172 -0.7677
-0.9176 -0.7645
-0.9180 -0.7613
-0.9184 -0.7581
-0.9184 -0.7549
-0.9184 -0.7517
-0.9184 -0.7485
-0.9184 -0.7453
-0.9184 -0.7421
-0.9184 -0.7388
-0.9185 -0.7356
-0.9181 -0.7324
-0.9177 -0.7292
-0.9173 -0.7260
-0.9169 -0.7228
-0.9165 -0.7196
-0.9162 -0.7164
-0.9158 -0.7133
-0.9150 -0.7101
-0.9142 -0.7070
-0.9135 -0.7039
-0.9127 -0.7008
-0.9119 -0.6976
-0.9112 -0.6945
-0.9104 -0.6914
-0.9093 -0.6884
-0.9081 -0.6854
-0.9070 -0.6823
-0.9058 -0.6793
-0.9047 -0.6763
-0.9035 -0.6733
-0.9024 -0.6703
-0.9013 -0.6673
-0.9001 -0.6643
-0.8986 -0.6614
-0.8971 -0.6586
-0.8956 -0.6557
-0.8941 -0.6529
-0.8926 -0.6501
-0.8911 -0.6472
-0.8896 -0.6444
-0.8876 -0.6414
-0.8858 -0.6387
-0.8840 -0.6360
-0.8822 -0.6333
-0.8804 -0.6307
-0.8774 -0.6264
-0.8740 -0.6216
-0.8704 -0.6166
-0.8667 -0.6115
-0.8630 -0.6063
-0.8593 -0.6010
-0.8556 -0.5958
-0.8518 -0.5906
-0.8481 -0.5853
-0.8444 -0.5801
-0.8406 -0.5748
-0.8369 -0.5696
-0.8331 -0.5644
-0.8294 -0.5591
-0.8257 -0.5539
-0.8219 -0.5486
-0.8182 -0.5434
-0.8145 -0.5381
-0.8107 -0.5329
-0.8070 -0.5276
-0.8032 -0.5224
-0.7995 -0.5172
-0.7958 -0.5119
-0.7920 -0.5067
-0.7883 -0.5014
-0.7846 -0.4962
-0.7808 -0.4909
-0.7771 -0.4857
-0.7751 -0.4832
-0.7727 -0.4810
-0.7702 -0.4790
-0.7674 -0.4774
-0.7644 -0.4761
-0.7613 -0.4752
-0.7582 -0.4747
-0.7530 -0.4741
-0.7488 -0.4736
-0.7452 -0.4732
-0.7420 -0.4729
-0.7388 -0.4725
-0.7356 -0.4722
-0.7324 -0.4718
-0.7292 -0.4715
-0.7260 -0.4712
-0.7228 -0.4708
-0.7185 -0.4704
-0.7149 -0.4702
-0.7117 -0.4699
-0.7085 -0.4697
-0.7053 -0.4694
-0.7020 -0.4691
-0.6988 -0.4689
-0.6956 -0.4686
-0.6922 -0.4684
-0.6890 -0.4681
-0.6858 -0.4679
-0.6826 -0.4677
-0.6784 -0.4674
-0.6749 -0.4673
-0.6716 -0.4671
-0.6684 -0.4670
-0.6652 -0.4668
-0.6620 -0.4667
-0.6588 -0.4666
-0.6556 -0.4664
-0.6523 -0.4663
-0.6491 -0.4661
-0.6457 -0.4660
-0.6425 -0.4659
-0.6393 -0.4657
-0.6361 -0.4652
-0.6330 -0.4643
-0.6301 -0.4631
-0.6273 -0.4614
-0.6247 -0.4595
-0.6224 -0.4573
-0.6204 -0.4548
-0.6187 -0.4520
-0.6173 -0.4491
-0.6163 -0.4461
-0.6157 -0.4429
-0.6154 -0.4397
-0.6156 -0.4365
-0.6161 -0.4333
-0.6171 -0.4302
-0.6187 -0.4262
-0.6204 -0.4221
-0.6218 -0.4189
-0.6231 -0.4159
-0.6243 -0.4130
-0.6256 -0.4100
-0.6269 -0.4070
-0.6283 -0.4036
-0.6296 -0.4007
-0.6309 -0.3978
-0.6323 -0.3948
-0.6336 -0.3919
-0.6349 -0.3890
-0.6365 -0.3862
-0.6385 -0.3837
-0.6408 -0.3814
-0.6433 -0.3794
-0.6477 -0.3762
-0.6525 -0.3727
-0.6567 -0.3696
-0.6603 -0.3669
-0.6631 -0.3647
-0.6657 -0.3628
-0.6683 -0.3609
-0.6708 -0.3589
-0.6734 -0.3570
-0.6760 -0.3550
-0.6785 -0.3531
-0.6811 -0.3512
-0.6837 -0.3492
-0.6862 -0.3473
-0.6888 -0.3453
-0.6914 -0.3434
-0.6940 -0.3415
-0.6965 -0.3395
-0.6991 -0.3376
-0.7017 -0.3358
-0.7042 -0.3376
-0.7068 -0.3358
-0.7094 -0.3376
-0.7119 -0.3358
-0.7145 -0.3376
-0.7171 -0.3358
-0.7196 -0.3376
-0.7223 -0.3358
-0.7248 -0.3375
-0.7277 -0.3360
-0.7302 -0.3373
-0.7327 -0.3360
-0.7353 -0.3373
-0.7378 -0.3360
-0.7924 -0.3373
-0.7947 -0.3363
-0.7970 -0.3373
-0.7993 -0.3363
-0.8015 -0.3373
-0.8038 -0.3363
-0.8061 -0.3373
-0.8084 -0.3363
-0.8106 -0.3373
-0.8129 -0.3363
-0.8152 -0.3373
-0.8175 -0.3363
-0.8197 -0.3373
-0.8223 -0.3360
-0.8259 -0.3377
-0.8288 -0.3362
-0.8318 -0.3363
-0.8350 -0.3358
-0.8382 -0.3359
-0.8414 -0.3359
-0.8472 -0.3365
-0.8508 -0.3371
-0.8560 -0.3384
-0.8591 -0.3394
-0.8620 -0.3407
-0.8647 -0.3424
-0.8672 -0.3444
-0.8697 -0.3465
-0.8743 -0.3496
-0.8794 -0.3529
-0.8845 -0.3561
-0.8893 -0.3590
-0.8942 -0.3617
-0.8971 -0.3631
-0.9002 -0.3640
-0.9033 -0.3646
-0.9065 -0.3648
-0.9098 -0.3647
-0.9129 -0.3641
-0.9161 -0.3635
-0.9193 -0.3630
-0.9243 -0.3619
-0.9275 -0.3611
-0.9306 -0.3602
-0.9337 -0.3594
-0.9398 -0.3575
-0.9428 -0.3563
-0.9458 -0.3551
-0.9488 -0.3540
-0.9533 -0.3520
-0.9562 -0.3507
-0.9605 -0.3482
-0.9640 -0.3458
-0.9678 -0.3428
-0.9705 -0.3403
-0.9738 -0.3370
-0.9761 -0.3347
-0.9783 -0.3324
-0.9806 -0.3301
-0.9831 -0.3274
-0.9853 -0.3251
-0.9877 -0.3225
-0.9899 -0.3202
-0.9928 -0.3168
-0.9949 -0.3143
-0.9969 -0.3119
-0.9990 -0.3094
-1.0012 -0.3068
-1.0032 -0.3043
-1.0056 -0.3013
-1.0076 -0.2988
-1.0096 -0.2963
-1.0116 -0.2938
-1.0143 -0.2900
-1.0162 -0.2874
-1.0180 -0.2848
-1.0199 -0.2822
-1.0218 -0.2795
-1.0236 -0.2769
-1.0255 -0.2741
-1.0274 -0.2715
-1.0296 -0.2683
-1.0313 -0.2656
-1.0331 -0.2629
-1.0349 -0.2602
-1.0370 -0.2570
-1.0387 -0.2543
-1.0404 -0.2516
-1.0421 -0.2488
-1.0441 -0.2454
-1.0458 -0.2427
-1.0474 -0.2399
-1.0490 -0.2371
-1.0509 -0.2339
-1.0525 -0.2311
-1.0542 -0.2281
-1.0557 -0.2253
-1.0576 -0.2217
-1.0591 -0.2188
-1.0607 -0.2157
-1.0621 -0.2128
-1.0638 -0.2092
-1.0652 -0.2063
-1.0669 -0.2024
-1.0689 -0.1980
-1.0713 -0.1925
-1.0735 -0.1872
-1.0759 -0.1813
-1.0780 -0.1760
-1.0801 -0.1702
-1.0821 -0.1644
-1.0839 -0.1590
-1.0856 -0.1534
-1.0872 -0.1477
-1.0888 -0.1417
-1.0894 -0.1386
-1.0902 -0.1338
-1.0914 -0.1279
-1.0919 -0.1247
-1.0924 -0.1207
-1.0928 -0.1175
-1.0932 -0.1143
-1.0936 -0.1111
-1.0939 -0.1080
-1.0943 -0.1048
-1.0947 -0.1016
-1.0951 -0.0984
-1.0951 -0.0951
-1.0947 -0.0920
-1.0935 -0.0857
-1.0923 -0.0794
-1.0911 -0.0731
-1.0907 -0.0699
-1.0907 -0.0666
-1.0911 -0.0635
-1.0923 -0.0572
-1.0927 -0.0540
-1.0931 -0.0502
-1.0934 -0.0470
-1.0937 -0.0438
-1.0941 -0.0406
-1.0944 -0.0374
-1.0947 -0.0342
-1.0950 -0.0310
-1.0953 -0.0278
-1.0953 -0.0246
-1.0948 -0.0214
-1.0936 -0.0154
-1.0924 -0.0093
-1.0912 -0.0031
-1.0907 0.0000
-1.0907 0.0033
-1.0906 0.0065
-1.0906 0.0097
-1.0906 0.0129
-1.0905 0.0161
-1.0905 0.0194
-1.0901 0.0225
-1.0896 0.0257
-1.0892 0.0289
-1.0888 0.0321
-1.0883 0.0353
-1.0879 0.0385
-1.0875 0.0417
-1.0863 0.0476
-1.0850 0.0535
-1.0838 0.0596
-1.0825 0.0656
-1.0813 0.0717
-1.0800 0.0779
-1.0787 0.0841
-1.0775 0.0902
-1.0762 0.0965
-1.0749 0.1027
-1.0736 0.1089
-1.0723 0.1152
-1.0710 0.1214
-1.0697 0.1277
-1.0684 0.1340
-1.0671 0.1403
-1.0658 0.1466
-1.0645 0.1528
-1.0632 0.1591
-1.0619 0.1654
-1.0606 0.1717
-1.0593 0.1780
-1.0580 0.1843
-1.0567 0.1906
-1.0554 0.1969
-1.0541 0.2032
-1.0528 0.2095
-1.0515 0.2158
-1.0502 0.2221
-1.0489 0.2284
-1.0476 0.2348
-1.0463 0.2411
-1.0450 0.2474
-1.0437 0.2537
-1.0424 0.2600
-1.0411 0.2663
-1.0398 0.2726
-1.0385 0.2789
-1.0372 0.2852
-1.0359 0.2915
-1.0346 0.2978
-1.0333 0.3041
-1.0320 0.3104
-1.0307 0.3167
-1.0294 0.3230
-1.0281 0.3294
-1.0268 0.3357
-1.0255 0.3420
-1.0242 0.3483
-1.0229 0.3546
-1.0216 0.3609
-1.0203 0.3672
-1.0190 0.3735
-1.0177 0.3798
-1.0164 0.3861
-1.0151 0.3924
-1.0138 0.3987
-1.0125 0.4050
-1.0112 0.4113
-1.0099 0.4177
-1.0086 0.4240
-1.0073 0.4303
-1.0060 0.4366
-1.0047 0.4429
-1.0034 0.4492
-1.0021 0.4555
-1.0008 0.4618
-0.9995 0.4681
-0.9982 0.4744
-0.9969 0.4807
-0.9956 0.4870
-0.9943 0.4933
-0.9930 0.4996
-0.9917 0.5060
-0.9904 0.5123
-0.9890 0.5186
-0.9877 0.5249
-0.9864 0.5312
-0.9851 0.5375
-0.9838 0.5438
-0.9825 0.5501
-0.9812 0.5564
-0.9799 0.5627
-0.9786 0.5690
-0.9773 0.5753
-0.9760 0.5816
-0.9747 0.5879
-0.9734 0.5943
-0.9721 0.6006
-0.9708 0.6069
-0.9695 0.6132
-0.9682 0.6195
-0.9669 0.6258
-0.9656 0.6321
-0.9643 0.6384
-0.9630 0.6447
-0.9617 0.6510
-0.9604 0.6573
-0.9591 0.6636
-0.9578 0.6699
-0.9565 0.6763
-0.9552 0.6826
-0.9539 0.6889
-0.9526 0.6952
-0.9513 0.7015
-0.9500 0.7078
-0.9487 0.7141
-0.9474 0.7204
-0.9461 0.7267
-0.9448 0.7330
-0.9437 0.7376
-0.9423 0.7429
-0.9410 0.7485
-0.9400 0.7516
-0.9390 0.7547
-0.9380 0.7577
-0.9370 0.7608
-0.9360 0.7638
-0.9350 0.7669
-0.9335 0.7728
-0.9320 0.7789
-0.9305 0.7850
-0.9290 0.7911
-0.9274 0.7973
-0.9259 0.8036
-0.9243 0.8098
-0.9228 0.8160
-0.9212 0.8223
-0.9196 0.8285
-0.9181 0.8348
-0.9165 0.8410
-0.9150 0.8473
-0.9134 0.8535
-0.9124 0.8566
-0.9111 0.8595
-0.9094 0.8623
-0.9074 0.8648
-0.9032 0.8695
-0.9012 0.8720
-0.8992 0.8745
-0.8966 0.8777
-0.8935 0.8815
-0.8899 0.8859
-0.8862 0.8902
-0.8824 0.8948
-0.8785 0.8995
-0.8744 0.9043
-0.8725 0.9069
-0.8705 0.9095
-0.8672 0.9132
-0.8638 0.9166
-0.8595 0.9207
-0.8558 0.9242
-0.8516 0.9280
-0.8482 0.9309
-0.8454 0.9334
-0.8430 0.9355
-0.8403 0.9373
-0.8375 0.9388
-0.8332 0.9405
-0.8296 0.9420
-0.8266 0.9432
-0.8236 0.9444
-0.8206 0.9456
-0.8173 0.9469
-0.8143 0.9480
-0.8111 0.9492
-0.8081 0.9503
-0.8046 0.9516
-0.8016 0.9527
-0.7986 0.9538
-0.7955 0.9548
-0.7925 0.9559
-0.7895 0.9570
-0.7835 0.9587
-0.7784 0.9601
-0.7725 0.9616
-0.7668 0.9631
-0.7608 0.9646
-0.7547 0.9660
-0.7494 0.9672
-0.7435 0.9683
-0.7384 0.9691
-0.7324 0.9699
-0.7293 0.9705
-0.7238 0.9717
-0.7207 0.9726
-0.7176 0.9734
-0.7145 0.9743
-0.7091 0.9760
-0.7061 0.9772
-0.7031 0.9783
-0.7001 0.9794
-0.6968 0.9807
-0.6938 0.9819
-0.6886 0.9842
-0.6858 0.9856
-0.6829 0.9870
-0.6800 0.9885
-0.6771 0.9899
-0.6743 0.9914
-0.6698 0.9937
-0.6671 0.9954
-0.6643 0.9970
-0.6615 0.9986
-0.6587 1.0003
-0.6560 1.0019
-0.6511 1.0051
-0.6485 1.0070
-0.6459 1.0089
-0.6433 1.0108
-0.6407 1.0127
-0.6381 1.0146
-0.6355 1.0165
-0.6329 1.0184
-0.6290 1.0214
-0.6265 1.0234
-0.6241 1.0255
-0.6216 1.0276
-0.6185 1.0302
-0.6161 1.0323
-0.6130 1.0352
-0.6107 1.0374
-0.6082 1.0398
-0.6059 1.0421
-0.6031 1.0448
-0.6009 1.0471
-0.5989 1.0497
-0.5970 1.0522
-0.5950 1.0548
-0.5931 1.0574
-0.5911 1.0599
-0.5892 1.0625
-0.5872 1.0650
-0.5856 1.0678
-0.5840 1.0706
-0.5823 1.0734
-0.5807 1.0761
-0.5791 1.0789
-0.5775 1.0817
-0.5758 1.0845
-0.5746 1.0874
-0.5733 1.0904
-0.5720 1.0933
-0.5707 1.0963
-0.5694 1.0992
-0.5682 1.1022
-0.5669 1.1052
-0.5656 1.1081
-0.5643 1.1111
-0.5622 1.1170
-0.5601 1.1230
-0.5579 1.1290
-0.5558 1.1350
-0.5536 1.1410
-0.5514 1.1471
-0.5493 1.1531
-0.5471 1.1592
-0.5458 1.1621
-0.5442 1.1649
-0.5423 1.1675
-0.5390 1.1711
-0.5356 1.1743
-0.5320 1.1774
-0.5275 1.1809
-0.5224 1.1847
-0.5175 1.1883
-0.5125 1.1919
-0.5078 1.1951
-0.5026 1.1986
-0.4976 1.2019
-0.4923 1.2053
-0.4871 1.2086
-0.4820 1.2118
-0.4767 1.2151
-0.4716 1.2183
-0.4662 1.2215
-0.4611 1.2244
-0.4556 1.2276
-0.4507 1.2303
-0.4453 1.2331
-0.4406 1.2355
-0.4359 1.2379
-0.4320 1.2398
-0.4283 1.2416
-0.4254 1.2430
-0.4225 1.2444
-0.4196 1.2458
-0.4163 1.2474
-0.4133 1.2487
-0.4104 1.2500
-0.4075 1.2514
-0.4038 1.2530
-0.4008 1.2542
-0.3979 1.2555
-0.3949 1.2567
-0.3914 1.2581
-0.3884 1.2593
-0.3854 1.2605
-0.3824 1.2617
-0.3786 1.2631
-0.3756 1.2642
-0.3726 1.2653
-0.3695 1.2664
-0.3665 1.2675
-0.3635 1.2686
-0.3603 1.2697
-0.3573 1.2708
-0.3536 1.2720
-0.3505 1.2730
-0.3475 1.2740
-0.3444 1.2750
-0.3407 1.2761
-0.3377 1.2771
-0.3321 1.2784
-0.3266 1.2800
-0.3210 1.2815
-0.3159 1.2828
-0.3118 1.2835
-0.3055 1.2844
-0.2994 1.2852
-0.2938 1.2858
-0.2882 1.2863
-0.2828 1.2865
-0.2778 1.2865
-0.2733 1.2862
-0.2683 1.2856
-0.2634 1.2847
-0.2581 1.2834
-0.2538 1.2822
-0.2505 1.2809
-0.2477 1.2794
-0.2448 1.2779
-0.2412 1.2760
-0.2383 1.2746
-0.2327 1.2722
-0.2275 1.2700
-0.2231 1.2684
-0.2200 1.2676
-0.2168 1.2672
-0.2136 1.2672
-0.2104 1.2675
-0.2067 1.2684
-0.2011 1.2700
-0.1964 1.2713
-0.1913 1.2726
-0.1863 1.2739
-0.1803 1.2753
-0.1748 1.2766
-0.1695 1.2776
-0.1647 1.2783
-0.1585 1.2791
-0.1532 1.2796
-0.1472 1.2801
-0.1410 1.2807
-0.1347 1.2812
-0.1284 1.2817
-0.1229 1.2821
-0.1169 1.2823
-0.1110 1.2824
-0.1051 1.2824
-0.0993 1.2823
-0.0933 1.2820
-0.0872 1.2817
-0.0811 1.2812
-0.0748 1.2807
-0.0691 1.2804
-0.0632 1.2801
-0.0571 1.2799
-0.0509 1.2798
-0.0447 1.2798
-0.0385 1.2798
-0.0323 1.2799
-0.0260 1.2800
-0.0198 1.2802
-0.0136 1.2804
-0.0072 1.2806
-0.0008 1.2808
0.0056 1.2811
0.0111 1.2812
0.0170 1.2811
0.0230 1.2809
0.0289 1.2807
0.0350 1.2807
0.0412 1.2806
0.0474 1.2807
0.0537 1.2808
0.0601 1.2809
0.0664 1.2810
0.0729 1.2811
0.0784 1.2811
0.0843 1.2809
0.0903 1.2808
0.0964 1.2807
0.1027 1.2807
0.1090 1.2807
0.1153 1.2807
0.1217 1.2807
0.1281 1.2807
0.1345 1.2807
0.1409 1.2807
0.1472 1.2807
0.1537 1.2806
0.1601 1.2806
0.1665 1.2805
0.1729 1.2804
0.1793 1.2804
0.1857 1.2803
0.1921 1.2802
0.1984 1.2801
0.2049 1.2799
0.2112 1.2798
0.2177 1.2797
0.2241 1.2795
0.2305 1.2794
0.2369 1.2792
0.2433 1.2790
0.2497 1.2789
0.2561 1.2787
0.2625 1.2785
0.2689 1.2783
0.2753 1.2781
0.2817 1.2778
0.2874 1.2777
0.2933 1.2776
0.2994 1.2775
0.3055 1.2773
0.3118 1.2772
0.3180 1.2770
0.3243 1.2768
0.3306 1.2766
0.3370 1.2765
0.3433 1.2763
0.3497 1.2761
0.3561 1.2758
0.3625 1.2756
0.3689 1.2754
0.3753 1.2752
0.3817 1.2749
0.3874 1.2748
0.3932 1.2746
0.3993 1.2745
0.4053 1.2743
0.4115 1.2742
0.4176 1.2740
0.4239 1.2738
0.4302 1.2736
0.4365 1.2734
0.4428 1.2732
0.4492 1.2730
0.4556 1.2727
0.4620 1.2725
0.4684 1.2723
0.4748 1.2720
0.4806 1.2719
0.4865 1.2717
0.4925 1.2715
0.4986 1.2714
0.5048 1.2712
0.5110 1.2710
0.5173 1.2708
0.5236 1.2706
0.5300 1.2704
0.5363 1.2702
0.5427 1.2700
0.5491 1.2697
0.5555 1.2695
0.5619 1.2693
0.5683 1.2690
0.5741 1.2689
0.5800 1.2687
0.5861 1.2685
0.5922 1.2684
0.5984 1.2682
0.6047 1.2680
0.6110 1.2678
0.6173 1.2676
0.6237 1.2674
0.6300 1.2672
0.6365 1.2670
0.6428 1.2668
0.6493 1.2665
0.6557 1.2663
0.6621 1.2660
0.6679 1.2659
0.6738 1.2657
0.6799 1.2656
0.6860 1.2654
0.6923 1.2652
0.6985 1.2651
0.7049 1.2649
0.7112 1.2647
0.7176 1.2645
0.7240 1.2643
0.7304 1.2641
0.7368 1.2639
0.7432 1.2636
0.7496 1.2634
0.7561 1.2632
0.7625 1.2629
0.7682 1.2628
0.7742 1.2626
0.7803 1.2625
0.7865 1.2623
0.7927 1.2622
0.7990 1.2620
0.8054 1.2618
0.8118 1.2616
0.8182 1.2614
0.8246 1.2612
0.8310 1.2610
0.8374 1.2608
0.8438 1.2606
0.8502 1.2604
0.8567 1.2602
0.8631 1.2599
0.8689 1.2598
0.8748 1.2597
0.8780 1.2594
0.8812 1.2587
0.8842 1.2577
0.8871 1.2562
0.8898 1.2545
0.8923 1.2524
0.8945 1.2501
0.8964 1.2475
0.8979 1.2447
0.8991 1.2417
0.9000 1.2386
0.9007 1.2342
0.9012 1.2293
0.9015 1.2236
0.9017 1.2176
0.9019 1.2114
0.9020 1.2052
0.9020 1.1990
0.9020 1.1925
0.9021 1.1861
0.9021 1.1796
0.9021 1.1732
0.9021 1.1668
0.9021 1.1603
0.9021 1.1539
0.9021 1.1474
0.9022 1.1410
0.9022 1.1345
0.9022 1.1281
0.9022 1.1217
0.9022 1.1152
0.9022 1.1088
0.9023 1.1023
0.9023 1.0959
0.9023 1.0895
0.9023 1.0830
0.9023 1.0766
0.9023 1.0701
0.9024 1.0637
0.9024 1.0573
0.9024 1.0508
0.9024 1.0444
0.9024 1.0379
0.9024 1.0315
0.9024 1.0251
0.9025 1.0186
0.9025 1.0122
0.9025 1.0057
0.9025 0.9993
0.9025 0.9929
0.9025 0.9864
0.9026 0.9800
0.9026 0.9735
0.9026 0.9671
0.9026 0.9607
0.9026 0.9542
0.9026 0.9478
0.9027 0.9413
0.9027 0.9349
0.9027 0.9285
0.9027 0.9220
0.9027 0.9156
0.9027 0.9091
0.9027 0.9027
0.9028 0.8963
0.9028 0.8898
0.9028 0.8834
0.9028 0.8769
0.9028 0.8705
0.9028 0.8641
0.9029 0.8576
0.9029 0.8512
0.9029 0.8447
0.9029 0.8383
0.9029 0.8319
0.9029 0.8254
0.9030 0.8190
0.9030 0.8125
0.9030 0.8061
0.9030 0.7997
0.9030 0.7932
0.9030 0.7868
0.9030 0.7803
0.9031 0.7739
0.9031 0.7675
0.9031 0.7610
0.9031 0.7546
0.9031 0.7481
0.9031 0.7417
0.9032 0.7353
0.9032 0.7288
0.9032 0.7224
0.9032 0.7159
0.9032 0.7095
0.9032 0.7031
0.9033 0.6966
0.9033 0.6902
0.9033 0.6837
