0.0000 0.0000 0.0000
0.1000 -0.0040 0.0007
0.2000 -0.0052 0.0012
0.3000 -0.0053 0.0014
0.4000 -0.0050 0.0005
0.5000 -0.0050 0.0003
0.6000 -0.0045 0.0020
0.7000 -0.0035 0.0042
0.8000 -0.0020 0.0063
0.9000 -0.0002 0.0082
1.0000 0.0020 0.0098
1.1000 0.0044 0.0108
1.2000 0.0071 0.0114
1.3000 0.0069 0.0114
1.4000 0.0035 0.0126
1.5000 -0.0018 0.0161
1.6000 -0.0081 0.0223
1.7000 -0.0141 0.0300
1.8000 -0.0194 0.0385
1.9000 -0.0240 0.0477
2.0000 -0.0279 0.0577
2.1000 -0.0311 0.0681
2.2000 -0.0338 0.0789
2.3000 -0.0360 0.0900
2.4000 -0.0376 0.1013
2.5000 -0.0388 0.1128
2.6000 -0.0396 0.1243
2.7000 -0.0401 0.1359
2.8000 -0.0402 0.1476
2.9000 -0.0399 0.1593
3.0000 -0.0394 0.1710
3.1000 -0.0387 0.1826
3.2000 -0.0377 0.1943
3.3000 -0.0364 0.2058
3.4000 -0.0350 0.2174
3.5000 -0.0333 0.2289
3.6000 -0.0315 0.2403
3.7000 -0.0295 0.2517
3.8000 -0.0273 0.2631
3.9000 -0.0250 0.2744
4.0000 -0.0225 0.2857
4.1000 -0.0199 0.2970
4.2000 -0.0172 0.3082
4.3000 -0.0143 0.3194
4.4000 -0.0114 0.3306
4.5000 -0.0083 0.3417
4.6000 -0.0052 0.3528
4.7000 -0.0019 0.3639
4.8000 0.0014 0.3750
4.9000 0.0048 0.3860
5.0000 0.0083 0.3971
5.1000 0.0119 0.4081
5.2000 0.0155 0.4190
5.3000 0.0193 0.4300
5.4000 0.0231 0.4409
5.5000 0.0269 0.4518
5.6000 0.0309 0.4627
5.7000 0.0349 0.4736
5.8000 0.0390 0.4845
5.9000 0.0431 0.4953
6.0000 0.0473 0.5061
6.1000 0.0516 0.5169
6.2000 0.0559 0.5277
6.3000 0.0603 0.5385
6.4000 0.0648 0.5492
6.5000 0.0693 0.5600
6.6000 0.0739 0.5706
6.7000 0.0786 0.5813
6.8000 0.0833 0.5920
6.9000 0.0881 0.6026
7.0000 0.0930 0.6132
7.1000 0.0979 0.6238
7.2000 0.1029 0.6344
7.3000 0.1080 0.6449
7.4000 0.1131 0.6554
7.5000 0.1183 0.6659
7.6000 0.1235 0.6764
7.7000 0.1289 0.6868
7.8000 0.1343 0.6972
7.9000 0.1397 0.7076
8.0000 0.1453 0.7179
8.1000 0.1509 0.7283
8.2000 0.1566 0.7386
8.3000 0.1623 0.7488
8.4000 0.1682 0.7590
8.5000 0.1741 0.7692
8.6000 0.1801 0.7794
8.7000 0.1862 0.7895
8.8000 0.1923 0.7996
8.9000 0.1986 0.8096
9.0000 0.2049 0.8196
9.1000 0.2113 0.8296
9.2000 0.2178 0.8395
9.3000 0.2243 0.8494
9.4000 0.2310 0.8592
9.5000 0.2377 0.8690
9.6000 0.2446 0.8787
9.7000 0.2515 0.8884
9.8000 0.2585 0.8980
9.9000 0.2656 0.9076
10.0000 0.2728 0.9171
10.1000 0.2800 0.9266
10.2000 0.2874 0.9360
10.3000 0.2949 0.9453
10.4000 0.3024 0.9546
10.5000 0.3101 0.9638
10.6000 0.3178 0.9729
10.7000 0.3256 0.9820
10.8000 0.3336 0.9910
10.9000 0.3416 0.9999
11.0000 0.3497 1.0087
11.1000 0.3579 1.0175
11.2000 0.3662 1.0262
11.3000 0.3747 1.0348
11.4000 0.3832 1.0433
11.5000 0.3918 1.0517
11.6000 0.4005 1.0601
11.7000 0.4093 1.0683
11.8000 0.4182 1.0765
11.9000 0.4272 1.0845
12.0000 0.4362 1.0923
12.1000 0.4453 1.1000
12.2000 0.4545 1.1073
12.3000 0.4637 1.1145
12.4000 0.4730 1.1213
12.5000 0.4824 1.1278
12.6000 0.4918 1.1340
12.7000 0.5013 1.1398
12.8000 0.5109 1.1453
12.9000 0.5205 1.1504
13.0000 0.5301 1.1552
13.1000 0.5398 1.1597
13.2000 0.5495 1.1638
13.3000 0.5591 1.1676
13.4000 0.5688 1.1712
13.5000 0.5785 1.1744
13.6000 0.5882 1.1775
13.7000 0.5979 1.1803
13.8000 0.6077 1.1829
13.9000 0.6174 1.1853
14.0000 0.6271 1.1875
14.1000 0.6369 1.1895
14.2000 0.6467 1.1914
14.3000 0.6565 1.1930
14.4000 0.6663 1.1945
14.5000 0.6761 1.1959
14.6000 0.6859 1.1971
14.7000 0.6959 1.1982
14.8000 0.7059 1.1991
14.9000 0.7159 1.1999
15.0000 0.7260 1.2005
15.1000 0.7361 1.2010
15.2000 0.7463 1.2013
15.3000 0.7566 1.2015
15.4000 0.7670 1.2015
15.5000 0.7774 1.2014
15.6000 0.7879 1.2012
15.7000 0.7986 1.2007
15.8000 0.8093 1.2001
15.9000 0.8201 1.1994
16.0000 0.8311 1.1984
16.1000 0.8422 1.1973
16.2000 0.8534 1.1960
16.3000 0.8648 1.1944
16.4000 0.8763 1.1927
16.5000 0.8878 1.1908
16.6000 0.8996 1.1886
16.7000 0.9114 1.1863
16.8000 0.9231 1.1838
16.9000 0.9349 1.1810
17.0000 0.9467 1.1781
17.1000 0.9584 1.1749
17.2000 0.9699 1.1715
17.3000 0.9812 1.1678
17.4000 0.9924 1.1638
17.5000 1.0033 1.1594
17.6000 1.0140 1.1546
17.7000 1.0244 1.1494
17.8000 1.0344 1.1438
17.9000 1.0440 1.1378
18.0000 1.0533 1.1312
18.1000 1.0620 1.1242
18.2000 1.0703 1.1168
18.3000 1.0780 1.1088
18.4000 1.0850 1.1005
18.5000 1.0913 1.0918
18.6000 1.0967 1.0828
18.7000 1.1013 1.0733
18.8000 1.1051 1.0635
18.9000 1.1081 1.0533
19.0000 1.1103 1.0427
19.1000 1.1118 1.0318
19.2000 1.1125 1.0208
19.3000 1.1125 1.0099
19.4000 1.1117 0.9990
19.5000 1.1101 0.9883
19.6000 1.1076 0.9778
19.7000 1.1044 0.9675
19.8000 1.1004 0.9576
19.9000 1.0956 0.9480
20.0000 1.0901 0.9390
20.1000 1.0838 0.9305
20.2000 1.0769 0.9226
20.3000 1.0693 0.9154
20.4000 1.0612 0.9090
20.5000 1.0525 0.9034
20.6000 1.0433 0.8986
20.7000 1.0337 0.8947
20.8000 1.0238 0.8917
20.9000 1.0136 0.8896
21.0000 1.0033 0.8885
21.1000 0.9930 0.8884
21.2000 0.9826 0.8892
21.3000 0.9724 0.8910
21.4000 0.9624 0.8937
21.5000 0.9526 0.8974
21.6000 0.9433 0.9019
21.7000 0.9344 0.9073
21.8000 0.9260 0.9134
21.9000 0.9182 0.9203
22.0000 0.9111 0.9279
22.1000 0.9046 0.9361
22.2000 0.8990 0.9449
22.3000 0.8942 0.9542
22.4000 0.8902 0.9638
22.5000 0.8871 0.9738
22.6000 0.8850 0.9840
22.7000 0.8837 0.9944
22.8000 0.8834 1.0048
22.9000 0.8841 1.0153
23.0000 0.8856 1.0256
23.1000 0.8881 1.0358
23.2000 0.8915 1.0457
23.3000 0.8958 1.0553
23.4000 0.9008 1.0644
23.5000 0.9067 1.0731
23.6000 0.9134 1.0812
23.7000 0.9206 1.0885
23.8000 0.9283 1.0950
23.9000 0.9367 1.1005
24.0000 0.9455 1.1052
24.1000 0.9549 1.1089
24.2000 0.9648 1.1117
24.3000 0.9753 1.1137
24.4000 0.9860 1.1149
24.5000 0.9969 1.1152
24.6000 1.0077 1.1147
24.7000 1.0184 1.1135
24.8000 1.0289 1.1113
24.9000 1.0391 1.1084
25.0000 1.0489 1.1046
25.1000 1.0583 1.1000
25.2000 1.0673 1.0946
25.3000 1.0758 1.0884
25.4000 1.0836 1.0815
25.5000 1.0906 1.0741
25.6000 1.0966 1.0661
25.7000 1.1018 1.0576
25.8000 1.1060 1.0485
25.9000 1.1094 1.0389
26.0000 1.1119 1.0287
26.1000 1.1135 1.0181
26.2000 1.1143 1.0073
26.3000 1.1144 0.9965
26.4000 1.1136 0.9857
26.5000 1.1119 0.9752
26.6000 1.1094 0.9649
26.7000 1.1061 0.9549
26.8000 1.1019 0.9453
26.9000 1.0968 0.9361
27.0000 1.0910 0.9274
27.1000 1.0845 0.9193
27.2000 1.0772 0.9118
27.3000 1.0693 0.9050
27.4000 1.0608 0.8988
27.5000 1.0518 0.8935
27.6000 1.0423 0.8890
27.7000 1.0325 0.8853
27.8000 1.0224 0.8825
27.9000 1.0121 0.8807
28.0000 1.0016 0.8797
28.1000 0.9911 0.8796
28.2000 0.9806 0.8805
28.3000 0.9702 0.8823
28.4000 0.9601 0.8849
28.5000 0.9502 0.8885
28.6000 0.9406 0.8929
28.7000 0.9314 0.8981
28.8000 0.9227 0.9041
28.9000 0.9146 0.9108
29.0000 0.9070 0.9181
29.1000 0.9001 0.9261
29.2000 0.8939 0.9347
29.3000 0.8885 0.9438
29.4000 0.8838 0.9533
29.5000 0.8800 0.9631
29.6000 0.8770 0.9733
29.7000 0.8749 0.9837
29.8000 0.8736 0.9942
29.9000 0.8733 1.0048
30.0000 0.8738 1.0154
30.1000 0.8752 1.0259
30.2000 0.8775 1.0363
30.3000 0.8806 1.0464
30.4000 0.8846 1.0563
30.5000 0.8894 1.0658
30.6000 0.8949 1.0748
30.7000 0.9012 1.0834
30.8000 0.9081 1.0913
30.9000 0.9155 1.0982
31.0000 0.9234 1.1043
31.1000 0.9320 1.1096
31.2000 0.9410 1.1138
31.3000 0.9506 1.1172
31.4000 0.9607 1.1198
31.5000 0.9713 1.1215
31.6000 0.9822 1.1224
31.7000 0.9933 1.1226
31.8000 1.0044 1.1221
31.9000 1.0153 1.1209
32.0000 1.0260 1.1188
32.1000 1.0366 1.1161
32.2000 1.0468 1.1125
32.3000 1.0566 1.1083
32.4000 1.0660 1.1032
32.5000 1.0749 1.0975
32.6000 1.0833 1.0910
32.7000 1.0909 1.0840
32.8000 1.0976 1.0765
32.9000 1.1035 1.0683
33.0000 1.1085 1.0596
33.1000 1.1125 1.0503
33.2000 1.1157 1.0406
33.3000 1.1180 1.0304
33.4000 1.1195 1.0196
33.5000 1.1203 1.0086
33.6000 1.1203 0.9976
33.7000 1.1196 0.9867
33.8000 1.1181 0.9759
33.9000 1.1158 0.9654
34.0000 1.1127 0.9552
34.1000 1.1088 0.9453
34.2000 1.1041 0.9359
34.3000 1.0986 0.9269
34.4000 1.0923 0.9183
34.5000 1.0854 0.9104
34.6000 1.0778 0.9031
34.7000 1.0696 0.8964
34.8000 1.0609 0.8904
34.9000 1.0517 0.8853
35.0000 1.0421 0.8809
35.1000 1.0321 0.8773
35.2000 1.0219 0.8745
35.3000 1.0115 0.8727
35.4000 1.0009 0.8717
35.5000 0.9903 0.8716
35.6000 0.9797 0.8723
35.7000 0.9692 0.8740
35.8000 0.9589 0.8764
35.9000 0.9488 0.8798
36.0000 0.9390 0.8839
36.1000 0.9295 0.8889
36.2000 0.9205 0.8946
36.3000 0.9120 0.9010
36.4000 0.9040 0.9081
36.5000 0.8966 0.9158
36.6000 0.8899 0.9241
36.7000 0.8838 0.9329
36.8000 0.8785 0.9421
36.9000 0.8739 0.9518
37.0000 0.8701 0.9618
37.1000 0.8671 0.9721
37.2000 0.8649 0.9825
37.3000 0.8635 0.9932
37.4000 0.8630 1.0039
37.5000 0.8633 1.0146
37.6000 0.8645 1.0253
37.7000 0.8665 1.0358
37.8000 0.8693 1.0462
37.9000 0.8729 1.0563
38.0000 0.8773 1.0662
38.1000 0.8825 1.0756
38.2000 0.8883 1.0846
38.3000 0.8948 1.0931
38.4000 0.9017 1.1006
38.5000 0.9093 1.1074
38.6000 0.9174 1.1133
38.7000 0.9261 1.1183
38.8000 0.9354 1.1224
38.9000 0.9451 1.1256
39.0000 0.9554 1.1280
39.1000 0.9660 1.1296
39.2000 0.9770 1.1305
39.3000 0.9883 1.1307
39.4000 0.9995 1.1302
39.5000 1.0107 1.1291
39.6000 1.0217 1.1272
39.7000 1.0325 1.1248
39.8000 1.0431 1.1216
39.9000 1.0534 1.1177
40.0000 1.0632 1.1132
40.1000 1.0726 1.1080
40.2000 1.0816 1.1020
40.3000 1.0899 1.0955
40.4000 1.0974 1.0885
40.5000 1.1040 1.0809
40.6000 1.1099 1.0726
40.7000 1.1148 1.0638
40.8000 1.1188 1.0546
40.9000 1.1220 1.0448
41.0000 1.1243 1.0345
41.1000 1.1258 1.0238
41.2000 1.1266 1.0128
41.3000 1.1267 1.0016
41.4000 1.1261 0.9905
41.5000 1.1248 0.9794
41.6000 1.1228 0.9686
41.7000 1.1200 0.9581
41.8000 1.1165 0.9480
41.9000 1.1122 0.9382
42.0000 1.1072 0.9288
42.1000 1.1014 0.9198
42.2000 1.0950 0.9114
42.3000 1.0878 0.9035
42.4000 1.0801 0.8962
42.5000 1.0717 0.8896
42.6000 1.0629 0.8837
42.7000 1.0536 0.8785
42.8000 1.0439 0.8741
42.9000 1.0339 0.8704
43.0000 1.0236 0.8676
43.1000 1.0131 0.8656
43.2000 1.0025 0.8645
43.3000 0.9918 0.8642
43.4000 0.9811 0.8647
43.5000 0.9705 0.8661
43.6000 0.9600 0.8684
43.7000 0.9498 0.8714
43.8000 0.9397 0.8753
43.9000 0.9301 0.8799
44.0000 0.9208 0.8852
44.1000 0.9119 0.8913
44.2000 0.9035 0.8981
44.3000 0.8957 0.9054
44.4000 0.8884 0.9134
44.5000 0.8818 0.9219
44.6000 0.8759 0.9309
44.7000 0.8706 0.9403
44.8000 0.8661 0.9501
44.9000 0.8624 0.9602
45.0000 0.8594 0.9706
45.1000 0.8572 0.9812
45.2000 0.8558 0.9919
45.3000 0.8553 1.0027
45.4000 0.8555 1.0135
45.5000 0.8565 1.0243
45.6000 0.8584 1.0349
45.7000 0.8611 1.0454
45.8000 0.8645 1.0557
45.9000 0.8687 1.0657
46.0000 0.8736 1.0754
46.1000 0.8792 1.0847
46.2000 0.8855 1.0934
46.3000 0.8922 1.1013
46.4000 0.8995 1.1085
46.5000 0.9074 1.1147
46.6000 0.9158 1.1200
46.7000 0.9247 1.1245
46.8000 0.9342 1.1280
46.9000 0.9443 1.1307
47.0000 0.9548 1.1326
47.1000 0.9656 1.1338
47.2000 0.9768 1.1342
47.3000 0.9882 1.1341
47.4000 0.9995 1.1332
47.5000 1.0107 1.1318
47.6000 1.0217 1.1297
47.7000 1.0325 1.1270
47.8000 1.0431 1.1236
47.9000 1.0534 1.1195
48.0000 1.0634 1.1148
48.1000 1.0728 1.1095
48.2000 1.0818 1.1035
48.3000 1.0902 1.0968
48.4000 1.0977 1.0898
48.5000 1.1044 1.0822
48.6000 1.1102 1.0740
48.7000 1.1152 1.0652
48.8000 1.1192 1.0559
48.9000 1.1224 1.0462
49.0000 1.1248 1.0359
49.1000 1.1263 1.0252
49.2000 1.1272 1.0142
49.3000 1.1273 1.0030
49.4000 1.1267 0.9919
49.5000 1.1254 0.9808
49.6000 1.1234 0.9700
49.7000 1.1207 0.9594
49.8000 1.1173 0.9492
49.9000 1.1131 0.9393
50.0000 1.1081 0.9299
50.1000 1.1025 0.9208
50.2000 1.0971 0.9143
50.3000 1.0909 0.9088
50.4000 1.0822 0.9029
50.5000 1.0726 0.8975
50.6000 1.0623 0.8924
50.7000 1.0516 0.8876
50.8000 1.0405 0.8833
50.9000 1.0293 0.8792
51.0000 1.0178 0.8754
51.1000 1.0062 0.8718
51.2000 0.9944 0.8685
51.3000 0.9826 0.8654
51.4000 0.9706 0.8626
51.5000 0.9586 0.8599
51.6000 0.9464 0.8574
51.7000 0.9343 0.8550
51.8000 0.9221 0.8528
51.9000 0.9098 0.8508
52.0000 0.8975 0.8489
52.1000 0.8852 0.8471
52.2000 0.8729 0.8454
52.3000 0.8605 0.8439
52.4000 0.8481 0.8425
52.5000 0.8357 0.8411
52.6000 0.8232 0.8399
52.7000 0.8108 0.8387
52.8000 0.7983 0.8377
52.9000 0.7859 0.8367
53.0000 0.7734 0.8358
53.1000 0.7609 0.8349
53.2000 0.7484 0.8341
53.3000 0.7360 0.8334
53.4000 0.7235 0.8327
53.5000 0.7110 0.8321
53.6000 0.6986 0.8315
53.7000 0.6861 0.8309
53.8000 0.6736 0.8304
53.9000 0.6612 0.8299
54.0000 0.6487 0.8294
54.1000 0.6363 0.8289
54.2000 0.6238 0.8285
54.3000 0.6114 0.8280
54.4000 0.5989 0.8276
54.5000 0.5865 0.8272
54.6000 0.5740 0.8268
54.7000 0.5616 0.8264
54.8000 0.5492 0.8260
54.9000 0.5367 0.8256
55.0000 0.5243 0.8252
55.1000 0.5119 0.8248
55.2000 0.4995 0.8244
55.3000 0.4870 0.8239
55.4000 0.4746 0.8235
55.5000 0.4622 0.8231
55.6000 0.4498 0.8226
55.7000 0.4373 0.8222
55.8000 0.4249 0.8217
55.9000 0.4125 0.8212
56.0000 0.4001 0.8207
56.1000 0.3877 0.8202
56.2000 0.3753 0.8197
56.3000 0.3629 0.8192
56.4000 0.3505 0.8187
56.5000 0.3380 0.8181
56.6000 0.3256 0.8176
56.7000 0.3132 0.8170
56.8000 0.3008 0.8164
56.9000 0.2884 0.8158
57.0000 0.2760 0.8152
57.1000 0.2636 0.8146
57.2000 0.2512 0.8140
57.3000 0.2388 0.8134
57.4000 0.2264 0.8128
57.5000 0.2140 0.8122
57.6000 0.2017 0.8115
57.7000 0.1893 0.8109
57.8000 0.1769 0.8102
57.9000 0.1645 0.8096
58.0000 0.1521 0.8089
58.1000 0.1397 0.8083
58.2000 0.1273 0.8077
58.3000 0.1149 0.8070
58.4000 0.1025 0.8064
58.5000 0.0901 0.8057
58.6000 0.0776 0.8051
58.7000 0.0652 0.8045
58.8000 0.0528 0.8039
58.9000 0.0404 0.8033
59.0000 0.0280 0.8027
59.1000 0.0156 0.8021
59.2000 0.0032 0.8015
59.3000 -0.0092 0.8009
59.4000 -0.0217 0.8003
59.5000 -0.0341 0.7998
59.6000 -0.0465 0.7992
59.7000 -0.0589 0.7987
59.8000 -0.0713 0.7982
59.9000 -0.0838 0.7977
60.0000 -0.0962 0.7972
60.1000 -0.1086 0.7968
60.2000 -0.1211 0.7963
60.3000 -0.1335 0.7959
60.4000 -0.1459 0.7955
60.5000 -0.1583 0.7951
60.6000 -0.1708 0.7947
60.7000 -0.1832 0.7944
60.8000 -0.1957 0.7941
60.9000 -0.2081 0.7938
61.0000 -0.2205 0.7935
61.1000 -0.2330 0.7933
61.2000 -0.2454 0.7931
61.3000 -0.2579 0.7929
61.4000 -0.2703 0.7927
61.5000 -0.2827 0.7926
61.6000 -0.2952 0.7925
61.7000 -0.3076 0.7924
61.8000 -0.3201 0.7924
61.9000 -0.3325 0.7924
62.0000 -0.3450 0.7925
62.1000 -0.3574 0.7925
62.2000 -0.3698 0.7927
62.3000 -0.3823 0.7928
62.4000 -0.3947 0.7930
62.5000 -0.4071 0.7933
62.6000 -0.4195 0.7936
62.7000 -0.4319 0.7939
62.8000 -0.4443 0.7943
62.9000 -0.4567 0.7947
63.0000 -0.4691 0.7952
63.1000 -0.4815 0.7958
63.2000 -0.4938 0.7964
63.3000 -0.5062 0.7970
63.4000 -0.5186 0.7977
63.5000 -0.5309 0.7985
63.6000 -0.5432 0.7993
63.7000 -0.5556 0.8002
63.8000 -0.5679 0.8012
63.9000 -0.5802 0.8023
64.0000 -0.5925 0.8034
64.1000 -0.6047 0.8046
64.2000 -0.6170 0.8059
64.3000 -0.6292 0.8074
64.4000 -0.6414 0.8089
64.5000 -0.6536 0.8105
64.6000 -0.6658 0.8123
64.7000 -0.6780 0.8141
64.8000 -0.6901 0.8161
64.9000 -0.7022 0.8182
65.0000 -0.7143 0.8204
65.1000 -0.7263 0.8228
65.2000 -0.7383 0.8253
65.3000 -0.7503 0.8280
65.4000 -0.7622 0.8308
65.5000 -0.7741 0.8337
65.6000 -0.7859 0.8368
65.7000 -0.7977 0.8401
65.8000 -0.8094 0.8435
65.9000 -0.8210 0.8471
66.0000 -0.8325 0.8509
66.1000 -0.8439 0.8549
66.2000 -0.8551 0.8591
66.3000 -0.8663 0.8636
66.4000 -0.8772 0.8684
66.5000 -0.8880 0.8735
66.6000 -0.8986 0.8788
66.7000 -0.9090 0.8845
66.8000 -0.9192 0.8904
66.9000 -0.9291 0.8968
67.0000 -0.9386 0.9034
67.1000 -0.9479 0.9104
67.2000 -0.9568 0.9177
67.3000 -0.9653 0.9254
67.4000 -0.9733 0.9335
67.5000 -0.9807 0.9418
67.6000 -0.9874 0.9505
67.7000 -0.9934 0.9594
67.8000 -0.9983 0.9684
67.9000 -1.0021 0.9773
68.0000 -1.0042 0.9855
68.1000 -1.0046 0.9923
68.2000 -1.0037 0.9968
68.3000 -1.0022 0.9993
68.4000 -1.0015 0.9997
68.5000 -0.9969 1.0009
68.6000 -0.9884 1.0010
68.7000 -0.9795 1.0001
68.8000 -0.9691 0.9982
68.9000 -0.9585 0.9956
69.0000 -0.9478 0.9925
69.1000 -0.9371 0.9891
69.2000 -0.9264 0.9853
69.3000 -0.9157 0.9812
69.4000 -0.9051 0.9768
69.5000 -0.8944 0.9721
69.6000 -0.8838 0.9673
69.7000 -0.8733 0.9622
69.8000 -0.8628 0.9569
69.9000 -0.8523 0.9514
70.0000 -0.8418 0.9458
70.1000 -0.8315 0.9400
70.2000 -0.8211 0.9341
70.3000 -0.8109 0.9281
70.4000 -0.8006 0.9219
70.5000 -0.7905 0.9156
70.6000 -0.7804 0.9092
70.7000 -0.7703 0.9027
70.8000 -0.7603 0.8961
70.9000 -0.7503 0.8894
71.0000 -0.7404 0.8826
71.1000 -0.7306 0.8756
71.2000 -0.7208 0.8687
71.3000 -0.7110 0.8616
71.4000 -0.7013 0.8544
71.5000 -0.6917 0.8472
71.6000 -0.6821 0.8399
71.7000 -0.6725 0.8325
71.8000 -0.6630 0.8250
71.9000 -0.6535 0.8175
72.0000 -0.6441 0.8099
72.1000 -0.6347 0.8022
72.2000 -0.6254 0.7945
72.3000 -0.6160 0.7867
72.4000 -0.6068 0.7788
72.5000 -0.5975 0.7709
72.6000 -0.5883 0.7629
72.7000 -0.5792 0.7549
72.8000 -0.5701 0.7468
72.9000 -0.5610 0.7387
73.0000 -0.5519 0.7305
73.1000 -0.5429 0.7222
73.2000 -0.5340 0.7140
73.3000 -0.5250 0.7056
73.4000 -0.5161 0.6973
73.5000 -0.5072 0.6889
73.6000 -0.4984 0.6804
73.7000 -0.4896 0.6719
73.8000 -0.4808 0.6634
73.9000 -0.4720 0.6549
74.0000 -0.4633 0.6463
74.1000 -0.4546 0.6377
74.2000 -0.4459 0.6290
74.3000 -0.4373 0.6204
74.4000 -0.4287 0.6116
74.5000 -0.4201 0.6029
74.6000 -0.4115 0.5942
74.7000 -0.4029 0.5854
74.8000 -0.3944 0.5766
74.9000 -0.3859 0.5678
75.0000 -0.3774 0.5589
75.1000 -0.3690 0.5500
75.2000 -0.3606 0.5412
75.3000 -0.3521 0.5323
75.4000 -0.3437 0.5233
75.5000 -0.3354 0.5144
75.6000 -0.3270 0.5054
75.7000 -0.3187 0.4965
75.8000 -0.3103 0.4875
75.9000 -0.3020 0.4785
76.0000 -0.2938 0.4694
76.1000 -0.2855 0.4604
76.2000 -0.2772 0.4514
76.3000 -0.2690 0.4423
76.4000 -0.2608 0.4332
76.5000 -0.2525 0.4242
76.6000 -0.2443 0.4151
76.7000 -0.2362 0.4060
76.8000 -0.2280 0.3969
76.9000 -0.2198 0.3878
77.0000 -0.2117 0.3786
77.1000 -0.2035 0.3695
77.2000 -0.1954 0.3604
77.3000 -0.1873 0.3512
77.4000 -0.1792 0.3421
77.5000 -0.1711 0.3329
77.6000 -0.1630 0.3238
77.7000 -0.1550 0.3146
77.8000 -0.1469 0.3054
77.9000 -0.1388 0.2963
78.0000 -0.1308 0.2871
78.1000 -0.1227 0.2779
78.2000 -0.1147 0.2687
78.3000 -0.1067 0.2596
78.4000 -0.0987 0.2504
78.5000 -0.0906 0.2412
78.6000 -0.0826 0.2320
78.7000 -0.0746 0.2228
78.8000 -0.0666 0.2137
78.9000 -0.0586 0.2045
79.0000 -0.0507 0.1953
79.1000 -0.0427 0.1861
79.2000 -0.0347 0.1769
79.3000 -0.0267 0.1678
79.4000 -0.0188 0.1586
79.5000 -0.0108 0.1494
79.6000 -0.0028 0.1403
79.7000 0.0051 0.1311
79.8000 0.0131 0.1220
79.9000 0.0211 0.1128
80.0000 0.0290 0.1037
80.1000 0.0370 0.0945
80.2000 0.0449 0.0854
80.3000 0.0529 0.0763
80.4000 0.0608 0.0672
80.5000 0.0688 0.0581
80.6000 0.0767 0.0490
80.7000 0.0846 0.0399
80.8000 0.0926 0.0308
80.9000 0.1005 0.0217
81.0000 0.1085 0.0126
81.1000 0.1164 0.0036
81.2000 0.1244 -0.0055
81.3000 0.1323 -0.0145
81.4000 0.1403 -0.0236
81.5000 0.1482 -0.0326
81.6000 0.1562 -0.0416
81.7000 0.1641 -0.0506
81.8000 0.1721 -0.0596
81.9000 0.1800 -0.0686
82.0000 0.1880 -0.0776
82.1000 0.1959 -0.0865
82.2000 0.2039 -0.0955
82.3000 0.2118 -0.1044
82.4000 0.2198 -0.1133
82.5000 0.2278 -0.1222
82.6000 0.2357 -0.1311
82.7000 0.2437 -0.1400
82.8000 0.2517 -0.1489
82.9000 0.2596 -0.1577
83.0000 0.2676 -0.1666
83.1000 0.2756 -0.1754
83.2000 0.2836 -0.1842
83.3000 0.2915 -0.1930
83.4000 0.2995 -0.2018
83.5000 0.3075 -0.2105
83.6000 0.3155 -0.2193
83.7000 0.3235 -0.2280
83.8000 0.3315 -0.2367
83.9000 0.3395 -0.2454
84.0000 0.3474 -0.2541
84.1000 0.3554 -0.2628
84.2000 0.3634 -0.2715
84.3000 0.3714 -0.2801
84.4000 0.3794 -0.2887
84.5000 0.3874 -0.2973
84.6000 0.3954 -0.3059
84.7000 0.4034 -0.3145
84.8000 0.4114 -0.3231
84.9000 0.4195 -0.3316
85.0000 0.4275 -0.3401
85.1000 0.4355 -0.3486
85.2000 0.4435 -0.3571
85.3000 0.4515 -0.3656
85.4000 0.4595 -0.3740
85.5000 0.4675 -0.3825
85.6000 0.4755 -0.3909
85.7000 0.4835 -0.3993
85.8000 0.4916 -0.4077
85.9000 0.4996 -0.4160
86.0000 0.5076 -0.4244
86.1000 0.5156 -0.4327
86.2000 0.5236 -0.4410
86.3000 0.5316 -0.4493
86.4000 0.5396 -0.4576
86.5000 0.5476 -0.4659
86.6000 0.5556 -0.4741
86.7000 0.5636 -0.4823
86.8000 0.5716 -0.4906
86.9000 0.5796 -0.4987
87.0000 0.5876 -0.5069
87.1000 0.5956 -0.5151
87.2000 0.6035 -0.5232
87.3000 0.6115 -0.5313
87.4000 0.6195 -0.5395
87.5000 0.6275 -0.5476
87.6000 0.6354 -0.5556
87.7000 0.6434 -0.5637
87.8000 0.6513 -0.5717
87.9000 0.6593 -0.5798
88.0000 0.6672 -0.5878
88.1000 0.6751 -0.5958
88.2000 0.6830 -0.6038
88.3000 0.6909 -0.6117
88.4000 0.6988 -0.6197
88.5000 0.7067 -0.6276
88.6000 0.7146 -0.6356
88.7000 0.7225 -0.6435
88.8000 0.7303 -0.6514
88.9000 0.7381 -0.6593
89.0000 0.7460 -0.6671
89.1000 0.7538 -0.6750
89.2000 0.7616 -0.6829
89.3000 0.7693 -0.6907
89.4000 0.7771 -0.6985
89.5000 0.7848 -0.7064
89.6000 0.7925 -0.7142
89.7000 0.8002 -0.7220
89.8000 0.8079 -0.7298
89.9000 0.8156 -0.7376
90.0000 0.8232 -0.7454
90.1000 0.8308 -0.7532
90.2000 0.8383 -0.7609
90.3000 0.8459 -0.7687
90.4000 0.8534 -0.7765
90.5000 0.8609 -0.7843
90.6000 0.8683 -0.7921
90.7000 0.8758 -0.8000
90.8000 0.8832 -0.8079
90.9000 0.8905 -0.8158
91.0000 0.8979 -0.8237
91.1000 0.9052 -0.8317
91.2000 0.9124 -0.8398
91.3000 0.9196 -0.8478
91.4000 0.9268 -0.8560
91.5000 0.9338 -0.8642
91.6000 0.9409 -0.8724
91.7000 0.9478 -0.8808
91.8000 0.9546 -0.8892
91.9000 0.9614 -0.8977
92.0000 0.9680 -0.9062
92.1000 0.9744 -0.9148
92.2000 0.9806 -0.9234
92.3000 0.9866 -0.9321
92.4000 0.9922 -0.9409
92.5000 0.9974 -0.9497
92.6000 1.0020 -0.9586
92.7000 1.0060 -0.9673
92.8000 1.0089 -0.9754
92.9000 1.0106 -0.9833
93.0000 1.0106 -0.9880
93.1000 1.0091 -0.9948
93.2000 1.0082 -0.9964
93.3000 1.0036 -1.0005
93.4000 1.0036 -1.0006
93.5000 0.9979 -1.0007
93.6000 0.9893 -0.9991
93.7000 0.9781 -0.9959
93.8000 0.9668 -0.9922
93.9000 0.9554 -0.9882
94.0000 0.9441 -0.9840
94.1000 0.9328 -0.9796
94.2000 0.9215 -0.9749
94.3000 0.9104 -0.9701
94.4000 0.8993 -0.9651
94.5000 0.8882 -0.9599
94.6000 0.8772 -0.9545
94.7000 0.8663 -0.9490
94.8000 0.8554 -0.9434
94.9000 0.8446 -0.9376
95.0000 0.8338 -0.9317
95.1000 0.8231 -0.9256
95.2000 0.8125 -0.9194
95.3000 0.8020 -0.9131
95.4000 0.7915 -0.9067
95.5000 0.7811 -0.9002
95.6000 0.7707 -0.8936
95.7000 0.7604 -0.8869
95.8000 0.7502 -0.8801
95.9000 0.7401 -0.8732
96.0000 0.7300 -0.8662
96.1000 0.7200 -0.8591
96.2000 0.7100 -0.8519
96.3000 0.7001 -0.8447
96.4000 0.6903 -0.8373
96.5000 0.6805 -0.8299
96.6000 0.6708 -0.8225
96.7000 0.6611 -0.8149
96.8000 0.6515 -0.8074
96.9000 0.6419 -0.7997
97.0000 0.6324 -0.7920
97.1000 0.6229 -0.7842
97.2000 0.6135 -0.7764
97.3000 0.6041 -0.7686
97.4000 0.5948 -0.7607
97.5000 0.5855 -0.7527
97.6000 0.5762 -0.7447
97.7000 0.5670 -0.7367
97.8000 0.5579 -0.7286
97.9000 0.5487 -0.7205
98.0000 0.5396 -0.7124
98.1000 0.5305 -0.7042
98.2000 0.5215 -0.6961
98.3000 0.5124 -0.6879
98.4000 0.5034 -0.6796
98.5000 0.4944 -0.6714
98.6000 0.4854 -0.6632
98.7000 0.4765 -0.6549
98.8000 0.4675 -0.6466
98.9000 0.4586 -0.6383
99.0000 0.4497 -0.6300
99.1000 0.4407 -0.6217
99.2000 0.4318 -0.6134
99.3000 0.4229 -0.6051
99.4000 0.4140 -0.5968
99.5000 0.4051 -0.5885
99.6000 0.3961 -0.5801
99.7000 0.3872 -0.5718
99.8000 0.3783 -0.5635
99.9000 0.3693 -0.5552
100.0000 0.3604 -0.5469
100.1000 0.3514 -0.5387
100.2000 0.3435 -0.5309
100.3000 0.3359 -0.5228
100.4000 0.3285 -0.5142
100.5000 0.3215 -0.5054
100.6000 0.3147 -0.4962
100.7000 0.3081 -0.4869
100.8000 0.3018 -0.4774
100.9000 0.2957 -0.4676
101.0000 0.2898 -0.4578
101.1000 0.2840 -0.4478
101.2000 0.2785 -0.4377
101.3000 0.2731 -0.4276
101.4000 0.2678 -0.4173
101.5000 0.2627 -0.4070
101.6000 0.2576 -0.3966
101.7000 0.2527 -0.3861
101.8000 0.2480 -0.3756
101.9000 0.2433 -0.3650
102.0000 0.2387 -0.3544
102.1000 0.2342 -0.3437
102.2000 0.2297 -0.3330
102.3000 0.2254 -0.3223
102.4000 0.2211 -0.3115
102.5000 0.2170 -0.3007
102.6000 0.2128 -0.2898
102.7000 0.2088 -0.2790
102.8000 0.2048 -0.2681
102.9000 0.2009 -0.2571
103.0000 0.1971 -0.2462
103.1000 0.1933 -0.2352
103.2000 0.1896 -0.2242
103.3000 0.1860 -0.2131
103.4000 0.1824 -0.2021
103.5000 0.1789 -0.1910
103.6000 0.1754 -0.1799
103.7000 0.1720 -0.1687
103.8000 0.1687 -0.1576
103.9000 0.1654 -0.1464
104.0000 0.1622 -0.1352
104.1000 0.1591 -0.1240
104.2000 0.1560 -0.1127
104.3000 0.1530 -0.1014
104.4000 0.1501 -0.0902
104.5000 0.1472 -0.0789
104.6000 0.1443 -0.0675
104.7000 0.1416 -0.0562
104.8000 0.1389 -0.0448
104.9000 0.1363 -0.0334
105.0000 0.1337 -0.0220
105.1000 0.1312 -0.0106
105.2000 0.1288 0.0008
105.3000 0.1264 0.0123
105.4000 0.1241 0.0238
105.5000 0.1219 0.0353
105.6000 0.1197 0.0468
105.7000 0.1176 0.0583
105.8000 0.1156 0.0698
105.9000 0.1137 0.0814
106.0000 0.1118 0.0930
106.1000 0.1100 0.1046
106.2000 0.1082 0.1162
106.3000 0.1066 0.1278
106.4000 0.1050 0.1394
106.5000 0.1035 0.1511
106.6000 0.1021 0.1627
106.7000 0.1007 0.1744
106.8000 0.0994 0.1861
106.9000 0.0982 0.1978
107.0000 0.0971 0.2095
107.1000 0.0960 0.2212
107.2000 0.0951 0.2329
107.3000 0.0942 0.2446
107.4000 0.0934 0.2564
107.5000 0.0926 0.2681
107.6000 0.0920 0.2799
107.7000 0.0914 0.2917
107.8000 0.0910 0.3034
107.9000 0.0906 0.3152
108.0000 0.0903 0.3270
108.1000 0.0900 0.3388
108.2000 0.0899 0.3506
108.3000 0.0899 0.3624
108.4000 0.0899 0.3742
108.5000 0.0900 0.3860
108.6000 0.0902 0.3978
108.7000 0.0906 0.4096
108.8000 0.0910 0.4214
108.9000 0.0914 0.4332
109.0000 0.0920 0.4450
109.1000 0.0927 0.4568
109.2000 0.0935 0.4686
109.3000 0.0943 0.4804
109.4000 0.0953 0.4922
109.5000 0.0964 0.5040
109.6000 0.0975 0.5158
109.7000 0.0988 0.5276
109.8000 0.1001 0.5393
109.9000 0.1016 0.5511
110.0000 0.1031 0.5628
110.1000 0.1048 0.5746
110.2000 0.1065 0.5863
110.3000 0.1084 0.5980
110.4000 0.1103 0.6097
110.5000 0.1124 0.6214
110.6000 0.1146 0.6330
110.7000 0.1168 0.6447
110.8000 0.1192 0.6563
110.9000 0.1217 0.6679
111.0000 0.1243 0.6795
111.1000 0.1270 0.6911
111.2000 0.1298 0.7026
111.3000 0.1327 0.7141
111.4000 0.1358 0.7256
111.5000 0.1389 0.7371
111.6000 0.1422 0.7485
111.7000 0.1455 0.7599
111.8000 0.1490 0.7713
111.9000 0.1526 0.7826
112.0000 0.1564 0.7939
112.1000 0.1602 0.8052
112.2000 0.1642 0.8164
112.3000 0.1683 0.8276
112.4000 0.1725 0.8387
112.5000 0.1768 0.8498
112.6000 0.1813 0.8609
112.7000 0.1859 0.8719
112.8000 0.1906 0.8828
112.9000 0.1954 0.8937
113.0000 0.2003 0.9046
113.1000 0.2054 0.9154
113.2000 0.2106 0.9261
113.3000 0.2160 0.9368
113.4000 0.2214 0.9474
113.5000 0.2270 0.9579
113.6000 0.2327 0.9684
113.7000 0.2386 0.9788
113.8000 0.2446 0.9891
113.9000 0.2507 0.9994
114.0000 0.2569 1.0096
114.1000 0.2632 1.0197
114.2000 0.2697 1.0297
114.3000 0.2764 1.0397
114.4000 0.2831 1.0496
114.5000 0.2900 1.0593
114.6000 0.2970 1.0690
114.7000 0.3041 1.0786
114.8000 0.3114 1.0881
114.9000 0.3187 1.0974
115.0000 0.3261 1.1064
115.1000 0.3336 1.1150
115.2000 0.3413 1.1233
115.3000 0.3491 1.1312
115.4000 0.3570 1.1386
115.5000 0.3652 1.1456
115.6000 0.3735 1.1521
115.7000 0.3821 1.1583
115.8000 0.3907 1.1640
115.9000 0.3992 1.1692
116.0000 0.4077 1.1741
116.1000 0.4161 1.1785
116.2000 0.4244 1.1826
116.3000 0.4326 1.1864
116.4000 0.4408 1.1900
116.5000 0.4488 1.1934
116.6000 0.4568 1.1966
116.7000 0.4647 1.1997
116.8000 0.4726 1.2025
116.9000 0.4805 1.2053
117.0000 0.4882 1.2078
117.1000 0.4960 1.2103
117.2000 0.5036 1.2126
117.3000 0.5112 1.2148
117.4000 0.5188 1.2169
117.5000 0.5263 1.2189
117.6000 0.5338 1.2208
117.7000 0.5412 1.2226
117.8000 0.5486 1.2243
117.9000 0.5560 1.2260
118.0000 0.5634 1.2276
118.1000 0.5708 1.2291
118.2000 0.5781 1.2305
118.3000 0.5854 1.2318
118.4000 0.5928 1.2331
118.5000 0.6002 1.2344
118.6000 0.6075 1.2356
118.7000 0.6148 1.2367
118.8000 0.6222 1.2378
118.9000 0.6297 1.2388
119.0000 0.6371 1.2398
119.1000 0.6445 1.2407
119.2000 0.6520 1.2416
119.3000 0.6595 1.2424
119.4000 0.6671 1.2432
119.5000 0.6748 1.2439
119.6000 0.6824 1.2446
119.7000 0.6901 1.2453
119.8000 0.6978 1.2458
119.9000 0.7056 1.2463
120.0000 0.7135 1.2466
120.1000 0.7215 1.2469
120.2000 0.7294 1.2471
120.3000 0.7376 1.2472
120.4000 0.7458 1.2472
120.5000 0.7541 1.2471
120.6000 0.7625 1.2468
120.7000 0.7711 1.2465
120.8000 0.7798 1.2460
120.9000 0.7886 1.2454
121.0000 0.7976 1.2446
121.1000 0.8067 1.2437
121.2000 0.8160 1.2427
121.3000 0.8256 1.2415
121.4000 0.8352 1.2401
121.5000 0.8452 1.2385
121.6000 0.8553 1.2367
121.7000 0.8656 1.2348
121.8000 0.8762 1.2326
121.9000 0.8869 1.2303
122.0000 0.8977 1.2277
122.1000 0.9087 1.2249
122.2000 0.9197 1.2219
122.3000 0.9308 1.2187
122.4000 0.9421 1.2152
122.5000 0.9534 1.2115
122.6000 0.9647 1.2076
122.7000 0.9761 1.2035
122.8000 0.9874 1.1993
122.9000 0.9986 1.1948
123.0000 1.0096 1.1901
123.1000 1.0204 1.1851
123.2000 1.0309 1.1798
123.3000 1.0412 1.1741
123.4000 1.0512 1.1681
123.5000 1.0609 1.1618
123.6000 1.0703 1.1550
123.7000 1.0792 1.1479
123.8000 1.0877 1.1404
123.9000 1.0956 1.1325
124.0000 1.1028 1.1244
124.1000 1.1092 1.1158
124.2000 1.1148 1.1069
124.3000 1.1196 1.0976
124.4000 1.1237 1.0878
124.5000 1.1271 1.0776
124.6000 1.1298 1.0671
124.7000 1.1318 1.0563
124.8000 1.1331 1.0453
124.9000 1.1337 1.0340
125.0000 1.1338 1.0226
125.1000 1.1332 1.0112
125.2000 1.1321 0.9999
125.3000 1.1303 0.9887
125.4000 1.1280 0.9777
125.5000 1.1249 0.9669
125.6000 1.1213 0.9564
125.7000 1.1170 0.9461
125.8000 1.1120 0.9362
125.9000 1.1065 0.9268
126.0000 1.1003 0.9179
126.1000 1.0936 0.9096
126.2000 1.0862 0.9018
126.3000 1.0783 0.8947
126.4000 1.0698 0.8882
126.5000 1.0608 0.8825
126.6000 1.0514 0.8775
126.7000 1.0416 0.8732
126.8000 1.0315 0.8698
126.9000 1.0212 0.8672
127.0000 1.0106 0.8654
127.1000 1.0000 0.8644
127.2000 0.9893 0.8643
127.3000 0.9786 0.8651
127.4000 0.9680 0.8667
127.5000 0.9576 0.8691
127.6000 0.9474 0.8723
127.7000 0.9374 0.8764
127.8000 0.9278 0.8812
127.9000 0.9186 0.8867
128.0000 0.9099 0.8929
128.1000 0.9016 0.8998
128.2000 0.8939 0.9074
128.3000 0.8869 0.9155
128.4000 0.8804 0.9241
128.5000 0.8746 0.9332
128.6000 0.8695 0.9427
128.7000 0.8652 0.9526
128.8000 0.8616 0.9627
128.9000 0.8589 0.9732
129.0000 0.8569 0.9838
129.1000 0.8557 0.9945
129.2000 0.8553 1.0053
129.3000 0.8557 1.0161
129.4000 0.8570 1.0269
129.5000 0.8591 1.0375
129.6000 0.8619 1.0480
129.7000 0.8655 1.0582
129.8000 0.8699 1.0681
129.9000 0.8750 1.0777
130.0000 0.8808 1.0868
130.1000 0.8871 1.0954
130.2000 0.8940 1.1031
130.3000 0.9015 1.1100
130.4000 0.9095 1.1161
130.5000 0.9181 1.1212
130.6000 0.9271 1.1254
130.7000 0.9368 1.1287
130.8000 0.9469 1.1312
130.9000 0.9575 1.1329
131.0000 0.9685 1.1339
131.1000 0.9797 1.1342
131.2000 0.9911 1.1338
131.3000 1.0023 1.1329
131.4000 1.0135 1.1313
131.5000 1.0244 1.1290
131.6000 1.0352 1.1261
131.7000 1.0458 1.1225
131.8000 1.0560 1.1183
131.9000 1.0658 1.1134
132.0000 1.0751 1.1079
132.1000 1.0840 1.1017
132.2000 1.0921 1.0950
132.3000 1.0994 1.0879
132.4000 1.1058 1.0801
132.5000 1.1114 1.0717
132.6000 1.1162 1.0627
132.7000 1.1200 1.0533
132.8000 1.1229 1.0434
132.9000 1.1251 1.0330
133.0000 1.1264 1.0222
133.1000 1.1271 1.0112
133.2000 1.1270 1.0000
133.3000 1.1262 0.9889
133.4000 1.1248 0.9779
133.5000 1.1226 0.9671
133.6000 1.1197 0.9566
133.7000 1.1160 0.9465
133.8000 1.1116 0.9367
133.9000 1.1065 0.9274
134.0000 1.1006 0.9185
134.1000 1.0940 0.9101
134.2000 1.0868 0.9023
134.3000 1.0790 0.8952
134.4000 1.0706 0.8886
134.5000 1.0617 0.8828
134.6000 1.0523 0.8777
134.7000 1.0425 0.8734
134.8000 1.0325 0.8699
134.9000 1.0222 0.8672
135.0000 1.0116 0.8653
135.1000 1.0010 0.8643
135.2000 0.9903 0.8641
135.3000 0.9796 0.8648
135.4000 0.9690 0.8663
135.5000 0.9586 0.8687
135.6000 0.9483 0.8718
135.7000 0.9384 0.8758
135.8000 0.9287 0.8805
135.9000 0.9195 0.8860
136.0000 0.9107 0.8921
136.1000 0.9024 0.8990
136.2000 0.8946 0.9064
136.3000 0.8875 0.9145
136.4000 0.8809 0.9230
136.5000 0.8751 0.9321
136.6000 0.8699 0.9416
136.7000 0.8655 0.9514
136.8000 0.8619 0.9616
136.9000 0.8590 0.9720
137.0000 0.8569 0.9826
137.1000 0.8556 0.9933
137.2000 0.8552 1.0041
137.3000 0.8555 1.0149
137.4000 0.8567 1.0257
137.5000 0.8587 1.0363
137.6000 0.8614 1.0468
137.7000 0.8649 1.0571
137.8000 0.8692 1.0670
137.9000 0.8742 1.0766
138.0000 0.8799 1.0858
138.1000 0.8863 1.0945
138.2000 0.8930 1.1022
138.3000 0.9005 1.1093
138.4000 0.9085 1.1155
138.5000 0.9169 1.1207
138.6000 0.9259 1.1250
138.7000 0.9355 1.1284
138.8000 0.9456 1.1311
138.9000 0.9561 1.1328
139.0000 0.9670 1.1339
139.1000 0.9782 1.1342
139.2000 0.9895 1.1339
139.3000 1.0008 1.1330
139.4000 1.0120 1.1314
139.5000 1.0230 1.1292
139.6000 1.0338 1.1263
139.7000 1.0444 1.1228
139.8000 1.0546 1.1187
139.9000 1.0645 1.1138
140.0000 1.0739 1.1084
140.1000 1.0828 1.1023
140.2000 1.0911 1.0956
140.3000 1.0985 1.0885
140.4000 1.1050 1.0809
140.5000 1.1107 1.0725
140.6000 1.1155 1.0637
140.7000 1.1195 1.0543
140.8000 1.1225 1.0445
140.9000 1.1247 1.0342
141.0000 1.1262 1.0235
141.1000 1.1268 1.0124
141.2000 1.1268 1.0012
141.3000 1.1261 0.9901
141.4000 1.1247 0.9790
141.5000 1.1226 0.9682
141.6000 1.1198 0.9577
141.7000 1.1162 0.9476
141.8000 1.1119 0.9378
141.9000 1.1068 0.9284
142.0000 1.1010 0.9195
142.1000 1.0945 0.9110
142.2000 1.0873 0.9032
142.3000 1.0795 0.8960
142.4000 1.0712 0.8894
142.5000 1.0623 0.8835
142.6000 1.0530 0.8783
142.7000 1.0433 0.8740
142.8000 1.0332 0.8704
142.9000 1.0229 0.8676
143.0000 1.0124 0.8657
143.1000 1.0018 0.8646
143.2000 0.9911 0.8643
143.3000 0.9805 0.8649
143.4000 0.9698 0.8664
143.5000 0.9594 0.8687
143.6000 0.9491 0.8718
143.7000 0.9391 0.8757
143.8000 0.9295 0.8803
143.9000 0.9202 0.8857
144.0000 0.9114 0.8919
144.1000 0.9030 0.8987
144.2000 0.8952 0.9061
144.3000 0.8880 0.9141
144.4000 0.8815 0.9226
144.5000 0.8756 0.9316
144.6000 0.8704 0.9411
144.7000 0.8659 0.9509
144.8000 0.8622 0.9610
144.9000 0.8593 0.9714
145.0000 0.8572 0.9820
145.1000 0.8559 0.9927
145.2000 0.8553 1.0035
145.3000 0.8556 1.0143
145.4000 0.8568 1.0251
145.5000 0.8587 1.0358
145.6000 0.8614 1.0462
145.7000 0.8649 1.0565
145.8000 0.8691 1.0665
145.9000 0.8741 1.0761
146.0000 0.8798 1.0853
146.1000 0.8861 1.0940
146.2000 0.8928 1.1019
146.3000 0.9002 1.1090
146.4000 0.9082 1.1152
146.5000 0.9166 1.1204
146.6000 0.9256 1.1248
146.7000 0.9351 1.1283
146.8000 0.9452 1.1309
146.9000 0.9557 1.1328
147.0000 0.9666 1.1339
147.1000 0.9777 1.1342
147.2000 0.9891 1.1340
147.3000 1.0004 1.1331
147.4000 1.0116 1.1316
147.5000 1.0226 1.1294
147.6000 1.0334 1.1266
147.7000 1.0440 1.1231
147.8000 1.0543 1.1190
147.9000 1.0641 1.1142
148.0000 1.0736 1.1088
148.1000 1.0825 1.1028
148.2000 1.0908 1.0961
148.3000 1.0982 1.0890
148.4000 1.1049 1.0813
148.5000 1.1106 1.0730
148.6000 1.1155 1.0642
148.7000 1.1195 1.0549
148.8000 1.1226 1.0451
148.9000 1.1249 1.0348
149.0000 1.1264 1.0241
149.1000 1.1271 1.0131
149.2000 1.1271 1.0018
149.3000 1.1265 0.9907
149.4000 1.1252 0.9797
149.5000 1.1231 0.9689
149.6000 1.1203 0.9583
149.7000 1.1168 0.9481
149.8000 1.1125 0.9383
149.9000 1.1075 0.9289
150.0000 1.1018 0.9199
150.1000 1.0953 0.9115
150.2000 1.0896 0.9057
150.3000 1.0819 0.8999
150.4000 1.0726 0.8943
150.5000 1.0626 0.8891
150.6000 1.0520 0.8842
150.7000 1.0411 0.8797
150.8000 1.0299 0.8755
150.9000 1.0186 0.8716
151.0000 1.0070 0.8680
151.1000 0.9953 0.8646
151.2000 0.9835 0.8615
151.3000 0.9715 0.8585
151.4000 0.9595 0.8558
151.5000 0.9474 0.8532
151.6000 0.9353 0.8508
151.7000 0.9231 0.8486
151.8000 0.9108 0.8465
151.9000 0.8985 0.8446
152.0000 0.8862 0.8428
152.1000 0.8739 0.8411
152.2000 0.8615 0.8395
152.3000 0.8491 0.8381
152.4000 0.8367 0.8367
152.5000 0.8243 0.8354
152.6000 0.8118 0.8343
152.7000 0.7994 0.8332
152.8000 0.7869 0.8322
152.9000 0.7744 0.8313
153.0000 0.7620 0.8304
153.1000 0.7495 0.8296
153.2000 0.7370 0.8289
153.3000 0.7245 0.8282
153.4000 0.7121 0.8276
153.5000 0.6996 0.8270
153.6000 0.6871 0.8264
153.7000 0.6747 0.8259
153.8000 0.6622 0.8254
153.9000 0.6498 0.8249
154.0000 0.6373 0.8244
154.1000 0.6248 0.8240
154.2000 0.6124 0.8236
154.3000 0.5999 0.8232
154.4000 0.5875 0.8228
154.5000 0.5751 0.8224
154.6000 0.5626 0.8220
154.7000 0.5502 0.8216
154.8000 0.5378 0.8212
154.9000 0.5253 0.8208
155.0000 0.5129 0.8204
155.1000 0.5005 0.8200
155.2000 0.4880 0.8196
155.3000 0.4756 0.8192
155.4000 0.4632 0.8188
155.5000 0.4508 0.8184
155.6000 0.4383 0.8179
155.7000 0.4259 0.8175
155.8000 0.4135 0.8170
155.9000 0.4011 0.8165
156.0000 0.3887 0.8161
156.1000 0.3763 0.8156
156.2000 0.3639 0.8151
156.3000 0.3514 0.8146
156.4000 0.3390 0.8140
156.5000 0.3266 0.8135
156.6000 0.3142 0.8130
156.7000 0.3018 0.8124
156.8000 0.2894 0.8118
156.9000 0.2770 0.8113
157.0000 0.2646 0.8107
157.1000 0.2522 0.8101
157.2000 0.2398 0.8095
157.3000 0.2274 0.8089
157.4000 0.2150 0.8083
157.5000 0.2026 0.8077
157.6000 0.1902 0.8071
157.7000 0.1778 0.8064
157.8000 0.1654 0.8058
157.9000 0.1530 0.8052
158.0000 0.1406 0.8046
158.1000 0.1282 0.8040
158.2000 0.1158 0.8034
158.3000 0.1034 0.8027
158.4000 0.0910 0.8021
158.5000 0.0786 0.8015
158.6000 0.0662 0.8009
158.7000 0.0538 0.8003
158.8000 0.0414 0.7997
158.9000 0.0289 0.7992
159.0000 0.0165 0.7986
159.1000 0.0041 0.7980
159.2000 -0.0083 0.7975
159.3000 -0.0207 0.7970
159.4000 -0.0332 0.7964
159.5000 -0.0456 0.7959
159.6000 -0.0580 0.7954
159.7000 -0.0704 0.7949
159.8000 -0.0829 0.7945
159.9000 -0.0953 0.7940
160.0000 -0.1077 0.7936
160.1000 -0.1201 0.7932
160.2000 -0.1326 0.7928
160.3000 -0.1450 0.7924
160.4000 -0.1574 0.7920
160.5000 -0.1699 0.7917
160.6000 -0.1823 0.7914
160.7000 -0.1947 0.7911
160.8000 -0.2072 0.7908
160.9000 -0.2196 0.7906
161.0000 -0.2321 0.7904
161.1000 -0.2445 0.7902
161.2000 -0.2570 0.7900
161.3000 -0.2694 0.7899
161.4000 -0.2818 0.7898
161.5000 -0.2943 0.7897
161.6000 -0.3067 0.7897
161.7000 -0.3192 0.7897
161.8000 -0.3316 0.7897
161.9000 -0.3441 0.7898
162.0000 -0.3565 0.7899
162.1000 -0.3689 0.7901
162.2000 -0.3813 0.7903
162.3000 -0.3938 0.7905
162.4000 -0.4062 0.7908
162.5000 -0.4186 0.7911
162.6000 -0.4310 0.7915
162.7000 -0.4434 0.7919
162.8000 -0.4558 0.7923
162.9000 -0.4682 0.7928
163.0000 -0.4806 0.7934
163.1000 -0.4929 0.7940
163.2000 -0.5053 0.7947
163.3000 -0.5176 0.7955
163.4000 -0.5300 0.7963
163.5000 -0.5423 0.7971
163.6000 -0.5546 0.7981
163.7000 -0.5669 0.7991
163.8000 -0.5792 0.8001
163.9000 -0.5915 0.8013
164.0000 -0.6038 0.8025
164.1000 -0.6160 0.8039
164.2000 -0.6283 0.8053
164.3000 -0.6405 0.8068
164.4000 -0.6527 0.8085
164.5000 -0.6648 0.8102
164.6000 -0.6770 0.8121
164.7000 -0.6891 0.8141
164.8000 -0.7012 0.8162
164.9000 -0.7133 0.8184
165.0000 -0.7253 0.8208
165.1000 -0.7373 0.8233
165.2000 -0.7493 0.8260
165.3000 -0.7612 0.8288
165.4000 -0.7730 0.8317
165.5000 -0.7849 0.8348
165.6000 -0.7966 0.8381
165.7000 -0.8083 0.8415
165.8000 -0.8199 0.8452
165.9000 -0.8314 0.8490
166.0000 -0.8428 0.8530
166.1000 -0.8540 0.8573
166.2000 -0.8651 0.8618
166.3000 -0.8761 0.8666
166.4000 -0.8869 0.8716
166.5000 -0.8975 0.8770
166.6000 -0.9079 0.8826
166.7000 -0.9180 0.8886
166.8000 -0.9279 0.8950
166.9000 -0.9375 0.9016
167.0000 -0.9468 0.9086
167.1000 -0.9557 0.9160
167.2000 -0.9642 0.9237
167.3000 -0.9722 0.9317
167.4000 -0.9797 0.9401
167.5000 -0.9865 0.9487
167.6000 -0.9926 0.9576
167.7000 -0.9977 0.9667
167.8000 -1.0016 0.9756
167.9000 -1.0040 0.9841
168.0000 -1.0047 0.9912
168.1000 -1.0039 0.9961
168.2000 -1.0024 0.9990
168.3000 -1.0016 0.9997
168.4000 -0.9978 1.0009
168.5000 -0.9884 1.0017
168.6000 -0.9809 1.0013
168.7000 -0.9702 0.9996
168.8000 -0.9596 0.9973
168.9000 -0.9489 0.9946
169.0000 -0.9381 0.9914
169.1000 -0.9273 0.9879
169.2000 -0.9165 0.9840
169.3000 -0.9058 0.9799
169.4000 -0.8950 0.9755
169.5000 -0.8843 0.9708
169.6000 -0.8737 0.9660
169.7000 -0.8631 0.9609
169.8000 -0.8525 0.9557
169.9000 -0.8420 0.9502
170.0000 -0.8315 0.9447
170.1000 -0.8211 0.9389
170.2000 -0.8107 0.9331
170.3000 -0.8003 0.9271
170.4000 -0.7901 0.9209
170.5000 -0.7798 0.9147
170.6000 -0.7697 0.9084
170.7000 -0.7595 0.9019
170.8000 -0.7495 0.8954
170.9000 -0.7394 0.8887
171.0000 -0.7295 0.8820
171.1000 -0.7196 0.8751
171.2000 -0.7097 0.8682
171.3000 -0.6999 0.8612
171.4000 -0.6901 0.8541
171.5000 -0.6804 0.8469
171.6000 -0.6707 0.8397
171.7000 -0.6611 0.8323
171.8000 -0.6515 0.8249
171.9000 -0.6420 0.8175
172.0000 -0.6325 0.8099
172.1000 -0.6230 0.8023
172.2000 -0.6136 0.7947
172.3000 -0.6042 0.7870
172.4000 -0.5949 0.7792
172.5000 -0.5856 0.7713
172.6000 -0.5763 0.7634
172.7000 -0.5671 0.7555
172.8000 -0.5579 0.7474
172.9000 -0.5488 0.7394
173.0000 -0.5397 0.7313
173.1000 -0.5306 0.7231
173.2000 -0.5216 0.7149
173.3000 -0.5126 0.7066
173.4000 -0.5036 0.6983
173.5000 -0.4946 0.6900
173.6000 -0.4857 0.6816
173.7000 -0.4769 0.6732
173.8000 -0.4680 0.6648
173.9000 -0.4592 0.6563
174.0000 -0.4504 0.6478
174.1000 -0.4416 0.6392
174.2000 -0.4329 0.6307
174.3000 -0.4242 0.6221
174.4000 -0.4155 0.6134
174.5000 -0.4068 0.6048
174.6000 -0.3982 0.5961
174.7000 -0.3896 0.5874
174.8000 -0.3810 0.5786
174.9000 -0.3724 0.5699
175.0000 -0.3639 0.5611
175.1000 -0.3554 0.5523
175.2000 -0.3469 0.5435
175.3000 -0.3384 0.5347
175.4000 -0.3299 0.5258
175.5000 -0.3215 0.5169
175.6000 -0.3131 0.5080
175.7000 -0.3047 0.4991
175.8000 -0.2963 0.4902
175.9000 -0.2879 0.4813
176.0000 -0.2796 0.4723
176.1000 -0.2712 0.4633
176.2000 -0.2629 0.4543
176.3000 -0.2546 0.4454
176.4000 -0.2463 0.4363
176.5000 -0.2381 0.4273
176.6000 -0.2298 0.4183
176.7000 -0.2216 0.4093
176.8000 -0.2134 0.4002
176.9000 -0.2051 0.3912
177.0000 -0.1969 0.3821
177.1000 -0.1888 0.3730
177.2000 -0.1806 0.3639
177.3000 -0.1724 0.3549
177.4000 -0.1643 0.3458
177.5000 -0.1561 0.3367
177.6000 -0.1480 0.3276
177.7000 -0.1398 0.3185
177.8000 -0.1317 0.3093
177.9000 -0.1236 0.3002
178.0000 -0.1155 0.2911
178.1000 -0.1074 0.2820
178.2000 -0.0994 0.2728
178.3000 -0.0913 0.2637
178.4000 -0.0832 0.2546
178.5000 -0.0752 0.2455
178.6000 -0.0671 0.2363
178.7000 -0.0591 0.2272
178.8000 -0.0510 0.2181
178.9000 -0.0430 0.2089
179.0000 -0.0350 0.1998
179.1000 -0.0270 0.1907
179.2000 -0.0189 0.1815
179.3000 -0.0109 0.1724
179.4000 -0.0029 0.1633
179.5000 0.0051 0.1542
179.6000 0.0131 0.1450
179.7000 0.0211 0.1359
179.8000 0.0291 0.1268
179.9000 0.0371 0.1177
180.0000 0.0450 0.1086
180.1000 0.0530 0.0995
180.2000 0.0610 0.0904
180.3000 0.0690 0.0813
180.4000 0.0769 0.0722
180.5000 0.0849 0.0632
180.6000 0.0929 0.0541
180.7000 0.1009 0.0450
180.8000 0.1088 0.0360
180.9000 0.1168 0.0269
181.0000 0.1248 0.0179
181.1000 0.1327 0.0089
181.2000 0.1407 -0.0002
181.3000 0.1487 -0.0092
181.4000 0.1566 -0.0182
181.5000 0.1646 -0.0272
181.6000 0.1725 -0.0362
181.7000 0.1805 -0.0451
181.8000 0.1885 -0.0541
181.9000 0.1964 -0.0631
182.0000 0.2044 -0.0720
182.1000 0.2124 -0.0809
182.2000 0.2203 -0.0899
182.3000 0.2283 -0.0988
182.4000 0.2362 -0.1077
182.5000 0.2442 -0.1166
182.6000 0.2522 -0.1254
182.7000 0.2601 -0.1343
182.8000 0.2681 -0.1432
182.9000 0.2761 -0.1520
183.0000 0.2840 -0.1608
183.1000 0.2920 -0.1696
183.2000 0.3000 -0.1784
183.3000 0.3079 -0.1872
183.4000 0.3159 -0.1960
183.5000 0.3239 -0.2048
183.6000 0.3319 -0.2135
183.7000 0.3398 -0.2222
183.8000 0.3478 -0.2310
183.9000 0.3558 -0.2397
