0.0000 0.0000 0.0000
0.1000 0.0122 0.0001
0.2000 0.0244 0.0005
0.3000 0.0366 0.0011
0.4000 0.0488 0.0019
0.5000 0.0610 0.0030
0.6000 0.0732 0.0043
0.7000 0.0853 0.0059
0.8000 0.0974 0.0077
0.9000 0.1094 0.0097
1.0000 0.1214 0.0120
1.1000 0.1334 0.0145
1.2000 0.1453 0.0172
1.3000 0.1572 0.0202
1.4000 0.1690 0.0234
1.5000 0.1807 0.0269
1.6000 0.1923 0.0306
1.7000 0.2039 0.0345
1.8000 0.2154 0.0386
1.9000 0.2269 0.0430
2.0000 0.2382 0.0476
2.1000 0.2494 0.0524
2.2000 0.2606 0.0574
2.3000 0.2716 0.0627
2.4000 0.2825 0.0682
2.5000 0.2933 0.0739
2.6000 0.3040 0.0798
2.7000 0.3146 0.0859
2.8000 0.3251 0.0922
2.9000 0.3354 0.0987
3.0000 0.3456 0.1055
3.1000 0.3557 0.1124
3.2000 0.3656 0.1196
3.3000 0.3754 0.1269
3.4000 0.3850 0.1344
3.5000 0.3945 0.1421
3.6000 0.4038 0.1500
3.7000 0.4130 0.1581
3.8000 0.4220 0.1664
3.9000 0.4308 0.1748
4.0000 0.4395 0.1835
4.1000 0.4480 0.1922
4.2000 0.4563 0.2012
4.3000 0.4645 0.2103
4.4000 0.4724 0.2196
4.5000 0.4802 0.2290
4.6000 0.4878 0.2386
4.7000 0.4951 0.2484
4.8000 0.5023 0.2583
4.9000 0.5093 0.2683
5.0000 0.5161 0.2784
5.1000 0.5227 0.2887
5.2000 0.5291 0.2992
5.3000 0.5353 0.3097
5.4000 0.5412 0.3204
5.5000 0.5470 0.3312
5.6000 0.5525 0.3421
5.7000 0.5578 0.3531
5.8000 0.5629 0.3642
5.9000 0.5678 0.3754
6.0000 0.5725 0.3867
6.1000 0.5769 0.3981
6.2000 0.5811 0.4096
6.3000 0.5850 0.4212
6.4000 0.5888 0.4328
6.5000 0.5923 0.4445
6.6000 0.5956 0.4563
6.7000 0.5986 0.4681
6.8000 0.6014 0.4800
6.9000 0.6039 0.4920
7.0000 0.6063 0.5040
7.1000 0.6084 0.5160
7.2000 0.6102 0.5281
7.3000 0.6118 0.5402
7.4000 0.6132 0.5524
7.5000 0.6143 0.5646
7.6000 0.6152 0.5767
7.7000 0.6158 0.5890
7.8000 0.6162 0.6012
7.9000 0.6163 0.6134
8.0000 0.6162 0.6256
8.1000 0.6159 0.6378
8.2000 0.6153 0.6500
8.3000 0.6145 0.6622
8.4000 0.6134 0.6744
8.5000 0.6121 0.6866
8.6000 0.6106 0.6987
8.7000 0.6088 0.7108
8.8000 0.6068 0.7228
8.9000 0.6045 0.7349
9.0000 0.6020 0.7468
9.1000 0.5992 0.7587
9.2000 0.5963 0.7706
9.3000 0.5931 0.7824
9.4000 0.5896 0.7941
9.5000 0.5859 0.8058
9.6000 0.5820 0.8174
9.7000 0.5779 0.8289
9.8000 0.5735 0.8403
9.9000 0.5689 0.8516
10.0000 0.5641 0.8628
10.1000 0.5591 0.8740
10.2000 0.5538 0.8850
10.3000 0.5483 0.8959
10.4000 0.5426 0.9067
10.5000 0.5367 0.9174
10.6000 0.5306 0.9280
10.7000 0.5243 0.9385
10.8000 0.5178 0.9488
10.9000 0.5110 0.9590
11.0000 0.5041 0.9691
11.1000 0.4970 0.9790
11.2000 0.4896 0.9888
11.3000 0.4821 0.9984
11.4000 0.4744 1.0079
11.5000 0.4665 1.0172
11.6000 0.4584 1.0264
11.7000 0.4502 1.0354
11.8000 0.4417 1.0443
11.9000 0.4331 1.0529
12.0000 0.4243 1.0614
12.1000 0.4154 1.0698
12.2000 0.4063 1.0779
12.3000 0.3970 1.0859
12.4000 0.3876 1.0936
12.5000 0.3780 1.1012
12.6000 0.3683 1.1086
12.7000 0.3584 1.1158
12.8000 0.3484 1.1228
12.9000 0.3383 1.1296
13.0000 0.3280 1.1362
13.1000 0.3176 1.1427
13.2000 0.3070 1.1488
13.3000 0.2964 1.1548
13.4000 0.2856 1.1606
13.5000 0.2747 1.1662
13.6000 0.2637 1.1715
13.7000 0.2526 1.1766
13.8000 0.2414 1.1815
13.9000 0.2301 1.1862
14.0000 0.2188 1.1906
14.1000 0.2073 1.1949
14.2000 0.1958 1.1989
14.3000 0.1841 1.2026
14.4000 0.1724 1.2062
14.5000 0.1607 1.2095
14.6000 0.1489 1.2126
14.7000 0.1370 1.2154
14.8000 0.1250 1.2180
14.9000 0.1130 1.2204
15.0000 0.1010 1.2225
15.1000 0.0889 1.2244
15.2000 0.0768 1.2260
15.3000 0.0647 1.2275
15.4000 0.0525 1.2286
15.5000 0.0403 1.2296
15.6000 0.0281 1.2302
15.7000 0.0159 1.2307
15.8000 0.0037 1.2309
15.9000 -0.0085 1.2308
16.0000 -0.0207 1.2306
16.1000 -0.0329 1.2300
16.2000 -0.0451 1.2293
16.3000 -0.0573 1.2283
16.4000 -0.0695 1.2270
16.5000 -0.0816 1.2255
16.6000 -0.0937 1.2238
16.7000 -0.1057 1.2219
16.8000 -0.1178 1.2196
16.9000 -0.1297 1.2172
17.0000 -0.1416 1.2145
17.1000 -0.1535 1.2116
17.2000 -0.1653 1.2085
17.3000 -0.1771 1.2051
17.4000 -0.1887 1.2015
17.5000 -0.2003 1.1976
17.6000 -0.2119 1.1935
17.7000 -0.2233 1.1892
17.8000 -0.2346 1.1847
17.9000 -0.2459 1.1800
18.0000 -0.2571 1.1750
18.1000 -0.2681 1.1698
18.2000 -0.2791 1.1644
18.3000 -0.2899 1.1588
18.4000 -0.3007 1.1529
18.5000 -0.3113 1.1469
18.6000 -0.3218 1.1406
18.7000 -0.3321 1.1341
18.8000 -0.3424 1.1274
18.9000 -0.3525 1.1206
19.0000 -0.3624 1.1135
19.1000 -0.3723 1.1062
19.2000 -0.3819 1.0987
19.3000 -0.3915 1.0911
19.4000 -0.4008 1.0832
19.5000 -0.4100 1.0752
19.6000 -0.4191 1.0670
19.7000 -0.4280 1.0586
19.8000 -0.4367 1.0500
19.9000 -0.4452 1.0413
20.0000 -0.4536 1.0324
20.1000 -0.4618 1.0233
20.2000 -0.4698 1.0141
20.3000 -0.4776 1.0047
20.4000 -0.4853 0.9951
20.5000 -0.4927 0.9854
20.6000 -0.5000 0.9756
20.7000 -0.5070 0.9656
20.8000 -0.5139 0.9555
20.9000 -0.5205 0.9452
21.0000 -0.5269 0.9348
21.1000 -0.5332 0.9243
21.2000 -0.5392 0.9136
21.3000 -0.5450 0.9029
21.4000 -0.5506 0.8920
21.5000 -0.5560 0.8810
21.6000 -0.5611 0.8699
21.7000 -0.5660 0.8588
21.8000 -0.5708 0.8475
21.9000 -0.5752 0.8361
22.0000 -0.5795 0.8246
22.1000 -0.5835 0.8131
22.2000 -0.5873 0.8014
22.3000 -0.5908 0.7897
22.4000 -0.5942 0.7780
22.5000 -0.5972 0.7661
22.6000 -0.6001 0.7543
22.7000 -0.6027 0.7423
22.8000 -0.6051 0.7303
22.9000 -0.6072 0.7183
23.0000 -0.6091 0.7062
23.1000 -0.6107 0.6941
23.2000 -0.6121 0.6819
23.3000 -0.6132 0.6697
23.4000 -0.6141 0.6575
23.5000 -0.6148 0.6453
23.6000 -0.6152 0.6331
23.7000 -0.6154 0.6209
23.8000 -0.6153 0.6086
23.9000 -0.6150 0.5964
24.0000 -0.6144 0.5842
24.1000 -0.6136 0.5720
24.2000 -0.6125 0.5598
24.3000 -0.6112 0.5477
24.4000 -0.6096 0.5355
24.5000 -0.6078 0.5234
24.6000 -0.6057 0.5114
24.7000 -0.6034 0.4994
24.8000 -0.6009 0.4874
24.9000 -0.5981 0.4755
25.0000 -0.5951 0.4636
25.1000 -0.5918 0.4518
25.2000 -0.5883 0.4401
25.3000 -0.5846 0.4285
25.4000 -0.5806 0.4169
25.5000 -0.5764 0.4054
25.6000 -0.5720 0.3940
25.7000 -0.5673 0.3827
25.8000 -0.5624 0.3715
25.9000 -0.5573 0.3604
26.0000 -0.5519 0.3494
26.1000 -0.5463 0.3385
26.2000 -0.5405 0.3278
26.3000 -0.5345 0.3171
26.4000 -0.5283 0.3066
26.5000 -0.5218 0.2962
26.6000 -0.5152 0.2860
26.7000 -0.5083 0.2758
26.8000 -0.5012 0.2659
26.9000 -0.4939 0.2560
27.0000 -0.4865 0.2464
27.1000 -0.4788 0.2368
27.2000 -0.4709 0.2275
27.3000 -0.4629 0.2183
27.4000 -0.4546 0.2092
27.5000 -0.4462 0.2004
27.6000 -0.4376 0.1917
27.7000 -0.4288 0.1832
27.8000 -0.4198 0.1749
27.9000 -0.4107 0.1668
28.0000 -0.4014 0.1588
28.1000 -0.3919 0.1511
28.2000 -0.3823 0.1435
28.3000 -0.3725 0.1362
28.4000 -0.3626 0.1290
28.5000 -0.3526 0.1221
28.6000 -0.3423 0.1153
28.7000 -0.3320 0.1088
28.8000 -0.3215 0.1025
28.9000 -0.3109 0.0964
29.0000 -0.3002 0.0906
29.1000 -0.2893 0.0850
29.2000 -0.2784 0.0795
29.3000 -0.2673 0.0744
29.4000 -0.2561 0.0694
29.5000 -0.2448 0.0647
29.6000 -0.2334 0.0602
29.7000 -0.2220 0.0560
29.8000 -0.2104 0.0520
29.9000 -0.1988 0.0483
30.0000 -0.1871 0.0448
30.1000 -0.1753 0.0415
30.2000 -0.1634 0.0385
30.3000 -0.1515 0.0357
30.4000 -0.1395 0.0332
30.5000 -0.1275 0.0310
30.6000 -0.1155 0.0290
30.7000 -0.1033 0.0272
30.8000 -0.0912 0.0257
30.9000 -0.0790 0.0245
31.0000 -0.0669 0.0235
31.1000 -0.0547 0.0228
31.2000 -0.0424 0.0224
31.3000 -0.0302 0.0222
31.4000 -0.0180 0.0222
31.5000 -0.0058 0.0225
31.6000 0.0065 0.0231
31.7000 0.0187 0.0239
31.8000 0.0308 0.0250
31.9000 0.0430 0.0264
32.0000 0.0551 0.0280
32.1000 0.0672 0.0299
32.2000 0.0793 0.0320
32.3000 0.0913 0.0344
32.4000 0.1032 0.0370
32.5000 0.1151 0.0399
32.6000 0.1269 0.0430
32.7000 0.1387 0.0464
32.8000 0.1503 0.0500
32.9000 0.1619 0.0539
33.0000 0.1734 0.0580
33.1000 0.1849 0.0624
33.2000 0.1962 0.0670
33.3000 0.2074 0.0719
33.4000 0.2185 0.0770
33.5000 0.2295 0.0823
33.6000 0.2404 0.0878
33.7000 0.2512 0.0936
33.8000 0.2619 0.0996
33.9000 0.2724 0.1059
34.0000 0.2828 0.1124
34.1000 0.2930 0.1190
34.2000 0.3031 0.1259
34.3000 0.3130 0.1330
34.4000 0.3228 0.1404
34.5000 0.3325 0.1479
34.6000 0.3420 0.1556
34.7000 0.3513 0.1635
34.8000 0.3604 0.1717
34.9000 0.3694 0.1800
35.0000 0.3782 0.1885
35.1000 0.3868 0.1972
35.2000 0.3952 0.2060
35.3000 0.4034 0.2151
35.4000 0.4115 0.2243
35.5000 0.4193 0.2337
35.6000 0.4269 0.2432
35.7000 0.4344 0.2530
35.8000 0.4416 0.2628
35.9000 0.4486 0.2728
36.0000 0.4554 0.2830
36.1000 0.4620 0.2933
36.2000 0.4684 0.3037
36.3000 0.4745 0.3143
36.4000 0.4804 0.3250
36.5000 0.4861 0.3358
36.6000 0.4916 0.3468
36.7000 0.4968 0.3578
36.8000 0.5018 0.3690
36.9000 0.5066 0.3803
37.0000 0.5111 0.3916
37.1000 0.5154 0.4031
37.2000 0.5194 0.4146
37.3000 0.5232 0.4263
37.4000 0.5267 0.4380
37.5000 0.5300 0.4497
37.6000 0.5331 0.4616
37.7000 0.5359 0.4735
37.8000 0.5384 0.4855
37.9000 0.5407 0.4975
38.0000 0.5427 0.5095
38.1000 0.5445 0.5216
38.2000 0.5460 0.5338
38.3000 0.5473 0.5459
38.4000 0.5483 0.5581
38.5000 0.5491 0.5703
38.6000 0.5496 0.5825
38.7000 0.5498 0.5948
38.8000 0.5498 0.6070
38.9000 0.5495 0.6192
39.0000 0.5490 0.6314
39.1000 0.5482 0.6436
39.2000 0.5472 0.6558
39.3000 0.5459 0.6680
39.4000 0.5443 0.6801
39.5000 0.5425 0.6922
39.6000 0.5405 0.7043
39.7000 0.5382 0.7163
39.8000 0.5356 0.7282
39.9000 0.5328 0.7401
40.0000 0.5297 0.7520
40.1000 0.5264 0.7637
40.2000 0.5229 0.7754
40.3000 0.5191 0.7871
40.4000 0.5150 0.7986
40.5000 0.5108 0.8100
40.6000 0.5062 0.8214
40.7000 0.5015 0.8327
40.8000 0.4965 0.8438
40.9000 0.4913 0.8549
41.0000 0.4858 0.8658
41.1000 0.4801 0.8767
41.2000 0.4742 0.8874
41.3000 0.4681 0.8980
41.4000 0.4618 0.9084
41.5000 0.4552 0.9187
41.6000 0.4484 0.9289
41.7000 0.4414 0.9389
41.8000 0.4342 0.9488
41.9000 0.4268 0.9586
42.0000 0.4192 0.9681
42.1000 0.4114 0.9775
42.2000 0.4034 0.9868
42.3000 0.3953 0.9959
42.4000 0.3869 1.0048
42.5000 0.3783 1.0135
42.6000 0.3696 1.0221
42.7000 0.3607 1.0305
42.8000 0.3516 1.0386
42.9000 0.3424 1.0466
43.0000 0.3329 1.0544
43.1000 0.3234 1.0620
43.2000 0.3136 1.0694
43.3000 0.3038 1.0766
43.4000 0.2937 1.0836
43.5000 0.2836 1.0904
43.6000 0.2733 1.0970
43.7000 0.2628 1.1033
43.8000 0.2522 1.1095
43.9000 0.2415 1.1154
44.0000 0.2307 1.1211
44.1000 0.2198 1.1265
44.2000 0.2087 1.1318
44.3000 0.1976 1.1368
44.4000 0.1863 1.1416
44.5000 0.1750 1.1461
44.6000 0.1636 1.1504
44.7000 0.1520 1.1545
44.8000 0.1404 1.1583
44.9000 0.1287 1.1619
45.0000 0.1170 1.1653
45.1000 0.1052 1.1684
45.2000 0.0933 1.1712
45.3000 0.0813 1.1738
45.4000 0.0693 1.1762
45.5000 0.0573 1.1783
45.6000 0.0452 1.1802
45.7000 0.0331 1.1818
45.8000 0.0210 1.1832
45.9000 0.0088 1.1843
46.0000 -0.0034 1.1852
46.1000 -0.0156 1.1858
46.2000 -0.0278 1.1861
46.3000 -0.0401 1.1862
46.4000 -0.0523 1.1861
46.5000 -0.0645 1.1857
46.6000 -0.0767 1.1851
46.7000 -0.0889 1.1842
46.8000 -0.1011 1.1830
46.9000 -0.1132 1.1816
47.0000 -0.1253 1.1800
47.1000 -0.1374 1.1781
47.2000 -0.1494 1.1759
47.3000 -0.1614 1.1736
47.4000 -0.1733 1.1709
47.5000 -0.1852 1.1680
47.6000 -0.1970 1.1649
47.7000 -0.2088 1.1616
47.8000 -0.2205 1.1579
47.9000 -0.2321 1.1541
48.0000 -0.2436 1.1500
48.1000 -0.2550 1.1457
48.2000 -0.2664 1.1411
48.3000 -0.2776 1.1364
48.4000 -0.2888 1.1313
48.5000 -0.2998 1.1261
48.6000 -0.3107 1.1206
48.7000 -0.3216 1.1149
48.8000 -0.3323 1.1090
48.9000 -0.3428 1.1029
49.0000 -0.3533 1.0966
49.1000 -0.3636 1.0900
49.2000 -0.3738 1.0832
49.3000 -0.3838 1.0763
49.4000 -0.3937 1.0691
49.5000 -0.4034 1.0617
49.6000 -0.4130 1.0541
49.7000 -0.4225 1.0463
49.8000 -0.4317 1.0384
49.9000 -0.4409 1.0302
50.0000 -0.4498 1.0219
50.1000 -0.4586 1.0134
50.2000 -0.4672 1.0047
50.3000 -0.4756 0.9958
50.4000 -0.4838 0.9867
50.5000 -0.4918 0.9775
50.6000 -0.4997 0.9682
50.7000 -0.5073 0.9586
50.8000 -0.5148 0.9489
50.9000 -0.5221 0.9391
51.0000 -0.5291 0.9291
51.1000 -0.5360 0.9190
51.2000 -0.5426 0.9087
51.3000 -0.5490 0.8983
51.4000 -0.5553 0.8878
51.5000 -0.5613 0.8771
51.6000 -0.5670 0.8664
51.7000 -0.5726 0.8555
51.8000 -0.5779 0.8445
51.9000 -0.5830 0.8334
52.0000 -0.5879 0.8221
52.1000 -0.5926 0.8108
52.2000 -0.5970 0.7994
52.3000 -0.6012 0.7879
52.4000 -0.6051 0.7764
52.5000 -0.6088 0.7647
52.6000 -0.6123 0.7530
52.7000 -0.6155 0.7412
52.8000 -0.6185 0.7293
52.9000 -0.6212 0.7174
53.0000 -0.6237 0.7054
53.1000 -0.6260 0.6934
53.2000 -0.6280 0.6814
53.3000 -0.6297 0.6693
53.4000 -0.6313 0.6571
53.5000 -0.6325 0.6450
53.6000 -0.6335 0.6328
53.7000 -0.6343 0.6206
53.8000 -0.6348 0.6083
53.9000 -0.6350 0.5961
54.0000 -0.6350 0.5839
54.1000 -0.6348 0.5716
54.2000 -0.6343 0.5594
54.3000 -0.6335 0.5472
54.4000 -0.6325 0.5350
54.5000 -0.6312 0.5229
54.6000 -0.6297 0.5107
54.7000 -0.6280 0.4986
54.8000 -0.6260 0.4866
54.9000 -0.6237 0.4745
55.0000 -0.6212 0.4626
55.1000 -0.6185 0.4506
55.2000 -0.6155 0.4388
55.3000 -0.6122 0.4270
55.4000 -0.6087 0.4153
55.5000 -0.6050 0.4036
55.6000 -0.6011 0.3920
55.7000 -0.5968 0.3806
55.8000 -0.5924 0.3692
55.9000 -0.5877 0.3579
56.0000 -0.5828 0.3467
56.1000 -0.5777 0.3356
56.2000 -0.5723 0.3246
56.3000 -0.5667 0.3137
56.4000 -0.5609 0.3029
56.5000 -0.5549 0.2923
56.6000 -0.5486 0.2818
56.7000 -0.5421 0.2714
56.8000 -0.5354 0.2612
56.9000 -0.5285 0.2511
57.0000 -0.5214 0.2411
57.1000 -0.5141 0.2313
57.2000 -0.5066 0.2217
57.3000 -0.4988 0.2122
57.4000 -0.4909 0.2029
57.5000 -0.4828 0.1937
57.6000 -0.4745 0.1848
57.7000 -0.4660 0.1760
57.8000 -0.4574 0.1673
57.9000 -0.4485 0.1589
58.0000 -0.4395 0.1506
58.1000 -0.4303 0.1425
58.2000 -0.4210 0.1347
58.3000 -0.4115 0.1270
58.4000 -0.4018 0.1195
58.5000 -0.3920 0.1122
58.6000 -0.3820 0.1052
58.7000 -0.3718 0.0983
58.8000 -0.3616 0.0917
58.9000 -0.3512 0.0853
59.0000 -0.3406 0.0791
59.1000 -0.3300 0.0731
59.2000 -0.3192 0.0673
59.3000 -0.3083 0.0618
59.4000 -0.2972 0.0565
59.5000 -0.2861 0.0515
59.6000 -0.2749 0.0466
59.7000 -0.2635 0.0421
59.8000 -0.2521 0.0377
59.9000 -0.2406 0.0336
60.0000 -0.2290 0.0298
60.1000 -0.2173 0.0262
60.2000 -0.2055 0.0228
60.3000 -0.1937 0.0197
60.4000 -0.1818 0.0168
60.5000 -0.1699 0.0142
60.6000 -0.1579 0.0119
60.7000 -0.1458 0.0098
60.8000 -0.1338 0.0079
60.9000 -0.1216 0.0064
61.0000 -0.1095 0.0050
61.1000 -0.0973 0.0040
61.2000 -0.0851 0.0032
61.3000 -0.0729 0.0026
61.4000 -0.0607 0.0023
61.5000 -0.0484 0.0023
61.6000 -0.0362 0.0026
61.7000 -0.0240 0.0031
61.8000 -0.0118 0.0038
61.9000 0.0004 0.0049
62.0000 0.0126 0.0061
62.1000 0.0247 0.0077
62.2000 0.0368 0.0095
62.3000 0.0488 0.0115
62.4000 0.0609 0.0139
62.5000 0.0728 0.0164
62.6000 0.0847 0.0193
62.7000 0.0965 0.0223
62.8000 0.1083 0.0257
62.9000 0.1200 0.0293
63.0000 0.1316 0.0331
63.1000 0.1431 0.0372
63.2000 0.1546 0.0415
63.3000 0.1659 0.0461
63.4000 0.1772 0.0509
63.5000 0.1883 0.0560
63.6000 0.1993 0.0612
63.7000 0.2102 0.0668
63.8000 0.2210 0.0725
63.9000 0.2317 0.0785
64.0000 0.2422 0.0847
64.1000 0.2526 0.0912
64.2000 0.2629 0.0978
64.3000 0.2730 0.1047
64.4000 0.2829 0.1118
64.5000 0.2928 0.1191
64.6000 0.3024 0.1266
64.7000 0.3119 0.1343
64.8000 0.3212 0.1422
64.9000 0.3304 0.1503
65.0000 0.3394 0.1586
65.1000 0.3482 0.1671
65.2000 0.3568 0.1758
65.3000 0.3652 0.1847
65.4000 0.3734 0.1937
65.5000 0.3815 0.2029
65.6000 0.3893 0.2123
65.7000 0.3970 0.2218
65.8000 0.4044 0.2315
65.9000 0.4116 0.2414
66.0000 0.4187 0.2514
66.1000 0.4255 0.2616
66.2000 0.4321 0.2719
66.3000 0.4384 0.2823
66.4000 0.4446 0.2929
66.5000 0.4505 0.3036
66.6000 0.4562 0.3144
66.7000 0.4617 0.3253
66.8000 0.4669 0.3364
66.9000 0.4719 0.3475
67.0000 0.4766 0.3588
67.1000 0.4811 0.3702
67.2000 0.4854 0.3816
67.3000 0.4894 0.3932
67.4000 0.4932 0.4048
67.5000 0.4968 0.4165
67.6000 0.5000 0.4283
67.7000 0.5031 0.4401
67.8000 0.5059 0.4520
67.9000 0.5084 0.4640
68.0000 0.5107 0.4760
68.1000 0.5127 0.4881
68.2000 0.5145 0.5002
68.3000 0.5160 0.5123
68.4000 0.5173 0.5245
68.5000 0.5183 0.5367
68.6000 0.5190 0.5489
68.7000 0.5195 0.5611
68.8000 0.5197 0.5733
68.9000 0.5197 0.5855
69.0000 0.5194 0.5978
69.1000 0.5189 0.6100
69.2000 0.5181 0.6222
69.3000 0.5170 0.6344
69.4000 0.5157 0.6465
69.5000 0.5142 0.6586
69.6000 0.5124 0.6707
69.7000 0.5103 0.6828
69.8000 0.5080 0.6948
69.9000 0.5054 0.7067
70.0000 0.5026 0.7186
70.1000 0.4995 0.7305
70.2000 0.4962 0.7422
70.3000 0.4926 0.7539
70.4000 0.4888 0.7656
70.5000 0.4848 0.7771
70.6000 0.4805 0.7885
70.7000 0.4759 0.7999
70.8000 0.4712 0.8112
70.9000 0.4662 0.8223
71.0000 0.4610 0.8334
71.1000 0.4555 0.8443
71.2000 0.4498 0.8551
71.3000 0.4439 0.8658
71.4000 0.4378 0.8764
71.5000 0.4314 0.8869
71.6000 0.4248 0.8972
71.7000 0.4181 0.9073
71.8000 0.4111 0.9174
71.9000 0.4039 0.9273
72.0000 0.3965 0.9370
72.1000 0.3889 0.9466
72.2000 0.3811 0.9560
72.3000 0.3731 0.9652
72.4000 0.3649 0.9743
72.5000 0.3565 0.9832
72.6000 0.3480 0.9920
72.7000 0.3392 1.0005
72.8000 0.3303 1.0089
72.9000 0.3213 1.0171
73.0000 0.3120 1.0251
73.1000 0.3026 1.0329
73.2000 0.2930 1.0405
73.3000 0.2833 1.0479
73.4000 0.2734 1.0551
73.5000 0.2634 1.0621
73.6000 0.2533 1.0689
73.7000 0.2430 1.0755
73.8000 0.2325 1.0818
73.9000 0.2220 1.0880
74.0000 0.2113 1.0939
74.1000 0.2005 1.0996
74.2000 0.1896 1.1051
74.3000 0.1785 1.1104
74.4000 0.1674 1.1154
74.5000 0.1561 1.1202
74.6000 0.1448 1.1248
74.7000 0.1334 1.1291
74.8000 0.1219 1.1332
74.9000 0.1103 1.1371
75.0000 0.0986 1.1407
75.1000 0.0868 1.1441
75.2000 0.0750 1.1472
75.3000 0.0632 1.1501
75.4000 0.0512 1.1528
75.5000 0.0393 1.1552
75.6000 0.0272 1.1573
75.7000 0.0152 1.1592
75.8000 0.0030 1.1609
75.9000 -0.0091 1.1623
76.0000 -0.0213 1.1635
76.1000 -0.0334 1.1644
76.2000 -0.0456 1.1651
76.3000 -0.0579 1.1655
76.4000 -0.0701 1.1657
76.5000 -0.0823 1.1656
76.6000 -0.0945 1.1653
76.7000 -0.1067 1.1647
76.8000 -0.1189 1.1639
76.9000 -0.1311 1.1628
77.0000 -0.1432 1.1615
77.1000 -0.1554 1.1599
77.2000 -0.1674 1.1581
77.3000 -0.1795 1.1561
77.4000 -0.1915 1.1538
77.5000 -0.2034 1.1512
77.6000 -0.2153 1.1484
77.7000 -0.2272 1.1454
77.8000 -0.2390 1.1421
77.9000 -0.2507 1.1386
78.0000 -0.2623 1.1349
78.1000 -0.2738 1.1309
78.2000 -0.2853 1.1267
78.3000 -0.2967 1.1222
78.4000 -0.3080 1.1175
78.5000 -0.3192 1.1126
78.6000 -0.3303 1.1075
78.7000 -0.3413 1.1021
78.8000 -0.3521 1.0966
78.9000 -0.3629 1.0908
79.0000 -0.3735 1.0848
79.1000 -0.3840 1.0785
79.2000 -0.3944 1.0721
79.3000 -0.4047 1.0654
79.4000 -0.4148 1.0586
79.5000 -0.4248 1.0515
79.6000 -0.4346 1.0443
79.7000 -0.4443 1.0368
79.8000 -0.4538 1.0291
79.9000 -0.4632 1.0213
80.0000 -0.4724 1.0133
80.1000 -0.4815 1.0051
80.2000 -0.4903 0.9967
80.3000 -0.4990 0.9881
80.4000 -0.5076 0.9793
80.5000 -0.5159 0.9704
80.6000 -0.5241 0.9613
80.7000 -0.5321 0.9521
80.8000 -0.5399 0.9427
80.9000 -0.5475 0.9331
81.0000 -0.5549 0.9234
81.1000 -0.5621 0.9135
81.2000 -0.5692 0.9035
81.3000 -0.5760 0.8933
81.4000 -0.5826 0.8831
81.5000 -0.5890 0.8726
81.6000 -0.5951 0.8621
81.7000 -0.6011 0.8514
81.8000 -0.6069 0.8406
81.9000 -0.6124 0.8297
82.0000 -0.6177 0.8187
82.1000 -0.6228 0.8076
82.2000 -0.6277 0.7964
82.3000 -0.6323 0.7851
82.4000 -0.6367 0.7737
82.5000 -0.6409 0.7622
82.6000 -0.6448 0.7506
82.7000 -0.6485 0.7390
82.8000 -0.6520 0.7272
82.9000 -0.6552 0.7154
83.0000 -0.6582 0.7036
83.1000 -0.6610 0.6917
83.2000 -0.6635 0.6797
83.3000 -0.6658 0.6677
83.4000 -0.6678 0.6556
83.5000 -0.6696 0.6435
83.6000 -0.6711 0.6314
83.7000 -0.6724 0.6192
83.8000 -0.6734 0.6071
83.9000 -0.6742 0.5949
84.0000 -0.6748 0.5826
84.1000 -0.6751 0.5704
84.2000 -0.6751 0.5582
84.3000 -0.6749 0.5460
84.4000 -0.6744 0.5337
84.5000 -0.6737 0.5215
84.6000 -0.6728 0.5093
