0.0000 0.0000 0.0000
0.1000 -0.0102 0.0005
0.2000 -0.0212 0.0018
0.3000 -0.0327 0.0037
0.4000 -0.0443 0.0060
0.5000 -0.0561 0.0087
0.6000 -0.0679 0.0116
0.7000 -0.0797 0.0148
0.8000 -0.0916 0.0182
0.9000 -0.1034 0.0217
1.0000 -0.1152 0.0254
1.1000 -0.1270 0.0293
1.2000 -0.1388 0.0332
1.3000 -0.1505 0.0373
1.4000 -0.1623 0.0415
1.5000 -0.1740 0.0457
1.6000 -0.1857 0.0500
1.7000 -0.1974 0.0545
1.8000 -0.2090 0.0589
1.9000 -0.2207 0.0635
2.0000 -0.2323 0.0681
2.1000 -0.2439 0.0728
2.2000 -0.2555 0.0775
2.3000 -0.2671 0.0823
2.4000 -0.2787 0.0871
2.5000 -0.2903 0.0919
2.6000 -0.3019 0.0968
2.7000 -0.3134 0.1017
2.8000 -0.3250 0.1066
2.9000 -0.3365 0.1116
3.0000 -0.3481 0.1166
3.1000 -0.3596 0.1215
3.2000 -0.3712 0.1266
3.3000 -0.3827 0.1316
3.4000 -0.3942 0.1366
3.5000 -0.4057 0.1416
3.6000 -0.4172 0.1467
3.7000 -0.4287 0.1517
3.8000 -0.4403 0.1568
3.9000 -0.4518 0.1619
4.0000 -0.4633 0.1669
4.1000 -0.4748 0.1720
4.2000 -0.4863 0.1770
4.3000 -0.4978 0.1821
4.4000 -0.5093 0.1871
4.5000 -0.5208 0.1921
4.6000 -0.5323 0.1972
4.7000 -0.5438 0.2022
4.8000 -0.5553 0.2072
4.9000 -0.5668 0.2122
5.0000 -0.5783 0.2172
5.1000 -0.5899 0.2222
5.2000 -0.6014 0.2271
5.3000 -0.6129 0.2321
5.4000 -0.6244 0.2370
5.5000 -0.6360 0.2420
5.6000 -0.6475 0.2469
5.7000 -0.6591 0.2518
5.8000 -0.6706 0.2566
5.9000 -0.6822 0.2615
6.0000 -0.6937 0.2663
6.1000 -0.7053 0.2711
6.2000 -0.7169 0.2759
6.3000 -0.7285 0.2807
6.4000 -0.7401 0.2854
6.5000 -0.7517 0.2902
6.6000 -0.7633 0.2949
6.7000 -0.7749 0.2995
6.8000 -0.7865 0.3042
6.9000 -0.7981 0.3088
7.0000 -0.8097 0.3134
7.1000 -0.8214 0.3180
7.2000 -0.8330 0.3226
7.3000 -0.8447 0.3271
7.4000 -0.8564 0.3316
7.5000 -0.8680 0.3361
7.6000 -0.8797 0.3406
7.7000 -0.8914 0.3450
7.8000 -0.9031 0.3494
7.9000 -0.9148 0.3538
8.0000 -0.9265 0.3581
8.1000 -0.9382 0.3624
8.2000 -0.9500 0.3667
8.3000 -0.9617 0.3709
8.4000 -0.9734 0.3752
8.5000 -0.9852 0.3794
8.6000 -0.9969 0.3835
8.7000 -1.0087 0.3877
8.8000 -1.0205 0.3917
8.9000 -1.0322 0.3958
9.0000 -1.0439 0.3997
9.1000 -1.0557 0.4036
9.2000 -1.0674 0.4074
9.3000 -1.0791 0.4110
9.4000 -1.0908 0.4145
9.5000 -1.1025 0.4179
9.6000 -1.1141 0.4210
9.7000 -1.1257 0.4239
9.8000 -1.1372 0.4265
9.9000 -1.1486 0.4287
10.0000 -1.1598 0.4306
10.1000 -1.1707 0.4319
10.2000 -1.1812 0.4326
10.3000 -1.1906 0.4326
10.4000 -1.1974 0.4318
10.5000 -1.1988 0.4314
10.6000 -1.1972 0.4326
10.7000 -1.1958 0.4350
10.8000 -1.1957 0.4356
10.9000 -1.1957 0.4313
11.0000 -1.1956 0.4265
11.1000 -1.1954 0.4216
11.2000 -1.1951 0.4168
11.3000 -1.1949 0.4119
11.4000 -1.1946 0.4071
11.5000 -1.1944 0.4023
11.6000 -1.1941 0.3976
11.7000 -1.1938 0.3930
11.8000 -1.1936 0.3885
11.9000 -1.1933 0.3839
12.0000 -1.1930 0.3794
12.1000 -1.1927 0.3749
12.2000 -1.1925 0.3704
12.3000 -1.1922 0.3660
12.4000 -1.1919 0.3617
12.5000 -1.1916 0.3574
12.6000 -1.1913 0.3532
12.7000 -1.1910 0.3491
12.8000 -1.1908 0.3450
12.9000 -1.1905 0.3410
13.0000 -1.1902 0.3371
13.1000 -1.1900 0.3333
13.2000 -1.1897 0.3294
13.3000 -1.1895 0.3255
13.4000 -1.1892 0.3217
13.5000 -1.1889 0.3179
13.6000 -1.1886 0.3141
13.7000 -1.1884 0.3104
13.8000 -1.1881 0.3068
13.9000 -1.1878 0.3033
14.0000 -1.1876 0.2998
14.1000 -1.1873 0.2964
14.2000 -1.1871 0.2931
14.3000 -1.1868 0.2898
14.4000 -1.1866 0.2865
14.5000 -1.1863 0.2831
14.6000 -1.1861 0.2798
14.7000 -1.1858 0.2765
14.8000 -1.1856 0.2733
14.9000 -1.1853 0.2701
15.0000 -1.1851 0.2670
15.1000 -1.1848 0.2640
15.2000 -1.1846 0.2610
15.3000 -1.1844 0.2581
15.4000 -1.1841 0.2553
15.5000 -1.1839 0.2525
15.6000 -1.1837 0.2496
15.7000 -1.1835 0.2468
15.8000 -1.1832 0.2439
15.9000 -1.1830 0.2411
16.0000 -1.1828 0.2383
16.1000 -1.1825 0.2356
16.2000 -1.1823 0.2329
16.3000 -1.1821 0.2303
16.4000 -1.1819 0.2278
16.5000 -1.1817 0.2253
16.6000 -1.1815 0.2229
16.7000 -1.1813 0.2206
16.8000 -1.1811 0.2183
16.9000 -1.1809 0.2159
17.0000 -1.1807 0.2135
17.1000 -1.1805 0.2111
17.2000 -1.1803 0.2088
17.3000 -1.1801 0.2065
17.4000 -1.1799 0.2042
17.5000 -1.1797 0.2020
17.6000 -1.1796 0.1998
17.7000 -1.1794 0.1978
17.8000 -1.1792 0.1957
17.9000 -1.1790 0.1938
18.0000 -1.1789 0.1918
18.1000 -1.1787 0.1900
18.2000 -1.1786 0.1882
18.3000 -1.1784 0.1863
18.4000 -1.1783 0.1846
18.5000 -1.1781 0.1827
18.6000 -1.1780 0.1809
18.7000 -1.1778 0.1791
18.8000 -1.1777 0.1773
18.9000 -1.1775 0.1756
19.0000 -1.1774 0.1739
19.1000 -1.1772 0.1723
19.2000 -1.1771 0.1707
19.3000 -1.1770 0.1691
19.4000 -1.1768 0.1677
19.5000 -1.1767 0.1662
19.6000 -1.1766 0.1648
19.7000 -1.1765 0.1634
19.8000 -1.1764 0.1621
19.9000 -1.1763 0.1608
20.0000 -1.1762 0.1596
20.1000 -1.1761 0.1584
20.2000 -1.1760 0.1572
20.3000 -1.1759 0.1560
20.4000 -1.1758 0.1548
20.5000 -1.1757 0.1536
20.6000 -1.1756 0.1523
20.7000 -1.1755 0.1511
20.8000 -1.1754 0.1499
20.9000 -1.1753 0.1488
21.0000 -1.1752 0.1477
21.1000 -1.1751 0.1466
21.2000 -1.1750 0.1456
21.3000 -1.1749 0.1446
21.4000 -1.1748 0.1437
21.5000 -1.1747 0.1428
21.6000 -1.1747 0.1419
21.7000 -1.1746 0.1411
21.8000 -1.1745 0.1403
21.9000 -1.1745 0.1396
22.0000 -1.1744 0.1389
22.1000 -1.1744 0.1382
22.2000 -1.1743 0.1376
22.3000 -1.1743 0.1370
22.4000 -1.1742 0.1365
22.5000 -1.1742 0.1360
22.6000 -1.1741 0.1355
22.7000 -1.1741 0.1351
22.8000 -1.1741 0.1347
22.9000 -1.1740 0.1344
23.0000 -1.1740 0.1339
23.1000 -1.1740 0.1336
23.2000 -1.1739 0.1331
23.3000 -1.1739 0.1329
23.4000 -1.1739 0.1325
23.5000 -1.1739 0.1323
23.6000 -1.1739 0.1321
23.7000 -1.1738 0.1318
23.8000 -1.1738 0.1315
23.9000 -1.1738 0.1312
24.0000 -1.1738 0.1310
24.1000 -1.1738 0.1309
24.2000 -1.1738 0.1308
24.3000 -1.1737 0.1307
24.4000 -1.1737 0.1306
24.5000 -1.1737 0.1306
24.6000 -1.1737 0.1306
24.7000 -1.1737 0.1307
24.8000 -1.1738 0.1308
24.9000 -1.1738 0.1309
25.0000 -1.1738 0.1311
25.1000 -1.1738 0.1313
25.2000 -1.1738 0.1315
25.3000 -1.1738 0.1318
25.4000 -1.1739 0.1321
25.5000 -1.1739 0.1325
25.6000 -1.1739 0.1329
25.7000 -1.1739 0.1333
25.8000 -1.1740 0.1338
25.9000 -1.1740 0.1343
26.0000 -1.1740 0.1348
26.1000 -1.1741 0.1354
26.2000 -1.1741 0.1360
26.3000 -1.1742 0.1367
26.4000 -1.1742 0.1373
26.5000 -1.1743 0.1380
26.6000 -1.1743 0.1388
26.7000 -1.1744 0.1396
26.8000 -1.1744 0.1404
26.9000 -1.1745 0.1413
27.0000 -1.1745 0.1421
27.1000 -1.1746 0.1431
27.2000 -1.1746 0.1440
27.3000 -1.1747 0.1450
27.4000 -1.1747 0.1461
27.5000 -1.1748 0.1471
27.6000 -1.1749 0.1482
27.7000 -1.1749 0.1493
27.8000 -1.1750 0.1505
27.9000 -1.1751 0.1517
28.0000 -1.1751 0.1529
28.1000 -1.1752 0.1542
28.2000 -1.1753 0.1555
28.3000 -1.1753 0.1568
28.4000 -1.1754 0.1580
28.5000 -1.1755 0.1593
28.6000 -1.1755 0.1607
28.7000 -1.1756 0.1620
28.8000 -1.1757 0.1634
28.9000 -1.1757 0.1648
29.0000 -1.1758 0.1663
29.1000 -1.1759 0.1677
29.2000 -1.1759 0.1692
29.3000 -1.1760 0.1707
29.4000 -1.1761 0.1721
29.5000 -1.1761 0.1737
29.6000 -1.1762 0.1753
29.7000 -1.1763 0.1768
29.8000 -1.1763 0.1784
29.9000 -1.1764 0.1799
30.0000 -1.1765 0.1815
30.1000 -1.1765 0.1832
30.2000 -1.1766 0.1848
30.3000 -1.1766 0.1865
30.4000 -1.1767 0.1883
30.5000 -1.1768 0.1900
30.6000 -1.1768 0.1918
30.7000 -1.1769 0.1937
30.8000 -1.1770 0.1955
30.9000 -1.1770 0.1974
31.0000 -1.1771 0.1993
31.1000 -1.1771 0.2013
31.2000 -1.1772 0.2033
31.3000 -1.1773 0.2053
31.4000 -1.1773 0.2073
31.5000 -1.1774 0.2094
31.6000 -1.1774 0.2115
31.7000 -1.1775 0.2137
31.8000 -1.1775 0.2158
31.9000 -1.1776 0.2180
32.0000 -1.1776 0.2202
32.1000 -1.1777 0.2225
32.2000 -1.1777 0.2248
32.3000 -1.1777 0.2271
32.4000 -1.1778 0.2294
32.5000 -1.1778 0.2318
32.6000 -1.1779 0.2340
32.7000 -1.1779 0.2364
32.8000 -1.1779 0.2387
32.9000 -1.1780 0.2411
33.0000 -1.1780 0.2434
33.1000 -1.1780 0.2457
33.2000 -1.1780 0.2480
33.3000 -1.1781 0.2504
33.4000 -1.1781 0.2527
33.5000 -1.1781 0.2551
33.6000 -1.1781 0.2575
33.7000 -1.1782 0.2600
33.8000 -1.1782 0.2624
33.9000 -1.1782 0.2649
34.0000 -1.1782 0.2675
34.1000 -1.1782 0.2700
34.2000 -1.1782 0.2726
34.3000 -1.1782 0.2752
34.4000 -1.1782 0.2779
34.5000 -1.1782 0.2806
34.6000 -1.1782 0.2833
34.7000 -1.1782 0.2858
34.8000 -1.1782 0.2885
34.9000 -1.1782 0.2911
35.0000 -1.1781 0.2936
35.1000 -1.1781 0.2962
35.2000 -1.1781 0.2988
35.3000 -1.1781 0.3014
35.4000 -1.1781 0.3041
35.5000 -1.1781 0.3067
35.6000 -1.1780 0.3094
35.7000 -1.1780 0.3122
35.8000 -1.1780 0.3149
35.9000 -1.1779 0.3177
36.0000 -1.1779 0.3205
36.1000 -1.1778 0.3233
36.2000 -1.1778 0.3260
36.3000 -1.1777 0.3288
36.4000 -1.1777 0.3316
36.5000 -1.1776 0.3343
36.6000 -1.1776 0.3370
36.7000 -1.1775 0.3397
36.8000 -1.1775 0.3424
36.9000 -1.1774 0.3452
37.0000 -1.1774 0.3480
37.1000 -1.1773 0.3508
37.2000 -1.1772 0.3537
37.3000 -1.1771 0.3565
37.4000 -1.1771 0.3593
37.5000 -1.1770 0.3621
37.6000 -1.1769 0.3649
37.7000 -1.1768 0.3676
37.8000 -1.1768 0.3704
37.9000 -1.1767 0.3731
38.0000 -1.1766 0.3759
38.1000 -1.1765 0.3787
38.2000 -1.1764 0.3815
38.3000 -1.1763 0.3844
38.4000 -1.1762 0.3873
38.5000 -1.1761 0.3900
38.6000 -1.1760 0.3927
38.7000 -1.1759 0.3954
38.8000 -1.1758 0.3981
38.9000 -1.1757 0.4009
39.0000 -1.1756 0.4036
39.1000 -1.1755 0.4064
39.2000 -1.1754 0.4092
39.3000 -1.1752 0.4121
39.4000 -1.1751 0.4148
39.5000 -1.1750 0.4176
39.6000 -1.1749 0.4203
39.7000 -1.1748 0.4230
39.8000 -1.1746 0.4257
39.9000 -1.1745 0.4284
40.0000 -1.1744 0.4311
40.1000 -1.1742 0.4339
40.2000 -1.1741 0.4366
40.3000 -1.1740 0.4392
40.4000 -1.1738 0.4418
40.5000 -1.1737 0.4443
40.6000 -1.1736 0.4467
40.7000 -1.1735 0.4491
40.8000 -1.1734 0.4515
40.9000 -1.1732 0.4539
41.0000 -1.1731 0.4563
41.1000 -1.1730 0.4586
41.2000 -1.1729 0.4610
41.3000 -1.1727 0.4633
41.4000 -1.1726 0.4656
41.5000 -1.1725 0.4678
41.6000 -1.1724 0.4700
41.7000 -1.1723 0.4721
41.8000 -1.1722 0.4741
41.9000 -1.1721 0.4761
42.0000 -1.1719 0.4781
42.1000 -1.1718 0.4801
42.2000 -1.1717 0.4820
42.3000 -1.1716 0.4840
42.4000 -1.1715 0.4859
42.5000 -1.1714 0.4879
42.6000 -1.1713 0.4898
42.7000 -1.1712 0.4917
42.8000 -1.1711 0.4934
42.9000 -1.1710 0.4952
43.0000 -1.1709 0.4969
43.1000 -1.1708 0.4985
43.2000 -1.1707 0.5001
43.3000 -1.1706 0.5017
43.4000 -1.1705 0.5033
43.5000 -1.1704 0.5048
43.6000 -1.1703 0.5064
43.7000 -1.1702 0.5079
43.8000 -1.1701 0.5095
43.9000 -1.1700 0.5110
44.0000 -1.1700 0.5125
44.1000 -1.1699 0.5140
44.2000 -1.1698 0.5155
44.3000 -1.1697 0.5170
44.4000 -1.1696 0.5183
44.5000 -1.1695 0.5197
44.6000 -1.1694 0.5210
44.7000 -1.1693 0.5222
44.8000 -1.1693 0.5234
44.9000 -1.1692 0.5246
45.0000 -1.1691 0.5257
45.1000 -1.1691 0.5269
45.2000 -1.1690 0.5280
45.3000 -1.1689 0.5291
45.4000 -1.1688 0.5303
45.5000 -1.1688 0.5312
45.6000 -1.1687 0.5318
45.7000 -1.1687 0.5322
45.8000 -1.1687 0.5324
45.9000 -1.1687 0.5323
46.0000 -1.1687 0.5321
46.1000 -1.1688 0.5315
46.2000 -1.1688 0.5307
46.3000 -1.1688 0.5297
46.4000 -1.1689 0.5284
46.5000 -1.1689 0.5271
46.6000 -1.1689 0.5259
46.7000 -1.1690 0.5247
46.8000 -1.1690 0.5236
46.9000 -1.1690 0.5226
47.0000 -1.1691 0.5216
47.1000 -1.1691 0.5206
47.2000 -1.1691 0.5198
47.3000 -1.1691 0.5189
47.4000 -1.1692 0.5182
47.5000 -1.1692 0.5175
47.6000 -1.1692 0.5169
47.7000 -1.1692 0.5161
47.8000 -1.1692 0.5156
47.9000 -1.1693 0.5151
48.0000 -1.1693 0.5145
48.1000 -1.1693 0.5140
48.2000 -1.1693 0.5135
48.3000 -1.1693 0.5130
48.4000 -1.1693 0.5127
48.5000 -1.1694 0.5123
48.6000 -1.1694 0.5119
48.7000 -1.1694 0.5116
48.8000 -1.1694 0.5113
48.9000 -1.1694 0.5110
49.0000 -1.1694 0.5108
49.1000 -1.1694 0.5106
49.2000 -1.1694 0.5105
49.3000 -1.1694 0.5104
49.4000 -1.1694 0.5103
49.5000 -1.1694 0.5103
49.6000 -1.1694 0.5103
49.7000 -1.1694 0.5104
49.8000 -1.1694 0.5105
49.9000 -1.1694 0.5106
50.0000 -1.1694 0.5108
50.1000 -1.1694 0.5110
50.2000 -1.1694 0.5112
50.3000 -1.1694 0.5115
50.4000 -1.1694 0.5118
50.5000 -1.1694 0.5122
50.6000 -1.1693 0.5126
50.7000 -1.1693 0.5130
50.8000 -1.1693 0.5134
50.9000 -1.1693 0.5138
51.0000 -1.1693 0.5142
51.1000 -1.1692 0.5146
51.2000 -1.1692 0.5151
51.3000 -1.1692 0.5155
51.4000 -1.1692 0.5160
51.5000 -1.1692 0.5164
51.6000 -1.1691 0.5168
51.7000 -1.1691 0.5173
51.8000 -1.1691 0.5179
51.9000 -1.1690 0.5184
52.0000 -1.1690 0.5190
52.1000 -1.1690 0.5197
52.2000 -1.1689 0.5203
52.3000 -1.1689 0.5210
52.4000 -1.1689 0.5218
52.5000 -1.1688 0.5225
52.6000 -1.1688 0.5233
52.7000 -1.1687 0.5242
52.8000 -1.1687 0.5250
52.9000 -1.1686 0.5257
53.0000 -1.1686 0.5266
53.1000 -1.1686 0.5274
53.2000 -1.1685 0.5281
53.3000 -1.1685 0.5289
53.4000 -1.1684 0.5296
53.5000 -1.1684 0.5302
53.6000 -1.1684 0.5305
53.7000 -1.1684 0.5307
53.8000 -1.1684 0.5307
53.9000 -1.1684 0.5304
54.0000 -1.1684 0.5297
54.1000 -1.1684 0.5290
54.2000 -1.1685 0.5282
54.3000 -1.1685 0.5274
54.4000 -1.1685 0.5266
54.5000 -1.1685 0.5258
54.6000 -1.1686 0.5251
54.7000 -1.1686 0.5245
54.8000 -1.1686 0.5239
54.9000 -1.1686 0.5233
55.0000 -1.1687 0.5228
55.1000 -1.1687 0.5224
55.2000 -1.1687 0.5220
55.3000 -1.1687 0.5217
55.4000 -1.1687 0.5214
55.5000 -1.1687 0.5212
55.6000 -1.1687 0.5211
55.7000 -1.1687 0.5210
55.8000 -1.1687 0.5209
55.9000 -1.1687 0.5207
56.0000 -1.1687 0.5207
56.1000 -1.1687 0.5205
56.2000 -1.1687 0.5205
56.3000 -1.1687 0.5205
56.4000 -1.1687 0.5206
56.5000 -1.1687 0.5206
56.6000 -1.1687 0.5207
56.7000 -1.1687 0.5208
56.8000 -1.1687 0.5209
56.9000 -1.1687 0.5209
57.0000 -1.1687 0.5211
57.1000 -1.1687 0.5212
57.2000 -1.1687 0.5214
57.3000 -1.1687 0.5216
57.4000 -1.1687 0.5219
57.5000 -1.1687 0.5222
57.6000 -1.1687 0.5225
57.7000 -1.1686 0.5229
57.8000 -1.1686 0.5233
57.9000 -1.1686 0.5237
58.0000 -1.1686 0.5242
58.1000 -1.1685 0.5247
58.2000 -1.1685 0.5252
58.3000 -1.1685 0.5258
58.4000 -1.1684 0.5264
58.5000 -1.1684 0.5271
58.6000 -1.1684 0.5276
58.7000 -1.1683 0.5282
58.8000 -1.1683 0.5288
58.9000 -1.1683 0.5295
59.0000 -1.1683 0.5298
59.1000 -1.1682 0.5301
59.2000 -1.1682 0.5301
59.3000 -1.1683 0.5298
59.4000 -1.1683 0.5292
59.5000 -1.1683 0.5287
59.6000 -1.1683 0.5282
59.7000 -1.1683 0.5278
59.8000 -1.1684 0.5274
59.9000 -1.1684 0.5270
60.0000 -1.1684 0.5266
60.1000 -1.1684 0.5264
60.2000 -1.1684 0.5260
60.3000 -1.1684 0.5259
60.4000 -1.1684 0.5256
60.5000 -1.1684 0.5253
60.6000 -1.1684 0.5252
60.7000 -1.1685 0.5251
60.8000 -1.1685 0.5249
60.9000 -1.1685 0.5248
61.0000 -1.1685 0.5247
61.1000 -1.1685 0.5247
61.2000 -1.1685 0.5246
61.3000 -1.1685 0.5247
61.4000 -1.1685 0.5247
61.5000 -1.1685 0.5248
61.6000 -1.1685 0.5250
61.7000 -1.1685 0.5251
61.8000 -1.1684 0.5253
61.9000 -1.1684 0.5256
62.0000 -1.1684 0.5259
62.1000 -1.1684 0.5262
62.2000 -1.1684 0.5266
62.3000 -1.1684 0.5270
62.4000 -1.1683 0.5274
62.5000 -1.1683 0.5278
62.6000 -1.1683 0.5283
62.7000 -1.1683 0.5289
62.8000 -1.1682 0.5293
62.9000 -1.1682 0.5296
63.0000 -1.1682 0.5296
63.1000 -1.1682 0.5294
63.2000 -1.1682 0.5289
63.3000 -1.1683 0.5285
63.4000 -1.1683 0.5280
63.5000 -1.1683 0.5276
63.6000 -1.1683 0.5273
63.7000 -1.1683 0.5269
63.8000 -1.1683 0.5267
63.9000 -1.1684 0.5264
64.0000 -1.1684 0.5260
64.1000 -1.1684 0.5259
64.2000 -1.1684 0.5257
64.3000 -1.1684 0.5255
64.4000 -1.1684 0.5254
64.5000 -1.1684 0.5253
64.6000 -1.1684 0.5252
64.7000 -1.1684 0.5251
64.8000 -1.1684 0.5251
64.9000 -1.1684 0.5251
65.0000 -1.1684 0.5252
65.1000 -1.1684 0.5253
65.2000 -1.1684 0.5255
65.3000 -1.1684 0.5256
65.4000 -1.1684 0.5259
65.5000 -1.1684 0.5261
65.6000 -1.1683 0.5264
65.7000 -1.1683 0.5267
65.8000 -1.1683 0.5271
65.9000 -1.1683 0.5275
66.0000 -1.1683 0.5279
66.1000 -1.1682 0.5284
66.2000 -1.1682 0.5289
66.3000 -1.1682 0.5293
66.4000 -1.1682 0.5295
