0.0000 0.0000 0.0000
0.1000 0.0122 -0.0002
0.2000 0.0243 -0.0006
0.3000 0.0364 -0.0014
0.4000 0.0485 -0.0026
0.5000 0.0606 -0.0040
0.6000 0.0726 -0.0057
0.7000 0.0846 -0.0078
0.8000 0.0965 -0.0101
0.9000 0.1083 -0.0127
1.0000 0.1202 -0.0156
1.1000 0.1320 -0.0188
1.2000 0.1438 -0.0222
1.3000 0.1555 -0.0258
1.4000 0.1672 -0.0296
1.5000 0.1789 -0.0336
1.6000 0.1906 -0.0377
1.7000 0.2022 -0.0421
1.8000 0.2137 -0.0465
1.9000 0.2252 -0.0511
2.0000 0.2367 -0.0559
2.1000 0.2480 -0.0607
2.2000 0.2594 -0.0657
2.3000 0.2706 -0.0709
2.4000 0.2818 -0.0761
2.5000 0.2930 -0.0815
2.6000 0.3041 -0.0870
2.7000 0.3151 -0.0926
2.8000 0.3261 -0.0984
2.9000 0.3370 -0.1042
3.0000 0.3479 -0.1101
3.1000 0.3587 -0.1162
3.2000 0.3694 -0.1223
3.3000 0.3801 -0.1286
3.4000 0.3907 -0.1349
3.5000 0.4013 -0.1414
3.6000 0.4118 -0.1479
3.7000 0.4222 -0.1545
3.8000 0.4326 -0.1612
3.9000 0.4429 -0.1680
4.0000 0.4532 -0.1749
4.1000 0.4634 -0.1819
4.2000 0.4735 -0.1889
4.3000 0.4836 -0.1961
4.4000 0.4936 -0.2033
4.5000 0.5036 -0.2105
4.6000 0.5135 -0.2179
4.7000 0.5233 -0.2253
4.8000 0.5331 -0.2328
4.9000 0.5428 -0.2404
5.0000 0.5525 -0.2480
5.1000 0.5620 -0.2557
5.2000 0.5716 -0.2635
5.3000 0.5810 -0.2713
5.4000 0.5905 -0.2792
5.5000 0.5998 -0.2872
5.6000 0.6091 -0.2953
5.7000 0.6183 -0.3033
5.8000 0.6275 -0.3115
5.9000 0.6366 -0.3197
6.0000 0.6456 -0.3280
6.1000 0.6546 -0.3363
6.2000 0.6635 -0.3447
6.3000 0.6723 -0.3532
6.4000 0.6811 -0.3617
6.5000 0.6898 -0.3702
6.6000 0.6985 -0.3789
6.7000 0.7071 -0.3875
6.8000 0.7156 -0.3963
6.9000 0.7240 -0.4050
7.0000 0.7324 -0.4139
7.1000 0.7407 -0.4228
7.2000 0.7490 -0.4317
7.3000 0.7572 -0.4407
7.4000 0.7653 -0.4497
7.5000 0.7733 -0.4589
7.6000 0.7813 -0.4680
7.7000 0.7892 -0.4772
7.8000 0.7970 -0.4865
7.9000 0.8048 -0.4958
8.0000 0.8124 -0.5051
8.1000 0.8200 -0.5146
8.2000 0.8276 -0.5240
8.3000 0.8350 -0.5335
8.4000 0.8424 -0.5431
8.5000 0.8496 -0.5527
8.6000 0.8568 -0.5624
8.7000 0.8639 -0.5721
8.8000 0.8710 -0.5819
8.9000 0.8779 -0.5917
9.0000 0.8847 -0.6016
9.1000 0.8915 -0.6115
9.2000 0.8982 -0.6215
9.3000 0.9047 -0.6316
9.4000 0.9112 -0.6417
9.5000 0.9175 -0.6518
9.6000 0.9238 -0.6620
9.7000 0.9299 -0.6723
9.8000 0.9360 -0.6826
9.9000 0.9419 -0.6930
10.0000 0.9477 -0.7034
10.1000 0.9533 -0.7139
10.2000 0.9589 -0.7244
10.3000 0.9643 -0.7350
10.4000 0.9696 -0.7457
10.5000 0.9747 -0.7564
10.6000 0.9797 -0.7672
10.7000 0.9845 -0.7781
10.8000 0.9892 -0.7890
10.9000 0.9937 -0.7999
11.0000 0.9980 -0.8109
11.1000 1.0021 -0.8220
11.2000 1.0061 -0.8332
11.3000 1.0098 -0.8444
11.4000 1.0133 -0.8557
11.5000 1.0165 -0.8670
11.6000 1.0195 -0.8783
11.7000 1.0221 -0.8897
11.8000 1.0244 -0.9011
11.9000 1.0263 -0.9125
12.0000 1.0277 -0.9239
12.1000 1.0286 -0.9353
12.2000 1.0290 -0.9465
12.3000 1.0287 -0.9575
12.4000 1.0277 -0.9681
12.5000 1.0259 -0.9778
12.6000 1.0231 -0.9862
12.7000 1.0194 -0.9932
12.8000 1.0152 -0.9983
12.9000 1.0105 -1.0017
13.0000 1.0051 -1.0037
13.1000 1.0028 -1.0038
13.2000 0.9976 -1.0021
13.3000 0.9920 -0.9986
13.4000 0.9864 -0.9932
13.5000 0.9793 -0.9849
13.6000 0.9718 -0.9756
13.7000 0.9642 -0.9659
13.8000 0.9566 -0.9561
13.9000 0.9490 -0.9462
14.0000 0.9414 -0.9363
14.1000 0.9338 -0.9263
14.2000 0.9262 -0.9163
14.3000 0.9186 -0.9063
14.4000 0.9110 -0.8962
14.5000 0.9035 -0.8862
14.6000 0.8959 -0.8761
14.7000 0.8883 -0.8660
14.8000 0.8808 -0.8559
14.9000 0.8732 -0.8458
15.0000 0.8657 -0.8358
15.1000 0.8581 -0.8257
15.2000 0.8505 -0.8156
15.3000 0.8429 -0.8055
15.4000 0.8354 -0.7954
15.5000 0.8278 -0.7853
15.6000 0.8202 -0.7752
15.7000 0.8125 -0.7651
15.8000 0.8049 -0.7551
15.9000 0.7973 -0.7450
16.0000 0.7896 -0.7350
16.1000 0.7819 -0.7249
16.2000 0.7743 -0.7149
16.3000 0.7666 -0.7049
16.4000 0.7588 -0.6949
16.5000 0.7511 -0.6849
16.6000 0.7433 -0.6749
16.7000 0.7356 -0.6650
16.8000 0.7278 -0.6550
16.9000 0.7199 -0.6451
17.0000 0.7121 -0.6351
17.1000 0.7043 -0.6252
17.2000 0.6964 -0.6153
17.3000 0.6885 -0.6055
17.4000 0.6806 -0.5956
17.5000 0.6726 -0.5858
17.6000 0.6646 -0.5760
17.7000 0.6567 -0.5661
17.8000 0.6486 -0.5564
17.9000 0.6406 -0.5466
18.0000 0.6325 -0.5368
18.1000 0.6244 -0.5271
18.2000 0.6163 -0.5174
18.3000 0.6082 -0.5077
18.4000 0.6000 -0.4980
18.5000 0.5919 -0.4884
18.6000 0.5837 -0.4788
18.7000 0.5754 -0.4691
18.8000 0.5672 -0.4595
18.9000 0.5589 -0.4500
19.0000 0.5506 -0.4404
19.1000 0.5422 -0.4309
19.2000 0.5339 -0.4214
19.3000 0.5255 -0.4119
19.4000 0.5171 -0.4024
19.5000 0.5087 -0.3930
19.6000 0.5002 -0.3836
19.7000 0.4917 -0.3742
19.8000 0.4832 -0.3648
19.9000 0.4747 -0.3554
20.0000 0.4661 -0.3461
20.1000 0.4576 -0.3368
20.2000 0.4490 -0.3275
20.3000 0.4403 -0.3182
20.4000 0.4317 -0.3090
20.5000 0.4230 -0.2997
20.6000 0.4143 -0.2905
20.7000 0.4056 -0.2813
20.8000 0.3968 -0.2722
20.9000 0.3881 -0.2631
21.0000 0.3793 -0.2539
21.1000 0.3705 -0.2448
21.2000 0.3616 -0.2358
21.3000 0.3528 -0.2267
21.4000 0.3439 -0.2177
21.5000 0.3350 -0.2087
21.6000 0.3260 -0.1997
21.7000 0.3171 -0.1907
21.8000 0.3081 -0.1818
21.9000 0.2991 -0.1729
22.0000 0.2901 -0.1640
22.1000 0.2811 -0.1551
22.2000 0.2720 -0.1462
22.3000 0.2629 -0.1374
22.4000 0.2538 -0.1286
22.5000 0.2447 -0.1198
22.6000 0.2356 -0.1110
22.7000 0.2264 -0.1023
22.8000 0.2172 -0.0936
22.9000 0.2080 -0.0849
23.0000 0.1988 -0.0762
23.1000 0.1896 -0.0675
23.2000 0.1803 -0.0589
23.3000 0.1710 -0.0502
23.4000 0.1618 -0.0416
23.5000 0.1524 -0.0331
23.6000 0.1431 -0.0245
23.7000 0.1338 -0.0160
23.8000 0.1244 -0.0074
23.9000 0.1150 0.0011
24.0000 0.1056 0.0096
24.1000 0.0962 0.0180
24.2000 0.0868 0.0265
24.3000 0.0773 0.0349
24.4000 0.0679 0.0433
24.5000 0.0584 0.0517
24.6000 0.0489 0.0601
24.7000 0.0394 0.0684
24.8000 0.0299 0.0768
24.9000 0.0203 0.0851
25.0000 0.0108 0.0934
25.1000 0.0012 0.1017
25.2000 -0.0084 0.1099
25.3000 -0.0180 0.1182
25.4000 -0.0276 0.1264
25.5000 -0.0372 0.1346
25.6000 -0.0468 0.1428
25.7000 -0.0565 0.1510
25.8000 -0.0661 0.1592
25.9000 -0.0758 0.1673
26.0000 -0.0855 0.1755
26.1000 -0.0952 0.1836
26.2000 -0.1049 0.1917
26.3000 -0.1146 0.1998
26.4000 -0.1243 0.2079
26.5000 -0.1340 0.2160
26.6000 -0.1438 0.2240
26.7000 -0.1535 0.2320
26.8000 -0.1633 0.2401
26.9000 -0.1730 0.2481
27.0000 -0.1828 0.2561
27.1000 -0.1926 0.2641
27.2000 -0.2024 0.2721
27.3000 -0.2122 0.2800
27.4000 -0.2220 0.2880
27.5000 -0.2318 0.2959
27.6000 -0.2416 0.3039
27.7000 -0.2514 0.3118
27.8000 -0.2613 0.3197
27.9000 -0.2711 0.3276
28.0000 -0.2809 0.3355
28.1000 -0.2908 0.3434
28.2000 -0.3006 0.3513
28.3000 -0.3104 0.3592
28.4000 -0.3203 0.3671
28.5000 -0.3301 0.3749
28.6000 -0.3400 0.3828
28.7000 -0.3498 0.3906
28.8000 -0.3597 0.3985
28.9000 -0.3696 0.4063
29.0000 -0.3794 0.4142
29.1000 -0.3893 0.4220
29.2000 -0.3991 0.4298
29.3000 -0.4090 0.4377
29.4000 -0.4188 0.4455
29.5000 -0.4287 0.4533
29.6000 -0.4385 0.4611
29.7000 -0.4484 0.4689
29.8000 -0.4582 0.4768
29.9000 -0.4681 0.4846
30.0000 -0.4779 0.4924
30.1000 -0.4877 0.5002
30.2000 -0.4975 0.5080
30.3000 -0.5074 0.5159
30.4000 -0.5172 0.5237
30.5000 -0.5270 0.5315
30.6000 -0.5368 0.5393
30.7000 -0.5465 0.5472
30.8000 -0.5563 0.5550
30.9000 -0.5661 0.5629
31.0000 -0.5758 0.5707
31.1000 -0.5856 0.5786
31.2000 -0.5953 0.5865
31.3000 -0.6050 0.5943
31.4000 -0.6147 0.6022
31.5000 -0.6244 0.6101
31.6000 -0.6341 0.6180
31.7000 -0.6437 0.6260
31.8000 -0.6534 0.6339
31.9000 -0.6630 0.6418
32.0000 -0.6726 0.6498
32.1000 -0.6823 0.6578
32.2000 -0.6919 0.6659
32.3000 -0.7015 0.6740
32.4000 -0.7112 0.6821
32.5000 -0.7208 0.6902
32.6000 -0.7305 0.6984
32.7000 -0.7401 0.7066
32.8000 -0.7497 0.7148
32.9000 -0.7594 0.7230
33.0000 -0.7690 0.7313
33.1000 -0.7786 0.7396
33.2000 -0.7882 0.7479
33.3000 -0.7978 0.7563
33.4000 -0.8074 0.7646
33.5000 -0.8169 0.7730
33.6000 -0.8265 0.7815
33.7000 -0.8360 0.7899
33.8000 -0.8455 0.7984
33.9000 -0.8550 0.8069
34.0000 -0.8645 0.8154
34.1000 -0.8740 0.8240
34.2000 -0.8834 0.8326
34.3000 -0.8929 0.8412
34.4000 -0.9023 0.8498
34.5000 -0.9117 0.8585
34.6000 -0.9210 0.8672
34.7000 -0.9303 0.8759
34.8000 -0.9396 0.8847
34.9000 -0.9489 0.8935
35.0000 -0.9581 0.9023
35.1000 -0.9672 0.9112
35.2000 -0.9762 0.9200
35.3000 -0.9852 0.9290
35.4000 -0.9939 0.9379
35.5000 -1.0022 0.9467
35.6000 -1.0096 0.9554
35.7000 -1.0161 0.9640
35.8000 -1.0215 0.9727
35.9000 -1.0256 0.9814
36.0000 -1.0280 0.9895
36.1000 -1.0289 0.9971
36.2000 -1.0283 1.0049
36.3000 -1.0262 1.0126
36.4000 -1.0225 1.0209
36.5000 -1.0171 1.0298
36.6000 -1.0105 1.0392
36.7000 -1.0032 1.0486
36.8000 -0.9955 1.0580
36.9000 -0.9875 1.0674
37.0000 -0.9793 1.0767
37.1000 -0.9710 1.0860
37.2000 -0.9626 1.0951
37.3000 -0.9541 1.1040
37.4000 -0.9455 1.1128
37.5000 -0.9367 1.1215
37.6000 -0.9278 1.1298
37.7000 -0.9188 1.1379
37.8000 -0.9096 1.1458
37.9000 -0.9002 1.1533
38.0000 -0.8906 1.1605
38.1000 -0.8808 1.1674
38.2000 -0.8708 1.1740
38.3000 -0.8606 1.1802
38.4000 -0.8502 1.1860
38.5000 -0.8395 1.1915
38.6000 -0.8287 1.1967
38.7000 -0.8177 1.2015
38.8000 -0.8065 1.2060
38.9000 -0.7952 1.2102
39.0000 -0.7837 1.2140
39.1000 -0.7721 1.2176
39.2000 -0.7603 1.2208
39.3000 -0.7484 1.2237
39.4000 -0.7365 1.2264
39.5000 -0.7244 1.2288
39.6000 -0.7122 1.2310
39.7000 -0.7000 1.2330
39.8000 -0.6877 1.2348
39.9000 -0.6753 1.2364
40.0000 -0.6629 1.2378
40.1000 -0.6504 1.2390
40.2000 -0.6380 1.2400
40.3000 -0.6255 1.2409
40.4000 -0.6131 1.2416
40.5000 -0.6006 1.2421
40.6000 -0.5881 1.2424
40.7000 -0.5756 1.2426
40.8000 -0.5631 1.2425
40.9000 -0.5506 1.2423
41.0000 -0.5381 1.2419
41.1000 -0.5256 1.2414
41.2000 -0.5132 1.2406
41.3000 -0.5007 1.2397
41.4000 -0.4883 1.2386
41.5000 -0.4759 1.2372
41.6000 -0.4635 1.2357
41.7000 -0.4512 1.2340
41.8000 -0.4389 1.2322
41.9000 -0.4266 1.2301
42.0000 -0.4143 1.2278
42.1000 -0.4020 1.2254
42.2000 -0.3898 1.2228
42.3000 -0.3776 1.2201
42.4000 -0.3654 1.2171
42.5000 -0.3533 1.2140
42.6000 -0.3412 1.2108
42.7000 -0.3291 1.2074
42.8000 -0.3171 1.2039
42.9000 -0.3051 1.2002
43.0000 -0.2931 1.1964
43.1000 -0.2812 1.1925
43.2000 -0.2693 1.1884
43.3000 -0.2575 1.1843
43.4000 -0.2457 1.1800
43.5000 -0.2339 1.1756
43.6000 -0.2222 1.1711
43.7000 -0.2105 1.1664
43.8000 -0.1989 1.1617
43.9000 -0.1873 1.1568
44.0000 -0.1758 1.1518
44.1000 -0.1643 1.1468
44.2000 -0.1529 1.1416
44.3000 -0.1415 1.1363
44.4000 -0.1302 1.1309
44.5000 -0.1189 1.1253
44.6000 -0.1077 1.1197
44.7000 -0.0965 1.1140
44.8000 -0.0854 1.1082
44.9000 -0.0743 1.1023
45.0000 -0.0633 1.0962
45.1000 -0.0523 1.0901
45.2000 -0.0414 1.0839
45.3000 -0.0305 1.0776
45.4000 -0.0197 1.0712
45.5000 -0.0090 1.0647
45.6000 0.0017 1.0581
45.7000 0.0123 1.0515
45.8000 0.0229 1.0447
45.9000 0.0334 1.0379
46.0000 0.0439 1.0309
46.1000 0.0543 1.0239
46.2000 0.0646 1.0168
46.3000 0.0749 1.0096
46.4000 0.0851 1.0024
46.5000 0.0953 0.9950
46.6000 0.1054 0.9876
46.7000 0.1154 0.9801
46.8000 0.1254 0.9725
46.9000 0.1353 0.9649
47.0000 0.1452 0.9572
47.1000 0.1550 0.9494
47.2000 0.1647 0.9415
47.3000 0.1743 0.9335
47.4000 0.1839 0.9255
47.5000 0.1934 0.9174
47.6000 0.2028 0.9092
47.7000 0.2122 0.9010
47.8000 0.2215 0.8927
47.9000 0.2307 0.8843
48.0000 0.2399 0.8758
48.1000 0.2490 0.8673
48.2000 0.2580 0.8587
48.3000 0.2669 0.8500
48.4000 0.2757 0.8412
48.5000 0.2845 0.8324
48.6000 0.2932 0.8235
48.7000 0.3018 0.8146
48.8000 0.3103 0.8056
48.9000 0.3188 0.7965
49.0000 0.3272 0.7873
49.1000 0.3355 0.7781
49.2000 0.3437 0.7689
49.3000 0.3518 0.7595
49.4000 0.3599 0.7501
49.5000 0.3678 0.7407
49.6000 0.3757 0.7312
49.7000 0.3835 0.7216
49.8000 0.3913 0.7120
49.9000 0.3989 0.7023
50.0000 0.4065 0.6926
50.1000 0.4140 0.6828
50.2000 0.4214 0.6730
50.3000 0.4288 0.6631
50.4000 0.4360 0.6532
50.5000 0.4432 0.6433
50.6000 0.4503 0.6333
50.7000 0.4573 0.6232
50.8000 0.4643 0.6131
50.9000 0.4712 0.6030
51.0000 0.4780 0.5929
51.1000 0.4848 0.5827
51.2000 0.4915 0.5725
51.3000 0.4982 0.5622
51.4000 0.5048 0.5519
51.5000 0.5113 0.5416
51.6000 0.5178 0.5313
51.7000 0.5242 0.5210
51.8000 0.5306 0.5106
51.9000 0.5369 0.5002
52.0000 0.5432 0.4898
52.1000 0.5495 0.4794
52.2000 0.5557 0.4690
52.3000 0.5619 0.4586
52.4000 0.5680 0.4481
52.5000 0.5741 0.4377
52.6000 0.5802 0.4273
52.7000 0.5862 0.4168
52.8000 0.5922 0.4063
52.9000 0.5982 0.3959
53.0000 0.6041 0.3854
53.1000 0.6100 0.3749
53.2000 0.6159 0.3645
53.3000 0.6218 0.3540
53.4000 0.6276 0.3435
53.5000 0.6335 0.3331
53.6000 0.6393 0.3226
53.7000 0.6450 0.3121
53.8000 0.6508 0.3017
53.9000 0.6565 0.2912
54.0000 0.6623 0.2807
54.1000 0.6680 0.2703
54.2000 0.6736 0.2598
54.3000 0.6793 0.2494
54.4000 0.6849 0.2390
54.5000 0.6905 0.2285
54.6000 0.6961 0.2181
54.7000 0.7017 0.2077
54.8000 0.7072 0.1973
54.9000 0.7128 0.1868
55.0000 0.7183 0.1764
55.1000 0.7237 0.1660
55.2000 0.7292 0.1556
55.3000 0.7346 0.1452
55.4000 0.7400 0.1348
55.5000 0.7454 0.1244
55.6000 0.7507 0.1140
55.7000 0.7561 0.1036
55.8000 0.7614 0.0933
55.9000 0.7666 0.0829
56.0000 0.7719 0.0725
56.1000 0.7771 0.0621
56.2000 0.7822 0.0518
56.3000 0.7874 0.0414
56.4000 0.7925 0.0310
56.5000 0.7975 0.0207
56.6000 0.8026 0.0103
56.7000 0.8076 -0.0000
56.8000 0.8126 -0.0104
56.9000 0.8175 -0.0207
57.0000 0.8224 -0.0311
57.1000 0.8272 -0.0414
57.2000 0.8320 -0.0517
57.3000 0.8368 -0.0621
57.4000 0.8416 -0.0724
57.5000 0.8462 -0.0827
57.6000 0.8509 -0.0930
57.7000 0.8555 -0.1033
57.8000 0.8601 -0.1136
57.9000 0.8646 -0.1240
58.0000 0.8691 -0.1343
58.1000 0.8735 -0.1445
58.2000 0.8779 -0.1548
58.3000 0.8822 -0.1651
58.4000 0.8865 -0.1754
58.5000 0.8908 -0.1857
58.6000 0.8950 -0.1960
58.7000 0.8991 -0.2062
58.8000 0.9032 -0.2165
58.9000 0.9073 -0.2267
59.0000 0.9113 -0.2370
59.1000 0.9152 -0.2472
59.2000 0.9191 -0.2574
59.3000 0.9230 -0.2676
59.4000 0.9268 -0.2779
59.5000 0.9305 -0.2881
59.6000 0.9342 -0.2982
59.7000 0.9379 -0.3084
59.8000 0.9415 -0.3186
59.9000 0.9450 -0.3288
60.0000 0.9485 -0.3389
60.1000 0.9519 -0.3491
60.2000 0.9553 -0.3592
60.3000 0.9586 -0.3693
60.4000 0.9619 -0.3794
60.5000 0.9651 -0.3895
60.6000 0.9682 -0.3996
60.7000 0.9713 -0.4096
60.8000 0.9743 -0.4197
60.9000 0.9773 -0.4297
61.0000 0.9802 -0.4397
61.1000 0.9830 -0.4497
61.2000 0.9858 -0.4597
61.3000 0.9886 -0.4697
61.4000 0.9912 -0.4797
61.5000 0.9938 -0.4896
61.6000 0.9964 -0.4995
61.7000 0.9988 -0.5094
61.8000 1.0013 -0.5193
61.9000 1.0036 -0.5291
62.0000 1.0059 -0.5390
62.1000 1.0081 -0.5488
62.2000 1.0103 -0.5586
62.3000 1.0123 -0.5684
62.4000 1.0144 -0.5781
62.5000 1.0163 -0.5878
62.6000 1.0182 -0.5975
62.7000 1.0200 -0.6072
62.8000 1.0218 -0.6168
62.9000 1.0234 -0.6265
63.0000 1.0250 -0.6361
63.1000 1.0265 -0.6456
63.2000 1.0280 -0.6552
63.3000 1.0294 -0.6647
63.4000 1.0307 -0.6742
63.5000 1.0319 -0.6836
63.6000 1.0331 -0.6930
63.7000 1.0341 -0.7024
63.8000 1.0351 -0.7117
63.9000 1.0361 -0.7211
64.0000 1.0369 -0.7303
64.1000 1.0376 -0.7396
64.2000 1.0383 -0.7488
64.3000 1.0389 -0.7579
64.4000 1.0394 -0.7671
64.5000 1.0398 -0.7761
64.6000 1.0401 -0.7852
64.7000 1.0404 -0.7942
64.8000 1.0405 -0.8031
64.9000 1.0405 -0.8120
65.0000 1.0405 -0.8209
65.1000 1.0403 -0.8297
65.2000 1.0401 -0.8385
65.3000 1.0397 -0.8472
65.4000 1.0393 -0.8558
65.5000 1.0387 -0.8644
65.6000 1.0380 -0.8730
65.7000 1.0372 -0.8814
65.8000 1.0363 -0.8898
65.9000 1.0352 -0.8982
66.0000 1.0340 -0.9064
66.1000 1.0327 -0.9146
66.2000 1.0312 -0.9228
66.3000 1.0296 -0.9308
66.4000 1.0278 -0.9387
66.5000 1.0258 -0.9465
66.6000 1.0236 -0.9543
66.7000 1.0213 -0.9618
66.8000 1.0187 -0.9693
66.9000 1.0158 -0.9766
67.0000 1.0126 -0.9836
67.1000 1.0090 -0.9903
67.2000 1.0050 -0.9965
67.3000 1.0009 -1.0010
67.4000 1.0007 -1.0011
67.5000 1.0002 -1.0011
67.6000 0.9993 -1.0007
67.7000 0.9979 -0.9990
67.8000 0.9963 -0.9963
67.9000 0.9915 -0.9881
68.0000 0.9856 -0.9782
68.1000 0.9795 -0.9681
68.2000 0.9733 -0.9579
68.3000 0.9669 -0.9478
68.4000 0.9605 -0.9376
68.5000 0.9539 -0.9275
68.6000 0.9474 -0.9175
68.7000 0.9407 -0.9074
68.8000 0.9340 -0.8974
68.9000 0.9272 -0.8874
69.0000 0.9204 -0.8774
69.1000 0.9135 -0.8675
69.2000 0.9065 -0.8576
69.3000 0.8995 -0.8477
69.4000 0.8924 -0.8379
69.5000 0.8853 -0.8280
69.6000 0.8781 -0.8183
69.7000 0.8709 -0.8085
69.8000 0.8636 -0.7988
69.9000 0.8563 -0.7891
70.0000 0.8490 -0.7794
70.1000 0.8416 -0.7698
70.2000 0.8341 -0.7602
70.3000 0.8266 -0.7506
70.4000 0.8191 -0.7411
70.5000 0.8115 -0.7316
70.6000 0.8039 -0.7221
70.7000 0.7963 -0.7126
70.8000 0.7886 -0.7032
70.9000 0.7809 -0.6938
71.0000 0.7732 -0.6844
71.1000 0.7654 -0.6750
71.2000 0.7576 -0.6657
71.3000 0.7497 -0.6564
71.4000 0.7419 -0.6471
71.5000 0.7340 -0.6379
71.6000 0.7260 -0.6287
71.7000 0.7181 -0.6195
71.8000 0.7101 -0.6103
71.9000 0.7021 -0.6012
72.0000 0.6940 -0.5920
72.1000 0.6859 -0.5830
72.2000 0.6778 -0.5739
72.3000 0.6697 -0.5648
72.4000 0.6616 -0.5558
72.5000 0.6534 -0.5468
72.6000 0.6452 -0.5378
72.7000 0.6370 -0.5289
72.8000 0.6287 -0.5200
72.9000 0.6204 -0.5111
73.0000 0.6121 -0.5022
73.1000 0.6038 -0.4933
73.2000 0.5955 -0.4845
73.3000 0.5871 -0.4757
73.4000 0.5787 -0.4669
73.5000 0.5703 -0.4582
73.6000 0.5619 -0.4494
73.7000 0.5534 -0.4407
73.8000 0.5450 -0.4320
73.9000 0.5365 -0.4233
74.0000 0.5280 -0.4147
74.1000 0.5194 -0.4061
74.2000 0.5109 -0.3974
74.3000 0.5023 -0.3889
74.4000 0.4938 -0.3803
74.5000 0.4852 -0.3717
74.6000 0.4766 -0.3632
74.7000 0.4679 -0.3547
74.8000 0.4593 -0.3462
74.9000 0.4506 -0.3378
75.0000 0.4419 -0.3293
75.1000 0.4333 -0.3209
75.2000 0.4246 -0.3125
75.3000 0.4158 -0.3041
75.4000 0.4071 -0.2958
75.5000 0.3984 -0.2874
75.6000 0.3896 -0.2791
75.7000 0.3808 -0.2708
75.8000 0.3720 -0.2625
75.9000 0.3632 -0.2542
76.0000 0.3544 -0.2460
76.1000 0.3456 -0.2377
76.2000 0.3368 -0.2295
76.3000 0.3280 -0.2213
76.4000 0.3191 -0.2132
76.5000 0.3102 -0.2050
76.6000 0.3014 -0.1968
76.7000 0.2925 -0.1887
76.8000 0.2836 -0.1806
76.9000 0.2747 -0.1725
77.0000 0.2658 -0.1644
77.1000 0.2569 -0.1564
77.2000 0.2480 -0.1483
77.3000 0.2390 -0.1403
77.4000 0.2301 -0.1323
77.5000 0.2211 -0.1243
77.6000 0.2122 -0.1163
77.7000 0.2032 -0.1084
77.8000 0.1943 -0.1004
77.9000 0.1853 -0.0925
78.0000 0.1763 -0.0846
78.1000 0.1673 -0.0767
78.2000 0.1584 -0.0688
78.3000 0.1494 -0.0609
78.4000 0.1404 -0.0530
78.5000 0.1314 -0.0452
78.6000 0.1224 -0.0374
78.7000 0.1134 -0.0296
78.8000 0.1043 -0.0218
78.9000 0.0953 -0.0140
79.0000 0.0863 -0.0062
79.1000 0.0773 0.0016
79.2000 0.0683 0.0093
79.3000 0.0593 0.0171
79.4000 0.0502 0.0248
79.5000 0.0412 0.0325
79.6000 0.0322 0.0402
79.7000 0.0231 0.0479
79.8000 0.0141 0.0556
79.9000 0.0051 0.0633
80.0000 -0.0040 0.0709
80.1000 -0.0131 0.0786
80.2000 -0.0221 0.0863
80.3000 -0.0312 0.0939
80.4000 -0.0403 0.1016
80.5000 -0.0494 0.1092
80.6000 -0.0585 0.1169
80.7000 -0.0676 0.1245
80.8000 -0.0767 0.1322
80.9000 -0.0858 0.1398
81.0000 -0.0949 0.1475
81.1000 -0.1041 0.1551
81.2000 -0.1132 0.1627
81.3000 -0.1223 0.1703
81.4000 -0.1315 0.1780
81.5000 -0.1406 0.1856
81.6000 -0.1497 0.1932
81.7000 -0.1589 0.2008
81.8000 -0.1680 0.2084
81.9000 -0.1772 0.2160
82.0000 -0.1864 0.2236
82.1000 -0.1955 0.2312
82.2000 -0.2047 0.2389
82.3000 -0.2138 0.2465
82.4000 -0.2230 0.2541
82.5000 -0.2322 0.2617
82.6000 -0.2413 0.2693
82.7000 -0.2505 0.2769
82.8000 -0.2597 0.2845
82.9000 -0.2689 0.2921
83.0000 -0.2780 0.2997
83.1000 -0.2872 0.3073
83.2000 -0.2964 0.3149
83.3000 -0.3056 0.3225
83.4000 -0.3147 0.3301
83.5000 -0.3239 0.3377
83.6000 -0.3331 0.3453
83.7000 -0.3423 0.3529
83.8000 -0.3514 0.3605
83.9000 -0.3606 0.3681
84.0000 -0.3698 0.3757
84.1000 -0.3789 0.3833
84.2000 -0.3881 0.3910
84.3000 -0.3973 0.3986
84.4000 -0.4064 0.4062
84.5000 -0.4156 0.4138
84.6000 -0.4247 0.4215
84.7000 -0.4339 0.4291
84.8000 -0.4430 0.4368
84.9000 -0.4522 0.4444
85.0000 -0.4613 0.4521
85.1000 -0.4704 0.4597
85.2000 -0.4796 0.4674
85.3000 -0.4887 0.4751
85.4000 -0.4978 0.4827
85.5000 -0.5069 0.4904
85.6000 -0.5160 0.4981
85.7000 -0.5251 0.5058
85.8000 -0.5342 0.5135
85.9000 -0.5432 0.5212
86.0000 -0.5523 0.5289
86.1000 -0.5614 0.5367
86.2000 -0.5704 0.5444
86.3000 -0.5795 0.5522
86.4000 -0.5885 0.5599
86.5000 -0.5975 0.5677
86.6000 -0.6065 0.5755
86.7000 -0.6155 0.5833
86.8000 -0.6245 0.5911
86.9000 -0.6334 0.5989
87.0000 -0.6424 0.6067
87.1000 -0.6513 0.6146
87.2000 -0.6602 0.6224
87.3000 -0.6691 0.6303
87.4000 -0.6781 0.6383
87.5000 -0.6871 0.6463
87.6000 -0.6961 0.6543
87.7000 -0.7051 0.6624
87.8000 -0.7142 0.6706
87.9000 -0.7233 0.6788
88.0000 -0.7324 0.6871
88.1000 -0.7415 0.6954
88.2000 -0.7506 0.7037
88.3000 -0.7597 0.7121
88.4000 -0.7689 0.7206
88.5000 -0.7780 0.7291
88.6000 -0.7871 0.7376
88.7000 -0.7963 0.7462
88.8000 -0.8054 0.7548
88.9000 -0.8145 0.7634
89.0000 -0.8236 0.7721
89.1000 -0.8327 0.7808
89.2000 -0.8418 0.7896
89.3000 -0.8509 0.7984
89.4000 -0.8599 0.8072
89.5000 -0.8690 0.8160
89.6000 -0.8780 0.8250
89.7000 -0.8869 0.8339
89.8000 -0.8959 0.8429
89.9000 -0.9048 0.8519
90.0000 -0.9137 0.8610
90.1000 -0.9226 0.8701
90.2000 -0.9314 0.8792
90.3000 -0.9402 0.8884
90.4000 -0.9489 0.8977
90.5000 -0.9576 0.9069
90.6000 -0.9662 0.9162
90.7000 -0.9747 0.9256
90.8000 -0.9831 0.9350
90.9000 -0.9913 0.9444
91.0000 -0.9993 0.9538
91.1000 -1.0064 0.9629
91.2000 -1.0121 0.9714
91.3000 -1.0162 0.9796
91.4000 -1.0186 0.9871
91.5000 -1.0193 0.9939
91.6000 -1.0185 1.0009
91.7000 -1.0161 1.0075
91.8000 -1.0124 1.0135
91.9000 -1.0066 1.0196
92.0000 -0.9986 1.0261
92.1000 -0.9892 1.0328
92.2000 -0.9791 1.0394
92.3000 -0.9686 1.0458
92.4000 -0.9581 1.0521
92.5000 -0.9475 1.0582
92.6000 -0.9368 1.0640
92.7000 -0.9259 1.0697
92.8000 -0.9150 1.0752
92.9000 -0.9040 1.0805
93.0000 -0.8928 1.0855
93.1000 -0.8816 1.0904
93.2000 -0.8702 1.0951
93.3000 -0.8588 1.0996
93.4000 -0.8472 1.1039
93.5000 -0.8356 1.1080
93.6000 -0.8239 1.1119
93.7000 -0.8122 1.1155
93.8000 -0.8003 1.1190
93.9000 -0.7884 1.1223
94.0000 -0.7764 1.1253
94.1000 -0.7644 1.1282
94.2000 -0.7523 1.1308
94.3000 -0.7402 1.1333
94.4000 -0.7280 1.1356
94.5000 -0.7158 1.1376
94.6000 -0.7035 1.1395
94.7000 -0.6912 1.1412
94.8000 -0.6789 1.1426
94.9000 -0.6665 1.1439
95.0000 -0.6542 1.1450
95.1000 -0.6417 1.1459
95.2000 -0.6293 1.1467
95.3000 -0.6169 1.1472
95.4000 -0.6044 1.1476
95.5000 -0.5920 1.1478
95.6000 -0.5795 1.1478
95.7000 -0.5671 1.1476
95.8000 -0.5546 1.1473
95.9000 -0.5421 1.1468
96.0000 -0.5297 1.1461
96.1000 -0.5172 1.1453
96.2000 -0.5048 1.1443
96.3000 -0.4923 1.1432
96.4000 -0.4799 1.1418
96.5000 -0.4675 1.1404
96.6000 -0.4551 1.1387
96.7000 -0.4428 1.1369
96.8000 -0.4304 1.1350
96.9000 -0.4181 1.1329
97.0000 -0.4058 1.1307
97.1000 -0.3936 1.1283
97.2000 -0.3813 1.1257
97.3000 -0.3691 1.1230
97.4000 -0.3569 1.1202
97.5000 -0.3448 1.1172
97.6000 -0.3326 1.1141
97.7000 -0.3205 1.1108
97.8000 -0.3085 1.1074
97.9000 -0.2965 1.1039
98.0000 -0.2845 1.1003
98.1000 -0.2725 1.0965
98.2000 -0.2606 1.0926
98.3000 -0.2488 1.0885
98.4000 -0.2369 1.0844
98.5000 -0.2252 1.0801
98.6000 -0.2134 1.0757
98.7000 -0.2017 1.0712
98.8000 -0.1901 1.0666
98.9000 -0.1784 1.0618
99.0000 -0.1669 1.0570
99.1000 -0.1553 1.0520
99.2000 -0.1439 1.0470
99.3000 -0.1324 1.0418
99.4000 -0.1210 1.0366
99.5000 -0.1097 1.0312
99.6000 -0.0984 1.0257
99.7000 -0.0872 1.0202
99.8000 -0.0760 1.0145
99.9000 -0.0648 1.0088
100.0000 -0.0537 1.0029
100.1000 -0.0426 0.9970
100.2000 -0.0316 0.9910
100.3000 -0.0207 0.9849
100.4000 -0.0098 0.9787
100.5000 0.0011 0.9724
100.6000 0.0119 0.9660
100.7000 0.0226 0.9596
100.8000 0.0333 0.9530
100.9000 0.0440 0.9464
101.0000 0.0546 0.9397
101.1000 0.0652 0.9330
101.2000 0.0757 0.9261
101.3000 0.0861 0.9192
101.4000 0.0965 0.9122
101.5000 0.1069 0.9052
101.6000 0.1172 0.8980
101.7000 0.1274 0.8908
101.8000 0.1376 0.8836
101.9000 0.1478 0.8762
102.0000 0.1579 0.8688
102.1000 0.1679 0.8613
102.2000 0.1779 0.8538
102.3000 0.1878 0.8462
102.4000 0.1977 0.8385
102.5000 0.2075 0.8308
102.6000 0.2172 0.8230
102.7000 0.2269 0.8152
102.8000 0.2365 0.8072
102.9000 0.2461 0.7992
103.0000 0.2556 0.7912
103.1000 0.2650 0.7831
103.2000 0.2744 0.7749
103.3000 0.2837 0.7666
103.4000 0.2929 0.7583
103.5000 0.3021 0.7499
103.6000 0.3112 0.7415
103.7000 0.3202 0.7329
103.8000 0.3292 0.7244
103.9000 0.3381 0.7157
104.0000 0.3469 0.7070
104.1000 0.3556 0.6983
104.2000 0.3643 0.6894
104.3000 0.3729 0.6805
104.4000 0.3814 0.6716
104.5000 0.3899 0.6626
104.6000 0.3982 0.6535
104.7000 0.4065 0.6444
104.8000 0.4148 0.6352
104.9000 0.4229 0.6260
105.0000 0.4310 0.6167
105.1000 0.4389 0.6074
105.2000 0.4469 0.5980
105.3000 0.4547 0.5885
105.4000 0.4624 0.5790
105.5000 0.4701 0.5694
105.6000 0.4777 0.5598
105.7000 0.4852 0.5502
105.8000 0.4927 0.5405
105.9000 0.5001 0.5308
106.0000 0.5074 0.5210
106.1000 0.5146 0.5112
106.2000 0.5217 0.5013
106.3000 0.5288 0.4914
106.4000 0.5358 0.4814
106.5000 0.5427 0.4715
106.6000 0.5496 0.4615
106.7000 0.5564 0.4514
106.8000 0.5631 0.4413
106.9000 0.5697 0.4312
107.0000 0.5763 0.4211
107.1000 0.5828 0.4109
107.2000 0.5893 0.4007
107.3000 0.5957 0.3905
107.4000 0.6021 0.3803
107.5000 0.6084 0.3700
107.6000 0.6146 0.3598
107.7000 0.6208 0.3495
107.8000 0.6270 0.3392
107.9000 0.6331 0.3289
108.0000 0.6391 0.3186
108.1000 0.6451 0.3082
108.2000 0.6511 0.2979
108.3000 0.6571 0.2875
108.4000 0.6630 0.2772
108.5000 0.6688 0.2668
108.6000 0.6746 0.2565
108.7000 0.6804 0.2461
108.8000 0.6862 0.2357
108.9000 0.6919 0.2253
109.0000 0.6976 0.2150
109.1000 0.7033 0.2046
109.2000 0.7089 0.1942
109.3000 0.7145 0.1838
109.4000 0.7200 0.1734
109.5000 0.7256 0.1631
109.6000 0.7310 0.1527
109.7000 0.7365 0.1423
109.8000 0.7419 0.1319
109.9000 0.7473 0.1216
110.0000 0.7527 0.1112
110.1000 0.7580 0.1008
110.2000 0.7633 0.0904
110.3000 0.7686 0.0801
110.4000 0.7738 0.0697
110.5000 0.7791 0.0593
110.6000 0.7842 0.0490
110.7000 0.7894 0.0386
110.8000 0.7944 0.0283
110.9000 0.7995 0.0179
111.0000 0.8045 0.0076
111.1000 0.8095 -0.0028
111.2000 0.8145 -0.0131
111.3000 0.8194 -0.0235
111.4000 0.8243 -0.0338
111.5000 0.8291 -0.0441
111.6000 0.8339 -0.0545
111.7000 0.8386 -0.0648
