0.0000 0.0000 0.0000
0.1000 0.0119 -0.0002
0.2000 0.0239 -0.0008
0.3000 0.0359 -0.0019
0.4000 0.0479 -0.0033
0.5000 0.0599 -0.0050
0.6000 0.0720 -0.0071
0.7000 0.0840 -0.0094
0.8000 0.0961 -0.0120
0.9000 0.1081 -0.0149
1.0000 0.1200 -0.0180
1.1000 0.1319 -0.0214
1.2000 0.1438 -0.0250
1.3000 0.1556 -0.0288
1.4000 0.1674 -0.0328
1.5000 0.1791 -0.0370
1.6000 0.1907 -0.0414
1.7000 0.2023 -0.0460
1.8000 0.2138 -0.0507
1.9000 0.2253 -0.0557
2.0000 0.2366 -0.0608
2.1000 0.2480 -0.0661
2.2000 0.2592 -0.0716
2.3000 0.2704 -0.0772
2.4000 0.2816 -0.0829
2.5000 0.2926 -0.0888
2.6000 0.3036 -0.0949
2.7000 0.3146 -0.1011
2.8000 0.3254 -0.1074
2.9000 0.3362 -0.1138
3.0000 0.3469 -0.1204
3.1000 0.3576 -0.1271
3.2000 0.3682 -0.1339
3.3000 0.3787 -0.1408
3.4000 0.3891 -0.1479
3.5000 0.3995 -0.1550
3.6000 0.4098 -0.1623
3.7000 0.4200 -0.1697
3.8000 0.4302 -0.1771
3.9000 0.4403 -0.1847
4.0000 0.4503 -0.1924
4.1000 0.4603 -0.2002
4.2000 0.4702 -0.2080
4.3000 0.4800 -0.2160
4.4000 0.4897 -0.2240
4.5000 0.4994 -0.2322
4.6000 0.5090 -0.2404
4.7000 0.5185 -0.2487
4.8000 0.5280 -0.2571
4.9000 0.5374 -0.2656
5.0000 0.5467 -0.2742
5.1000 0.5560 -0.2828
5.2000 0.5652 -0.2915
5.3000 0.5743 -0.3003
5.4000 0.5834 -0.3091
5.5000 0.5924 -0.3181
5.6000 0.6014 -0.3270
5.7000 0.6103 -0.3361
5.8000 0.6191 -0.3452
5.9000 0.6279 -0.3544
6.0000 0.6366 -0.3636
6.1000 0.6452 -0.3729
6.2000 0.6538 -0.3823
6.3000 0.6623 -0.3917
6.4000 0.6707 -0.4012
6.5000 0.6791 -0.4107
6.6000 0.6875 -0.4203
6.7000 0.6957 -0.4300
6.8000 0.7040 -0.4397
6.9000 0.7121 -0.4494
7.0000 0.7202 -0.4592
7.1000 0.7282 -0.4691
7.2000 0.7362 -0.4790
7.3000 0.7441 -0.4889
7.4000 0.7520 -0.4989
7.5000 0.7598 -0.5090
7.6000 0.7675 -0.5191
7.7000 0.7752 -0.5292
7.8000 0.7828 -0.5394
7.9000 0.7903 -0.5496
8.0000 0.7978 -0.5599
8.1000 0.8053 -0.5702
8.2000 0.8126 -0.5806
8.3000 0.8199 -0.5910
8.4000 0.8272 -0.6014
8.5000 0.8344 -0.6119
8.6000 0.8415 -0.6225
8.7000 0.8486 -0.6331
8.8000 0.8555 -0.6437
8.9000 0.8625 -0.6543
9.0000 0.8693 -0.6650
9.1000 0.8761 -0.6758
9.2000 0.8829 -0.6866
9.3000 0.8895 -0.6974
9.4000 0.8961 -0.7083
9.5000 0.9026 -0.7192
9.6000 0.9091 -0.7301
9.7000 0.9155 -0.7411
9.8000 0.9218 -0.7521
9.9000 0.9280 -0.7632
10.0000 0.9341 -0.7743
10.1000 0.9402 -0.7854
10.2000 0.9461 -0.7966
10.3000 0.9520 -0.8078
10.4000 0.9578 -0.8191
10.5000 0.9635 -0.8304
10.6000 0.9690 -0.8417
10.7000 0.9745 -0.8531
10.8000 0.9798 -0.8645
10.9000 0.9850 -0.8759
11.0000 0.9900 -0.8874
11.1000 0.9949 -0.8989
11.2000 0.9995 -0.9105
11.3000 1.0040 -0.9221
11.4000 1.0082 -0.9336
11.5000 1.0120 -0.9452
11.6000 1.0155 -0.9566
11.7000 1.0184 -0.9679
11.8000 1.0204 -0.9786
11.9000 1.0217 -0.9895
12.0000 1.0226 -1.0016
12.1000 1.0232 -1.0142
12.2000 1.0238 -1.0269
12.3000 1.0243 -1.0394
12.4000 1.0249 -1.0518
12.5000 1.0255 -1.0642
12.6000 1.0261 -1.0767
12.7000 1.0267 -1.0891
12.8000 1.0273 -1.1016
12.9000 1.0279 -1.1140
13.0000 1.0283 -1.1264
13.1000 1.0287 -1.1386
13.2000 1.0288 -1.1507
13.3000 1.0285 -1.1626
13.4000 1.0279 -1.1742
13.5000 1.0266 -1.1845
13.6000 1.0245 -1.1925
13.7000 1.0219 -1.1978
13.8000 1.0187 -1.2013
13.9000 1.0151 -1.2034
14.0000 1.0111 -1.2043
14.1000 1.0082 -1.2038
14.2000 1.0033 -1.2013
14.3000 1.0003 -1.1984
14.4000 0.9961 -1.1914
14.5000 0.9919 -1.1816
14.6000 0.9882 -1.1711
14.7000 0.9851 -1.1602
14.8000 0.9826 -1.1489
14.9000 0.9806 -1.1374
15.0000 0.9790 -1.1257
15.1000 0.9778 -1.1138
15.2000 0.9770 -1.1018
15.3000 0.9766 -1.0897
15.4000 0.9765 -1.0777
15.5000 0.9768 -1.0656
15.6000 0.9775 -1.0537
15.7000 0.9786 -1.0419
15.8000 0.9801 -1.0303
15.9000 0.9821 -1.0191
16.0000 0.9847 -1.0088
16.1000 0.9879 -1.0004
16.2000 0.9929 -0.9905
16.3000 0.9988 -0.9796
16.4000 1.0039 -0.9698
16.5000 1.0085 -0.9596
16.6000 1.0126 -0.9492
16.7000 1.0164 -0.9386
16.8000 1.0197 -0.9279
16.9000 1.0225 -0.9171
17.0000 1.0248 -0.9062
17.1000 1.0266 -0.8953
17.2000 1.0278 -0.8844
17.3000 1.0285 -0.8735
17.4000 1.0285 -0.8625
17.5000 1.0280 -0.8514
17.6000 1.0269 -0.8402
17.7000 1.0254 -0.8289
17.8000 1.0234 -0.8175
17.9000 1.0212 -0.8061
18.0000 1.0186 -0.7947
18.1000 1.0157 -0.7833
18.2000 1.0125 -0.7719
18.3000 1.0092 -0.7605
18.4000 1.0056 -0.7492
18.5000 1.0018 -0.7379
18.6000 0.9979 -0.7266
18.7000 0.9937 -0.7153
18.8000 0.9895 -0.7041
18.9000 0.9851 -0.6929
19.0000 0.9805 -0.6818
19.1000 0.9758 -0.6707
19.2000 0.9710 -0.6596
19.3000 0.9661 -0.6485
19.4000 0.9610 -0.6375
19.5000 0.9559 -0.6265
19.6000 0.9506 -0.6156
19.7000 0.9453 -0.6047
19.8000 0.9398 -0.5938
19.9000 0.9343 -0.5829
20.0000 0.9286 -0.5721
20.1000 0.9229 -0.5613
20.2000 0.9171 -0.5506
20.3000 0.9113 -0.5399
20.4000 0.9053 -0.5292
20.5000 0.8993 -0.5185
20.6000 0.8932 -0.5079
20.7000 0.8871 -0.4973
20.8000 0.8809 -0.4867
20.9000 0.8746 -0.4762
21.0000 0.8682 -0.4657
21.1000 0.8618 -0.4552
21.2000 0.8554 -0.4447
21.3000 0.8488 -0.4343
21.4000 0.8423 -0.4239
21.5000 0.8356 -0.4135
21.6000 0.8289 -0.4032
21.7000 0.8222 -0.3929
21.8000 0.8154 -0.3826
21.9000 0.8086 -0.3723
22.0000 0.8017 -0.3621
22.1000 0.7948 -0.3519
22.2000 0.7878 -0.3417
22.3000 0.7808 -0.3315
22.4000 0.7737 -0.3214
22.5000 0.7666 -0.3113
22.6000 0.7594 -0.3012
22.7000 0.7522 -0.2911
22.8000 0.7450 -0.2811
22.9000 0.7377 -0.2711
23.0000 0.7304 -0.2611
23.1000 0.7231 -0.2511
23.2000 0.7157 -0.2411
23.3000 0.7082 -0.2312
23.4000 0.7008 -0.2213
23.5000 0.6933 -0.2114
23.6000 0.6857 -0.2016
23.7000 0.6782 -0.1917
23.8000 0.6706 -0.1819
23.9000 0.6629 -0.1721
24.0000 0.6553 -0.1623
24.1000 0.6475 -0.1526
24.2000 0.6398 -0.1429
24.3000 0.6320 -0.1332
24.4000 0.6243 -0.1235
24.5000 0.6164 -0.1138
24.6000 0.6086 -0.1042
24.7000 0.6007 -0.0945
24.8000 0.5928 -0.0849
24.9000 0.5848 -0.0753
25.0000 0.5769 -0.0658
25.1000 0.5689 -0.0562
25.2000 0.5609 -0.0467
25.3000 0.5528 -0.0372
25.4000 0.5447 -0.0277
25.5000 0.5367 -0.0182
25.6000 0.5285 -0.0088
25.7000 0.5204 0.0006
25.8000 0.5122 0.0101
25.9000 0.5040 0.0195
26.0000 0.4958 0.0288
26.1000 0.4875 0.0382
26.2000 0.4793 0.0475
26.3000 0.4710 0.0569
26.4000 0.4627 0.0662
26.5000 0.4543 0.0754
26.6000 0.4460 0.0847
26.7000 0.4376 0.0940
26.8000 0.4292 0.1032
26.9000 0.4207 0.1124
27.0000 0.4123 0.1216
27.1000 0.4038 0.1308
27.2000 0.3953 0.1399
27.3000 0.3868 0.1491
27.4000 0.3782 0.1582
27.5000 0.3697 0.1673
27.6000 0.3611 0.1764
27.7000 0.3525 0.1855
27.8000 0.3438 0.1945
27.9000 0.3352 0.2035
28.0000 0.3265 0.2125
28.1000 0.3178 0.2215
28.2000 0.3091 0.2305
28.3000 0.3003 0.2395
28.4000 0.2916 0.2484
28.5000 0.2828 0.2573
28.6000 0.2740 0.2662
28.7000 0.2651 0.2751
28.8000 0.2563 0.2839
28.9000 0.2474 0.2928
29.0000 0.2385 0.3016
29.1000 0.2296 0.3104
29.2000 0.2206 0.3192
29.3000 0.2117 0.3279
29.4000 0.2027 0.3366
29.5000 0.1937 0.3454
29.6000 0.1846 0.3541
29.7000 0.1756 0.3627
29.8000 0.1665 0.3714
29.9000 0.1574 0.3800
30.0000 0.1483 0.3886
30.1000 0.1391 0.3972
30.2000 0.1300 0.4058
30.3000 0.1208 0.4143
30.4000 0.1116 0.4229
30.5000 0.1023 0.4314
30.6000 0.0931 0.4398
30.7000 0.0838 0.4483
30.8000 0.0745 0.4567
30.9000 0.0652 0.4652
31.0000 0.0558 0.4735
31.1000 0.0465 0.4819
31.2000 0.0371 0.4903
31.3000 0.0277 0.4986
31.4000 0.0182 0.5069
31.5000 0.0088 0.5151
31.6000 -0.0007 0.5234
31.7000 -0.0102 0.5316
31.8000 -0.0198 0.5398
31.9000 -0.0293 0.5480
32.0000 -0.0389 0.5561
32.1000 -0.0485 0.5642
32.2000 -0.0581 0.5723
32.3000 -0.0678 0.5804
32.4000 -0.0775 0.5884
32.5000 -0.0872 0.5964
32.6000 -0.0969 0.6044
32.7000 -0.1066 0.6124
32.8000 -0.1164 0.6203
32.9000 -0.1262 0.6282
33.0000 -0.1360 0.6361
33.1000 -0.1459 0.6439
33.2000 -0.1557 0.6517
33.3000 -0.1656 0.6595
33.4000 -0.1756 0.6672
33.5000 -0.1855 0.6750
33.6000 -0.1955 0.6826
33.7000 -0.2055 0.6903
33.8000 -0.2155 0.6979
33.9000 -0.2256 0.7055
34.0000 -0.2356 0.7130
34.1000 -0.2457 0.7206
34.2000 -0.2559 0.7280
34.3000 -0.2660 0.7355
34.4000 -0.2762 0.7429
34.5000 -0.2864 0.7503
34.6000 -0.2967 0.7576
34.7000 -0.3070 0.7649
34.8000 -0.3173 0.7722
34.9000 -0.3276 0.7794
35.0000 -0.3379 0.7866
35.1000 -0.3483 0.7937
35.2000 -0.3587 0.8008
35.3000 -0.3692 0.8078
35.4000 -0.3797 0.8149
35.5000 -0.3902 0.8218
35.6000 -0.4007 0.8287
35.7000 -0.4113 0.8356
35.8000 -0.4219 0.8424
35.9000 -0.4325 0.8492
36.0000 -0.4431 0.8559
36.1000 -0.4538 0.8626
36.2000 -0.4645 0.8692
36.3000 -0.4753 0.8758
36.4000 -0.4861 0.8823
36.5000 -0.4969 0.8888
36.6000 -0.5077 0.8952
36.7000 -0.5186 0.9015
36.8000 -0.5295 0.9078
36.9000 -0.5404 0.9140
37.0000 -0.5513 0.9201
37.1000 -0.5623 0.9261
37.2000 -0.5733 0.9321
37.3000 -0.5843 0.9379
37.4000 -0.5953 0.9436
37.5000 -0.6064 0.9493
37.6000 -0.6175 0.9548
37.7000 -0.6287 0.9602
37.8000 -0.6399 0.9654
37.9000 -0.6511 0.9706
38.0000 -0.6623 0.9756
38.1000 -0.6736 0.9804
38.2000 -0.6850 0.9851
38.3000 -0.6963 0.9897
38.4000 -0.7078 0.9940
38.5000 -0.7192 0.9983
38.6000 -0.7307 1.0023
38.7000 -0.7422 1.0061
38.8000 -0.7538 1.0098
38.9000 -0.7653 1.0133
39.0000 -0.7769 1.0165
39.1000 -0.7886 1.0195
39.2000 -0.8002 1.0223
39.3000 -0.8119 1.0248
39.4000 -0.8236 1.0270
39.5000 -0.8353 1.0290
39.6000 -0.8471 1.0307
39.7000 -0.8588 1.0321
39.8000 -0.8705 1.0331
39.9000 -0.8822 1.0338
40.0000 -0.8938 1.0342
40.1000 -0.9054 1.0341
40.2000 -0.9170 1.0337
40.3000 -0.9284 1.0329
40.4000 -0.9396 1.0315
40.5000 -0.9507 1.0297
40.6000 -0.9614 1.0274
40.7000 -0.9716 1.0244
40.8000 -0.9811 1.0208
40.9000 -0.9894 1.0167
41.0000 -0.9954 1.0124
41.1000 -0.9988 1.0084
41.2000 -1.0009 1.0038
41.3000 -1.0011 1.0017
41.4000 -1.0002 0.9983
41.5000 -0.9947 0.9867
41.6000 -0.9891 0.9751
41.7000 -0.9836 0.9635
41.8000 -0.9781 0.9520
41.9000 -0.9725 0.9404
42.0000 -0.9669 0.9288
42.1000 -0.9613 0.9173
42.2000 -0.9557 0.9058
42.3000 -0.9501 0.8942
42.4000 -0.9445 0.8827
42.5000 -0.9388 0.8712
42.6000 -0.9331 0.8597
42.7000 -0.9274 0.8482
42.8000 -0.9217 0.8367
42.9000 -0.9160 0.8252
43.0000 -0.9102 0.8138
43.1000 -0.9045 0.8023
43.2000 -0.8987 0.7909
43.3000 -0.8929 0.7795
43.4000 -0.8871 0.7681
43.5000 -0.8812 0.7567
43.6000 -0.8754 0.7453
43.7000 -0.8695 0.7339
43.8000 -0.8636 0.7225
43.9000 -0.8576 0.7112
44.0000 -0.8517 0.6998
44.1000 -0.8457 0.6885
44.2000 -0.8397 0.6772
44.3000 -0.8337 0.6659
44.4000 -0.8276 0.6546
44.5000 -0.8215 0.6433
44.6000 -0.8155 0.6321
44.7000 -0.8093 0.6208
44.8000 -0.8032 0.6096
44.9000 -0.7970 0.5984
45.0000 -0.7908 0.5872
45.1000 -0.7846 0.5760
45.2000 -0.7783 0.5648
45.3000 -0.7721 0.5537
45.4000 -0.7658 0.5425
45.5000 -0.7594 0.5314
45.6000 -0.7531 0.5203
45.7000 -0.7467 0.5092
45.8000 -0.7403 0.4981
45.9000 -0.7338 0.4871
46.0000 -0.7274 0.4760
46.1000 -0.7209 0.4650
46.2000 -0.7144 0.4540
46.3000 -0.7078 0.4430
46.4000 -0.7012 0.4320
46.5000 -0.6947 0.4210
46.6000 -0.6880 0.4101
46.7000 -0.6814 0.3992
46.8000 -0.6747 0.3882
46.9000 -0.6680 0.3773
47.0000 -0.6613 0.3665
47.1000 -0.6545 0.3556
47.2000 -0.6477 0.3447
47.3000 -0.6409 0.3339
47.4000 -0.6341 0.3231
47.5000 -0.6272 0.3123
47.6000 -0.6203 0.3015
47.7000 -0.6134 0.2907
47.8000 -0.6065 0.2800
47.9000 -0.5995 0.2692
48.0000 -0.5925 0.2585
48.1000 -0.5855 0.2478
48.2000 -0.5785 0.2371
48.3000 -0.5714 0.2265
48.4000 -0.5643 0.2158
48.5000 -0.5572 0.2052
48.6000 -0.5500 0.1946
48.7000 -0.5428 0.1840
48.8000 -0.5356 0.1734
48.9000 -0.5284 0.1628
49.0000 -0.5212 0.1523
49.1000 -0.5139 0.1417
49.2000 -0.5066 0.1312
49.3000 -0.4993 0.1207
49.4000 -0.4919 0.1103
49.5000 -0.4845 0.0998
49.6000 -0.4771 0.0894
49.7000 -0.4697 0.0790
49.8000 -0.4622 0.0686
49.9000 -0.4547 0.0582
50.0000 -0.4472 0.0478
50.1000 -0.4397 0.0375
50.2000 -0.4321 0.0271
50.3000 -0.4245 0.0168
50.4000 -0.4169 0.0066
50.5000 -0.4093 -0.0037
50.6000 -0.4016 -0.0140
50.7000 -0.3939 -0.0242
50.8000 -0.3862 -0.0344
50.9000 -0.3785 -0.0446
51.0000 -0.3707 -0.0548
51.1000 -0.3629 -0.0649
51.2000 -0.3551 -0.0751
51.3000 -0.3473 -0.0852
51.4000 -0.3394 -0.0953
51.5000 -0.3315 -0.1053
51.6000 -0.3236 -0.1154
51.7000 -0.3156 -0.1254
51.8000 -0.3077 -0.1354
51.9000 -0.2997 -0.1454
52.0000 -0.2916 -0.1554
52.1000 -0.2836 -0.1653
52.2000 -0.2755 -0.1753
52.3000 -0.2674 -0.1852
52.4000 -0.2593 -0.1950
52.5000 -0.2511 -0.2049
52.6000 -0.2430 -0.2147
52.7000 -0.2348 -0.2246
52.8000 -0.2265 -0.2344
52.9000 -0.2183 -0.2441
53.0000 -0.2100 -0.2539
53.1000 -0.2017 -0.2636
53.2000 -0.1934 -0.2733
53.3000 -0.1850 -0.2830
53.4000 -0.1766 -0.2927
53.5000 -0.1682 -0.3023
53.6000 -0.1598 -0.3119
53.7000 -0.1513 -0.3215
53.8000 -0.1428 -0.3311
53.9000 -0.1343 -0.3407
54.0000 -0.1258 -0.3502
54.1000 -0.1172 -0.3597
54.2000 -0.1086 -0.3691
54.3000 -0.1000 -0.3786
54.4000 -0.0913 -0.3880
54.5000 -0.0827 -0.3974
54.6000 -0.0740 -0.4068
54.7000 -0.0653 -0.4161
54.8000 -0.0565 -0.4255
54.9000 -0.0477 -0.4348
55.0000 -0.0389 -0.4440
55.1000 -0.0301 -0.4533
55.2000 -0.0212 -0.4625
55.3000 -0.0123 -0.4717
55.4000 -0.0034 -0.4809
55.5000 0.0055 -0.4900
55.6000 0.0145 -0.4991
55.7000 0.0235 -0.5082
55.8000 0.0325 -0.5172
55.9000 0.0416 -0.5263
56.0000 0.0507 -0.5353
56.1000 0.0598 -0.5442
56.2000 0.0689 -0.5532
56.3000 0.0781 -0.5621
56.4000 0.0873 -0.5710
56.5000 0.0965 -0.5798
56.6000 0.1057 -0.5886
56.7000 0.1150 -0.5974
56.8000 0.1243 -0.6062
56.9000 0.1336 -0.6149
57.0000 0.1430 -0.6236
57.1000 0.1524 -0.6322
57.2000 0.1618 -0.6408
57.3000 0.1713 -0.6494
57.4000 0.1808 -0.6580
57.5000 0.1903 -0.6665
57.6000 0.1998 -0.6750
57.7000 0.2094 -0.6834
57.8000 0.2190 -0.6918
57.9000 0.2287 -0.7002
58.0000 0.2383 -0.7085
58.1000 0.2480 -0.7168
58.2000 0.2578 -0.7251
58.3000 0.2675 -0.7333
58.4000 0.2773 -0.7415
58.5000 0.2871 -0.7496
58.6000 0.2970 -0.7577
58.7000 0.3069 -0.7657
58.8000 0.3168 -0.7737
58.9000 0.3268 -0.7817
59.0000 0.3368 -0.7896
59.1000 0.3468 -0.7975
59.2000 0.3569 -0.8053
59.3000 0.3670 -0.8130
59.4000 0.3771 -0.8208
59.5000 0.3873 -0.8284
59.6000 0.3975 -0.8360
59.7000 0.4077 -0.8436
59.8000 0.4180 -0.8511
59.9000 0.4283 -0.8585
60.0000 0.4387 -0.8659
60.1000 0.4490 -0.8733
60.2000 0.4595 -0.8805
60.3000 0.4699 -0.8877
60.4000 0.4805 -0.8949
60.5000 0.4910 -0.9019
60.6000 0.5016 -0.9089
60.7000 0.5122 -0.9159
60.8000 0.5229 -0.9227
60.9000 0.5336 -0.9295
61.0000 0.5444 -0.9362
61.1000 0.5552 -0.9428
61.2000 0.5660 -0.9493
61.3000 0.5769 -0.9558
61.4000 0.5878 -0.9621
61.5000 0.5988 -0.9684
61.6000 0.6099 -0.9745
61.7000 0.6209 -0.9806
61.8000 0.6321 -0.9865
61.9000 0.6432 -0.9923
62.0000 0.6545 -0.9980
62.1000 0.6657 -1.0036
62.2000 0.6770 -1.0090
62.3000 0.6884 -1.0143
62.4000 0.6998 -1.0195
62.5000 0.7113 -1.0245
62.6000 0.7228 -1.0293
62.7000 0.7344 -1.0340
62.8000 0.7460 -1.0384
62.9000 0.7577 -1.0427
63.0000 0.7694 -1.0468
63.1000 0.7811 -1.0506
63.2000 0.7929 -1.0542
63.3000 0.8046 -1.0575
63.4000 0.8164 -1.0605
63.5000 0.8282 -1.0631
63.6000 0.8400 -1.0654
63.7000 0.8518 -1.0672
63.8000 0.8636 -1.0686
63.9000 0.8753 -1.0696
64.0000 0.8870 -1.0700
64.1000 0.8986 -1.0699
64.2000 0.9100 -1.0692
64.3000 0.9213 -1.0679
64.4000 0.9324 -1.0660
64.5000 0.9432 -1.0634
64.6000 0.9536 -1.0602
64.7000 0.9635 -1.0562
64.8000 0.9728 -1.0515
64.9000 0.9811 -1.0462
65.0000 0.9882 -1.0402
65.1000 0.9942 -1.0336
65.2000 0.9991 -1.0262
65.3000 1.0026 -1.0186
65.4000 1.0043 -1.0115
65.5000 1.0043 -1.0058
65.6000 1.0026 -0.9992
65.7000 1.0000 -0.9943
65.8000 0.9926 -0.9843
65.9000 0.9853 -0.9742
66.0000 0.9781 -0.9641
66.1000 0.9710 -0.9540
66.2000 0.9638 -0.9439
66.3000 0.9567 -0.9337
66.4000 0.9496 -0.9236
66.5000 0.9426 -0.9134
66.6000 0.9355 -0.9032
66.7000 0.9285 -0.8930
66.8000 0.9215 -0.8827
66.9000 0.9146 -0.8725
67.0000 0.9076 -0.8622
67.1000 0.9006 -0.8520
67.2000 0.8937 -0.8417
67.3000 0.8868 -0.8314
67.4000 0.8799 -0.8211
67.5000 0.8730 -0.8108
67.6000 0.8661 -0.8005
67.7000 0.8592 -0.7901
67.8000 0.8523 -0.7798
67.9000 0.8454 -0.7695
68.0000 0.8385 -0.7591
68.1000 0.8316 -0.7488
68.2000 0.8248 -0.7385
68.3000 0.8179 -0.7281
68.4000 0.8110 -0.7178
68.5000 0.8041 -0.7074
68.6000 0.7972 -0.6971
68.7000 0.7903 -0.6867
68.8000 0.7835 -0.6764
68.9000 0.7766 -0.6660
69.0000 0.7697 -0.6557
69.1000 0.7628 -0.6453
69.2000 0.7558 -0.6350
69.3000 0.7489 -0.6246
69.4000 0.7420 -0.6143
69.5000 0.7351 -0.6039
69.6000 0.7281 -0.5936
69.7000 0.7212 -0.5833
69.8000 0.7142 -0.5729
69.9000 0.7073 -0.5626
70.0000 0.7003 -0.5523
70.1000 0.6933 -0.5419
70.2000 0.6863 -0.5316
70.3000 0.6793 -0.5213
70.4000 0.6723 -0.5110
70.5000 0.6653 -0.5007
70.6000 0.6583 -0.4904
70.7000 0.6512 -0.4801
70.8000 0.6441 -0.4698
70.9000 0.6371 -0.4595
71.0000 0.6300 -0.4492
71.1000 0.6229 -0.4389
71.2000 0.6158 -0.4287
71.3000 0.6087 -0.4184
71.4000 0.6016 -0.4082
71.5000 0.5944 -0.3979
71.6000 0.5873 -0.3877
71.7000 0.5801 -0.3774
71.8000 0.5729 -0.3672
71.9000 0.5657 -0.3570
72.0000 0.5585 -0.3467
72.1000 0.5513 -0.3365
72.2000 0.5440 -0.3263
72.3000 0.5368 -0.3161
72.4000 0.5295 -0.3060
72.5000 0.5223 -0.2958
72.6000 0.5150 -0.2856
72.7000 0.5077 -0.2754
72.8000 0.5003 -0.2653
72.9000 0.4930 -0.2551
73.0000 0.4856 -0.2450
73.1000 0.4783 -0.2349
73.2000 0.4709 -0.2247
73.3000 0.4635 -0.2146
73.4000 0.4561 -0.2045
73.5000 0.4486 -0.1944
73.6000 0.4412 -0.1843
73.7000 0.4337 -0.1743
73.8000 0.4263 -0.1642
73.9000 0.4188 -0.1541
74.0000 0.4113 -0.1441
74.1000 0.4037 -0.1341
74.2000 0.3962 -0.1240
74.3000 0.3886 -0.1140
74.4000 0.3811 -0.1040
74.5000 0.3735 -0.0940
74.6000 0.3659 -0.0840
74.7000 0.3582 -0.0740
74.8000 0.3506 -0.0641
74.9000 0.3429 -0.0541
75.0000 0.3353 -0.0442
75.1000 0.3276 -0.0342
75.2000 0.3199 -0.0243
75.3000 0.3121 -0.0144
75.4000 0.3044 -0.0045
75.5000 0.2966 0.0054
75.6000 0.2889 0.0153
75.7000 0.2811 0.0251
75.8000 0.2733 0.0350
75.9000 0.2654 0.0448
76.0000 0.2576 0.0546
76.1000 0.2497 0.0645
76.2000 0.2418 0.0743
76.3000 0.2339 0.0841
76.4000 0.2260 0.0938
76.5000 0.2181 0.1036
76.6000 0.2101 0.1133
76.7000 0.2021 0.1231
76.8000 0.1941 0.1328
76.9000 0.1861 0.1425
77.0000 0.1781 0.1522
77.1000 0.1700 0.1619
77.2000 0.1620 0.1716
77.3000 0.1539 0.1812
77.4000 0.1457 0.1909
77.5000 0.1376 0.2005
77.6000 0.1295 0.2101
77.7000 0.1213 0.2197
77.8000 0.1131 0.2293
77.9000 0.1049 0.2389
78.0000 0.0967 0.2484
78.1000 0.0884 0.2579
78.2000 0.0802 0.2675
78.3000 0.0719 0.2770
78.4000 0.0635 0.2865
78.5000 0.0552 0.2959
78.6000 0.0469 0.3054
78.7000 0.0385 0.3148
78.8000 0.0301 0.3242
78.9000 0.0217 0.3336
79.0000 0.0132 0.3430
79.1000 0.0048 0.3524
79.2000 -0.0037 0.3617
79.3000 -0.0122 0.3711
79.4000 -0.0207 0.3804
79.5000 -0.0293 0.3897
79.6000 -0.0378 0.3989
79.7000 -0.0464 0.4082
79.8000 -0.0550 0.4174
79.9000 -0.0637 0.4267
80.0000 -0.0723 0.4358
80.1000 -0.0810 0.4450
80.2000 -0.0897 0.4542
80.3000 -0.0985 0.4633
80.4000 -0.1072 0.4724
80.5000 -0.1160 0.4815
80.6000 -0.1248 0.4906
80.7000 -0.1336 0.4996
80.8000 -0.1425 0.5086
80.9000 -0.1513 0.5176
81.0000 -0.1602 0.5266
81.1000 -0.1692 0.5356
81.2000 -0.1781 0.5445
81.3000 -0.1871 0.5534
81.4000 -0.1961 0.5623
81.5000 -0.2051 0.5711
81.6000 -0.2142 0.5800
81.7000 -0.2233 0.5888
81.8000 -0.2324 0.5975
81.9000 -0.2415 0.6063
82.0000 -0.2507 0.6150
82.1000 -0.2598 0.6237
82.2000 -0.2691 0.6324
82.3000 -0.2783 0.6410
82.4000 -0.2876 0.6496
82.5000 -0.2969 0.6582
82.6000 -0.3062 0.6667
82.7000 -0.3156 0.6752
82.8000 -0.3250 0.6837
82.9000 -0.3344 0.6922
83.0000 -0.3438 0.7006
83.1000 -0.3533 0.7089
83.2000 -0.3628 0.7173
83.3000 -0.3724 0.7256
83.4000 -0.3819 0.7339
83.5000 -0.3915 0.7421
83.6000 -0.4012 0.7503
83.7000 -0.4108 0.7584
83.8000 -0.4205 0.7665
83.9000 -0.4303 0.7746
84.0000 -0.4400 0.7826
84.1000 -0.4498 0.7906
84.2000 -0.4597 0.7985
84.3000 -0.4695 0.8064
84.4000 -0.4794 0.8143
84.5000 -0.4894 0.8220
84.6000 -0.4993 0.8298
84.7000 -0.5093 0.8374
84.8000 -0.5194 0.8451
84.9000 -0.5295 0.8526
85.0000 -0.5396 0.8601
85.1000 -0.5497 0.8675
85.2000 -0.5599 0.8749
85.3000 -0.5701 0.8821
85.4000 -0.5804 0.8893
85.5000 -0.5907 0.8964
85.6000 -0.6010 0.9034
85.7000 -0.6114 0.9102
85.8000 -0.6218 0.9170
85.9000 -0.6323 0.9236
86.0000 -0.6429 0.9301
86.1000 -0.6535 0.9365
86.2000 -0.6641 0.9427
86.3000 -0.6748 0.9488
86.4000 -0.6856 0.9548
86.5000 -0.6964 0.9605
86.6000 -0.7073 0.9662
86.7000 -0.7182 0.9716
86.8000 -0.7292 0.9769
86.9000 -0.7403 0.9820
87.0000 -0.7514 0.9869
87.1000 -0.7626 0.9916
87.2000 -0.7738 0.9961
87.3000 -0.7851 1.0003
87.4000 -0.7965 1.0044
87.5000 -0.8078 1.0082
87.6000 -0.8193 1.0118
87.7000 -0.8307 1.0151
87.8000 -0.8422 1.0182
87.9000 -0.8537 1.0209
88.0000 -0.8652 1.0233
88.1000 -0.8767 1.0253
88.2000 -0.8882 1.0270
88.3000 -0.8997 1.0283
88.4000 -0.9111 1.0291
88.5000 -0.9225 1.0295
88.6000 -0.9337 1.0293
88.7000 -0.9448 1.0286
88.8000 -0.9556 1.0273
88.9000 -0.9660 1.0254
89.0000 -0.9758 1.0227
89.1000 -0.9847 1.0192
89.2000 -0.9923 1.0152
89.3000 -0.9969 1.0112
89.4000 -0.9997 1.0072
89.5000 -1.0013 1.0025
89.6000 -1.0012 1.0016
89.7000 -0.9984 0.9940
89.8000 -0.9930 0.9823
89.9000 -0.9876 0.9707
90.0000 -0.9821 0.9591
90.1000 -0.9767 0.9474
90.2000 -0.9712 0.9358
90.3000 -0.9657 0.9242
90.4000 -0.9602 0.9126
90.5000 -0.9547 0.9010
90.6000 -0.9492 0.8895
90.7000 -0.9436 0.8779
90.8000 -0.9381 0.8663
90.9000 -0.9325 0.8548
91.0000 -0.9269 0.8433
91.1000 -0.9213 0.8317
91.2000 -0.9157 0.8202
91.3000 -0.9100 0.8087
91.4000 -0.9043 0.7972
91.5000 -0.8986 0.7857
91.6000 -0.8929 0.7743
91.7000 -0.8872 0.7628
91.8000 -0.8814 0.7513
91.9000 -0.8757 0.7399
92.0000 -0.8699 0.7285
92.1000 -0.8640 0.7171
92.2000 -0.8582 0.7057
92.3000 -0.8523 0.6943
92.4000 -0.8465 0.6829
92.5000 -0.8405 0.6716
92.6000 -0.8346 0.6602
92.7000 -0.8286 0.6489
92.8000 -0.8227 0.6376
92.9000 -0.8166 0.6263
93.0000 -0.8106 0.6150
93.1000 -0.8045 0.6037
93.2000 -0.7985 0.5924
93.3000 -0.7923 0.5812
93.4000 -0.7862 0.5700
93.5000 -0.7800 0.5588
93.6000 -0.7738 0.5476
93.7000 -0.7676 0.5364
93.8000 -0.7613 0.5252
93.9000 -0.7551 0.5141
94.0000 -0.7488 0.5030
94.1000 -0.7424 0.4918
94.2000 -0.7361 0.4807
94.3000 -0.7297 0.4697
94.4000 -0.7232 0.4586
94.5000 -0.7168 0.4475
94.6000 -0.7103 0.4365
94.7000 -0.7038 0.4255
94.8000 -0.6973 0.4145
94.9000 -0.6907 0.4035
95.0000 -0.6841 0.3925
95.1000 -0.6775 0.3816
95.2000 -0.6709 0.3706
95.3000 -0.6642 0.3597
95.4000 -0.6575 0.3488
95.5000 -0.6508 0.3379
95.6000 -0.6440 0.3270
95.7000 -0.6373 0.3162
95.8000 -0.6305 0.3054
95.9000 -0.6236 0.2945
96.0000 -0.6168 0.2837
96.1000 -0.6099 0.2729
96.2000 -0.6030 0.2622
96.3000 -0.5960 0.2514
96.4000 -0.5891 0.2407
96.5000 -0.5821 0.2300
96.6000 -0.5750 0.2193
96.7000 -0.5680 0.2086
96.8000 -0.5609 0.1979
96.9000 -0.5538 0.1873
97.0000 -0.5467 0.1767
97.1000 -0.5395 0.1661
97.2000 -0.5324 0.1555
97.3000 -0.5251 0.1449
97.4000 -0.5179 0.1343
97.5000 -0.5106 0.1238
97.6000 -0.5034 0.1133
97.7000 -0.4960 0.1028
97.8000 -0.4887 0.0923
97.9000 -0.4813 0.0819
98.0000 -0.4739 0.0714
98.1000 -0.4665 0.0610
98.2000 -0.4591 0.0506
98.3000 -0.4516 0.0402
98.4000 -0.4441 0.0298
98.5000 -0.4366 0.0195
98.6000 -0.4290 0.0092
98.7000 -0.4214 -0.0011
98.8000 -0.4138 -0.0114
98.9000 -0.4062 -0.0217
99.0000 -0.3985 -0.0320
99.1000 -0.3908 -0.0422
99.2000 -0.3831 -0.0524
99.3000 -0.3754 -0.0626
99.4000 -0.3676 -0.0727
99.5000 -0.3598 -0.0829
99.6000 -0.3520 -0.0930
99.7000 -0.3441 -0.1031
99.8000 -0.3363 -0.1132
99.9000 -0.3284 -0.1233
100.0000 -0.3204 -0.1333
100.1000 -0.3125 -0.1433
100.2000 -0.3045 -0.1533
100.3000 -0.2965 -0.1633
100.4000 -0.2885 -0.1733
100.5000 -0.2804 -0.1832
100.6000 -0.2723 -0.1931
100.7000 -0.2642 -0.2030
100.8000 -0.2561 -0.2129
100.9000 -0.2479 -0.2227
101.0000 -0.2397 -0.2326
101.1000 -0.2315 -0.2424
101.2000 -0.2233 -0.2521
101.3000 -0.2150 -0.2619
101.4000 -0.2067 -0.2716
101.5000 -0.1984 -0.2814
101.6000 -0.1900 -0.2910
101.7000 -0.1816 -0.3007
101.8000 -0.1732 -0.3103
