0.0000 0.0000 0.0000
0.1000 0.0124 -0.0001
0.2000 0.0248 -0.0004
0.3000 0.0372 -0.0009
0.4000 0.0496 -0.0016
0.5000 0.0621 -0.0025
0.6000 0.0746 -0.0036
0.7000 0.0871 -0.0047
0.8000 0.0995 -0.0061
0.9000 0.1120 -0.0075
1.0000 0.1245 -0.0091
1.1000 0.1370 -0.0109
1.2000 0.1495 -0.0127
1.3000 0.1619 -0.0147
1.4000 0.1744 -0.0167
1.5000 0.1868 -0.0189
1.6000 0.1992 -0.0212
1.7000 0.2116 -0.0236
1.8000 0.2240 -0.0260
1.9000 0.2363 -0.0286
2.0000 0.2487 -0.0313
2.1000 0.2609 -0.0342
2.2000 0.2731 -0.0371
2.3000 0.2853 -0.0402
2.4000 0.2975 -0.0433
2.5000 0.3096 -0.0467
2.6000 0.3216 -0.0501
2.7000 0.3336 -0.0537
2.8000 0.3456 -0.0574
2.9000 0.3574 -0.0613
3.0000 0.3693 -0.0653
3.1000 0.3810 -0.0694
3.2000 0.3928 -0.0737
3.3000 0.4044 -0.0782
3.4000 0.4160 -0.0828
3.5000 0.4275 -0.0875
3.6000 0.4390 -0.0924
3.7000 0.4503 -0.0974
3.8000 0.4616 -0.1026
3.9000 0.4729 -0.1079
4.0000 0.4840 -0.1134
4.1000 0.4951 -0.1190
4.2000 0.5061 -0.1248
4.3000 0.5170 -0.1307
4.4000 0.5278 -0.1367
4.5000 0.5386 -0.1429
4.6000 0.5492 -0.1492
4.7000 0.5598 -0.1556
4.8000 0.5703 -0.1622
4.9000 0.5807 -0.1689
5.0000 0.5910 -0.1757
5.1000 0.6012 -0.1827
5.2000 0.6114 -0.1897
5.3000 0.6214 -0.1969
5.4000 0.6313 -0.2042
5.5000 0.6412 -0.2117
5.6000 0.6509 -0.2192
5.7000 0.6605 -0.2269
5.8000 0.6700 -0.2346
5.9000 0.6794 -0.2425
6.0000 0.6887 -0.2505
6.1000 0.6979 -0.2586
6.2000 0.7070 -0.2668
6.3000 0.7159 -0.2752
6.4000 0.7248 -0.2836
6.5000 0.7335 -0.2921
6.6000 0.7421 -0.3007
6.7000 0.7507 -0.3095
6.8000 0.7591 -0.3183
6.9000 0.7673 -0.3272
7.0000 0.7755 -0.3362
7.1000 0.7836 -0.3453
7.2000 0.7915 -0.3544
7.3000 0.7994 -0.3637
7.4000 0.8071 -0.3730
7.5000 0.8147 -0.3825
7.6000 0.8222 -0.3919
7.7000 0.8296 -0.4015
7.8000 0.8369 -0.4111
7.9000 0.8441 -0.4209
8.0000 0.8511 -0.4306
8.1000 0.8581 -0.4405
8.2000 0.8649 -0.4504
8.3000 0.8717 -0.4603
8.4000 0.8783 -0.4704
8.5000 0.8848 -0.4804
8.6000 0.8913 -0.4906
8.7000 0.8976 -0.5008
8.8000 0.9038 -0.5110
8.9000 0.9099 -0.5213
9.0000 0.9159 -0.5316
9.1000 0.9217 -0.5420
9.2000 0.9275 -0.5525
9.3000 0.9332 -0.5630
9.4000 0.9387 -0.5735
9.5000 0.9441 -0.5841
9.6000 0.9495 -0.5947
9.7000 0.9547 -0.6053
9.8000 0.9597 -0.6160
9.9000 0.9647 -0.6268
10.0000 0.9695 -0.6376
10.1000 0.9743 -0.6484
10.2000 0.9788 -0.6592
10.3000 0.9833 -0.6701
10.4000 0.9876 -0.6810
10.5000 0.9918 -0.6919
10.6000 0.9959 -0.7029
10.7000 0.9998 -0.7139
10.8000 1.0035 -0.7249
10.9000 1.0071 -0.7360
11.0000 1.0106 -0.7472
11.1000 1.0139 -0.7584
11.2000 1.0171 -0.7697
11.3000 1.0201 -0.7810
11.4000 1.0229 -0.7924
11.5000 1.0256 -0.8039
11.6000 1.0280 -0.8154
11.7000 1.0303 -0.8269
11.8000 1.0323 -0.8385
11.9000 1.0341 -0.8501
12.0000 1.0357 -0.8618
12.1000 1.0370 -0.8734
12.2000 1.0381 -0.8851
12.3000 1.0388 -0.8968
12.4000 1.0392 -0.9084
12.5000 1.0392 -0.9200
12.6000 1.0389 -0.9315
12.7000 1.0381 -0.9429
12.8000 1.0367 -0.9540
12.9000 1.0348 -0.9648
13.0000 1.0323 -0.9747
13.1000 1.0289 -0.9837
13.2000 1.0248 -0.9915
13.3000 1.0203 -0.9972
13.4000 1.0151 -1.0015
13.5000 1.0101 -1.0038
13.6000 1.0048 -1.0047
13.7000 1.0021 -1.0042
13.8000 0.9944 -1.0005
13.9000 0.9835 -0.9941
14.0000 0.9726 -0.9875
14.1000 0.9617 -0.9809
14.2000 0.9509 -0.9743
14.3000 0.9401 -0.9676
14.4000 0.9293 -0.9608
14.5000 0.9185 -0.9541
14.6000 0.9077 -0.9473
14.7000 0.8970 -0.9404
14.8000 0.8863 -0.9335
14.9000 0.8756 -0.9266
15.0000 0.8650 -0.9197
15.1000 0.8543 -0.9127
15.2000 0.8437 -0.9056
15.3000 0.8331 -0.8986
15.4000 0.8226 -0.8915
15.5000 0.8120 -0.8843
15.6000 0.8015 -0.8772
15.7000 0.7910 -0.8700
15.8000 0.7805 -0.8627
15.9000 0.7701 -0.8555
16.0000 0.7596 -0.8482
16.1000 0.7492 -0.8408
16.2000 0.7388 -0.8335
16.3000 0.7285 -0.8261
16.4000 0.7181 -0.8186
16.5000 0.7078 -0.8112
16.6000 0.6975 -0.8037
16.7000 0.6872 -0.7962
16.8000 0.6769 -0.7886
16.9000 0.6667 -0.7810
17.0000 0.6565 -0.7734
17.1000 0.6463 -0.7658
17.2000 0.6361 -0.7581
17.3000 0.6259 -0.7504
17.4000 0.6158 -0.7427
17.5000 0.6056 -0.7349
17.6000 0.5955 -0.7271
17.7000 0.5855 -0.7193
17.8000 0.5754 -0.7115
17.9000 0.5654 -0.7036
18.0000 0.5553 -0.6957
18.1000 0.5453 -0.6878
18.2000 0.5353 -0.6799
18.3000 0.5254 -0.6719
18.4000 0.5154 -0.6639
18.5000 0.5055 -0.6559
18.6000 0.4956 -0.6478
18.7000 0.4857 -0.6398
18.8000 0.4758 -0.6317
18.9000 0.4659 -0.6236
19.0000 0.4561 -0.6154
19.1000 0.4463 -0.6073
19.2000 0.4365 -0.5991
19.3000 0.4267 -0.5909
19.4000 0.4169 -0.5826
19.5000 0.4071 -0.5744
19.6000 0.3974 -0.5661
19.7000 0.3877 -0.5578
19.8000 0.3780 -0.5495
19.9000 0.3683 -0.5412
20.0000 0.3586 -0.5328
20.1000 0.3489 -0.5245
20.2000 0.3393 -0.5161
20.3000 0.3297 -0.5077
20.4000 0.3200 -0.4992
20.5000 0.3104 -0.4908
20.6000 0.3009 -0.4823
20.7000 0.2913 -0.4738
20.8000 0.2817 -0.4653
20.9000 0.2722 -0.4568
21.0000 0.2627 -0.4483
21.1000 0.2532 -0.4397
21.2000 0.2437 -0.4312
21.3000 0.2342 -0.4226
21.4000 0.2247 -0.4140
21.5000 0.2153 -0.4053
21.6000 0.2058 -0.3967
21.7000 0.1964 -0.3880
21.8000 0.1870 -0.3794
21.9000 0.1776 -0.3707
22.0000 0.1682 -0.3620
22.1000 0.1588 -0.3533
22.2000 0.1495 -0.3445
22.3000 0.1401 -0.3358
22.4000 0.1308 -0.3270
22.5000 0.1215 -0.3183
22.6000 0.1121 -0.3095
22.7000 0.1029 -0.3007
22.8000 0.0936 -0.2918
22.9000 0.0843 -0.2830
23.0000 0.0750 -0.2742
23.1000 0.0658 -0.2653
23.2000 0.0566 -0.2564
23.3000 0.0473 -0.2475
23.4000 0.0381 -0.2386
23.5000 0.0289 -0.2297
23.6000 0.0197 -0.2208
23.7000 0.0106 -0.2119
23.8000 0.0014 -0.2029
23.9000 -0.0077 -0.1939
24.0000 -0.0169 -0.1850
24.1000 -0.0260 -0.1760
24.2000 -0.0351 -0.1670
24.3000 -0.0442 -0.1580
24.4000 -0.0533 -0.1489
24.5000 -0.0624 -0.1399
24.6000 -0.0715 -0.1308
24.7000 -0.0806 -0.1218
24.8000 -0.0896 -0.1127
24.9000 -0.0987 -0.1036
25.0000 -0.1077 -0.0945
25.1000 -0.1167 -0.0854
25.2000 -0.1257 -0.0763
25.3000 -0.1347 -0.0672
25.4000 -0.1437 -0.0580
25.5000 -0.1527 -0.0489
25.6000 -0.1617 -0.0397
25.7000 -0.1706 -0.0306
25.8000 -0.1796 -0.0214
25.9000 -0.1885 -0.0122
26.0000 -0.1974 -0.0030
26.1000 -0.2063 0.0062
26.2000 -0.2153 0.0154
26.3000 -0.2242 0.0247
26.4000 -0.2330 0.0339
26.5000 -0.2419 0.0432
26.6000 -0.2508 0.0524
26.7000 -0.2596 0.0617
26.8000 -0.2685 0.0710
26.9000 -0.2773 0.0803
27.0000 -0.2862 0.0896
27.1000 -0.2950 0.0989
27.2000 -0.3038 0.1082
27.3000 -0.3126 0.1175
27.4000 -0.3214 0.1269
27.5000 -0.3302 0.1362
27.6000 -0.3389 0.1456
27.7000 -0.3477 0.1549
27.8000 -0.3565 0.1643
27.9000 -0.3652 0.1737
28.0000 -0.3739 0.1831
28.1000 -0.3827 0.1925
28.2000 -0.3914 0.2019
28.3000 -0.4001 0.2113
28.4000 -0.4088 0.2207
28.5000 -0.4175 0.2302
28.6000 -0.4262 0.2396
28.7000 -0.4348 0.2491
28.8000 -0.4435 0.2586
28.9000 -0.4521 0.2680
29.0000 -0.4608 0.2775
29.1000 -0.4694 0.2870
29.2000 -0.4780 0.2965
29.3000 -0.4866 0.3060
29.4000 -0.4952 0.3155
29.5000 -0.5038 0.3251
29.6000 -0.5124 0.3346
29.7000 -0.5210 0.3441
29.8000 -0.5296 0.3537
29.9000 -0.5381 0.3633
30.0000 -0.5467 0.3728
30.1000 -0.5552 0.3824
30.2000 -0.5637 0.3920
30.3000 -0.5722 0.4016
30.4000 -0.5807 0.4112
30.5000 -0.5892 0.4208
30.6000 -0.5977 0.4305
30.7000 -0.6062 0.4401
30.8000 -0.6146 0.4497
30.9000 -0.6231 0.4594
31.0000 -0.6315 0.4691
31.1000 -0.6400 0.4787
31.2000 -0.6484 0.4884
31.3000 -0.6568 0.4981
31.4000 -0.6652 0.5078
31.5000 -0.6736 0.5175
31.6000 -0.6820 0.5272
31.7000 -0.6903 0.5370
31.8000 -0.6987 0.5467
31.9000 -0.7070 0.5564
32.0000 -0.7153 0.5662
32.1000 -0.7237 0.5760
32.2000 -0.7320 0.5857
32.3000 -0.7402 0.5955
32.4000 -0.7485 0.6053
32.5000 -0.7568 0.6152
32.6000 -0.7650 0.6250
32.7000 -0.7733 0.6348
32.8000 -0.7815 0.6447
32.9000 -0.7897 0.6545
33.0000 -0.7979 0.6644
33.1000 -0.8061 0.6743
33.2000 -0.8142 0.6842
33.3000 -0.8224 0.6941
33.4000 -0.8305 0.7040
33.5000 -0.8386 0.7139
33.6000 -0.8467 0.7239
33.7000 -0.8548 0.7338
33.8000 -0.8628 0.7438
33.9000 -0.8708 0.7538
34.0000 -0.8788 0.7638
34.1000 -0.8868 0.7738
34.2000 -0.8948 0.7838
34.3000 -0.9027 0.7939
34.4000 -0.9107 0.8039
34.5000 -0.9185 0.8140
34.6000 -0.9264 0.8241
34.7000 -0.9342 0.8343
34.8000 -0.9420 0.8444
34.9000 -0.9498 0.8546
35.0000 -0.9575 0.8647
35.1000 -0.9651 0.8749
35.2000 -0.9727 0.8851
35.3000 -0.9801 0.8954
35.4000 -0.9874 0.9056
35.5000 -0.9945 0.9158
35.6000 -1.0012 0.9260
35.7000 -1.0073 0.9359
35.8000 -1.0124 0.9456
35.9000 -1.0163 0.9549
36.0000 -1.0190 0.9641
36.1000 -1.0203 0.9729
36.2000 -1.0202 0.9810
36.3000 -1.0186 0.9884
36.4000 -1.0159 0.9945
36.5000 -1.0124 0.9988
36.6000 -1.0083 1.0016
36.7000 -1.0029 1.0034
36.8000 -1.0013 1.0034
36.9000 -0.9978 1.0018
37.0000 -0.9881 0.9953
37.1000 -0.9786 0.9887
37.2000 -0.9685 0.9819
37.3000 -0.9582 0.9752
37.4000 -0.9478 0.9684
37.5000 -0.9373 0.9617
37.6000 -0.9268 0.9550
37.7000 -0.9162 0.9483
37.8000 -0.9056 0.9417
37.9000 -0.8950 0.9351
38.0000 -0.8843 0.9286
38.1000 -0.8736 0.9220
38.2000 -0.8629 0.9155
38.3000 -0.8522 0.9090
38.4000 -0.8414 0.9025
38.5000 -0.8307 0.8961
38.6000 -0.8199 0.8897
38.7000 -0.8091 0.8833
38.8000 -0.7983 0.8769
38.9000 -0.7875 0.8705
39.0000 -0.7766 0.8641
39.1000 -0.7658 0.8578
39.2000 -0.7549 0.8514
39.3000 -0.7441 0.8451
39.4000 -0.7332 0.8388
39.5000 -0.7223 0.8325
39.6000 -0.7115 0.8262
39.7000 -0.7006 0.8199
39.8000 -0.6897 0.8136
39.9000 -0.6788 0.8073
40.0000 -0.6679 0.8011
40.1000 -0.6570 0.7948
40.2000 -0.6461 0.7885
40.3000 -0.6352 0.7823
40.4000 -0.6243 0.7760
40.5000 -0.6134 0.7698
40.6000 -0.6025 0.7635
40.7000 -0.5916 0.7573
40.8000 -0.5807 0.7510
40.9000 -0.5698 0.7448
41.0000 -0.5589 0.7385
41.1000 -0.5480 0.7323
41.2000 -0.5371 0.7260
41.3000 -0.5262 0.7198
41.4000 -0.5153 0.7135
41.5000 -0.5044 0.7072
41.6000 -0.4935 0.7010
41.7000 -0.4827 0.6947
41.8000 -0.4718 0.6885
41.9000 -0.4609 0.6822
42.0000 -0.4501 0.6759
42.1000 -0.4392 0.6696
42.2000 -0.4283 0.6633
42.3000 -0.4175 0.6570
42.4000 -0.4067 0.6507
42.5000 -0.3958 0.6444
42.6000 -0.3850 0.6381
42.7000 -0.3742 0.6318
42.8000 -0.3634 0.6254
42.9000 -0.3526 0.6191
43.0000 -0.3418 0.6127
43.1000 -0.3310 0.6063
43.2000 -0.3202 0.5999
43.3000 -0.3095 0.5935
43.4000 -0.2987 0.5871
43.5000 -0.2880 0.5807
43.6000 -0.2772 0.5743
43.7000 -0.2665 0.5678
43.8000 -0.2558 0.5613
43.9000 -0.2451 0.5549
44.0000 -0.2345 0.5484
44.1000 -0.2238 0.5418
44.2000 -0.2131 0.5353
44.3000 -0.2025 0.5287
44.4000 -0.1919 0.5222
44.5000 -0.1813 0.5156
44.6000 -0.1707 0.5090
44.7000 -0.1601 0.5023
44.8000 -0.1496 0.4957
44.9000 -0.1390 0.4890
45.0000 -0.1285 0.4823
45.1000 -0.1180 0.4756
45.2000 -0.1075 0.4689
45.3000 -0.0970 0.4621
45.4000 -0.0866 0.4553
45.5000 -0.0761 0.4485
45.6000 -0.0657 0.4417
45.7000 -0.0553 0.4348
45.8000 -0.0450 0.4280
45.9000 -0.0346 0.4211
46.0000 -0.0243 0.4141
46.1000 -0.0140 0.4072
46.2000 -0.0037 0.4002
46.3000 0.0066 0.3932
46.4000 0.0168 0.3862
46.5000 0.0271 0.3791
46.6000 0.0373 0.3720
46.7000 0.0474 0.3649
46.8000 0.0576 0.3578
46.9000 0.0677 0.3506
47.0000 0.0778 0.3434
47.1000 0.0879 0.3362
47.2000 0.0979 0.3289
47.3000 0.1080 0.3216
47.4000 0.1180 0.3143
47.5000 0.1279 0.3070
47.6000 0.1379 0.2996
47.7000 0.1478 0.2922
47.8000 0.1577 0.2848
47.9000 0.1676 0.2773
48.0000 0.1774 0.2698
48.1000 0.1872 0.2623
48.2000 0.1970 0.2547
48.3000 0.2067 0.2471
48.4000 0.2165 0.2395
48.5000 0.2262 0.2319
48.6000 0.2358 0.2242
48.7000 0.2455 0.2165
48.8000 0.2551 0.2087
48.9000 0.2646 0.2009
49.0000 0.2742 0.1931
49.1000 0.2837 0.1853
49.2000 0.2932 0.1774
49.3000 0.3026 0.1695
49.4000 0.3120 0.1615
49.5000 0.3214 0.1536
49.6000 0.3307 0.1456
49.7000 0.3401 0.1375
49.8000 0.3493 0.1295
49.9000 0.3586 0.1214
50.0000 0.3678 0.1132
50.1000 0.3770 0.1051
50.2000 0.3861 0.0969
50.3000 0.3953 0.0886
50.4000 0.4043 0.0804
50.5000 0.4134 0.0721
50.6000 0.4224 0.0637
50.7000 0.4314 0.0554
50.8000 0.4403 0.0470
50.9000 0.4492 0.0385
51.0000 0.4581 0.0301
51.1000 0.4669 0.0216
51.2000 0.4757 0.0130
51.3000 0.4845 0.0045
51.4000 0.4932 -0.0041
51.5000 0.5019 -0.0128
51.6000 0.5105 -0.0214
51.7000 0.5191 -0.0301
51.8000 0.5277 -0.0388
51.9000 0.5362 -0.0476
52.0000 0.5447 -0.0564
52.1000 0.5531 -0.0652
52.2000 0.5616 -0.0741
52.3000 0.5699 -0.0830
52.4000 0.5783 -0.0919
52.5000 0.5865 -0.1008
52.6000 0.5948 -0.1098
52.7000 0.6030 -0.1189
52.8000 0.6112 -0.1279
52.9000 0.6193 -0.1370
53.0000 0.6274 -0.1461
53.1000 0.6354 -0.1553
53.2000 0.6434 -0.1645
53.3000 0.6514 -0.1737
53.4000 0.6593 -0.1829
53.5000 0.6671 -0.1922
53.6000 0.6749 -0.2015
53.7000 0.6827 -0.2109
53.8000 0.6904 -0.2203
53.9000 0.6981 -0.2297
54.0000 0.7057 -0.2392
54.1000 0.7133 -0.2486
54.2000 0.7208 -0.2582
54.3000 0.7283 -0.2677
54.4000 0.7358 -0.2773
54.5000 0.7431 -0.2869
54.6000 0.7505 -0.2966
54.7000 0.7578 -0.3062
54.8000 0.7650 -0.3160
54.9000 0.7722 -0.3257
55.0000 0.7793 -0.3355
55.1000 0.7863 -0.3453
55.2000 0.7933 -0.3552
55.3000 0.8003 -0.3650
55.4000 0.8072 -0.3750
55.5000 0.8140 -0.3849
55.6000 0.8208 -0.3949
55.7000 0.8275 -0.4049
55.8000 0.8342 -0.4150
55.9000 0.8407 -0.4251
56.0000 0.8473 -0.4352
56.1000 0.8537 -0.4453
56.2000 0.8601 -0.4555
56.3000 0.8664 -0.4657
56.4000 0.8727 -0.4760
56.5000 0.8789 -0.4863
56.6000 0.8850 -0.4966
56.7000 0.8910 -0.5070
56.8000 0.8970 -0.5173
56.9000 0.9028 -0.5278
57.0000 0.9086 -0.5382
57.1000 0.9144 -0.5487
57.2000 0.9200 -0.5592
57.3000 0.9256 -0.5698
57.4000 0.9310 -0.5804
57.5000 0.9364 -0.5910
57.6000 0.9417 -0.6017
57.7000 0.9468 -0.6123
57.8000 0.9519 -0.6231
57.9000 0.9569 -0.6338
58.0000 0.9618 -0.6446
58.1000 0.9665 -0.6554
58.2000 0.9712 -0.6662
58.3000 0.9757 -0.6771
58.4000 0.9802 -0.6880
58.5000 0.9844 -0.6989
58.6000 0.9886 -0.7099
58.7000 0.9926 -0.7208
58.8000 0.9965 -0.7318
58.9000 1.0003 -0.7428
59.0000 1.0039 -0.7539
59.1000 1.0073 -0.7650
59.2000 1.0106 -0.7762
59.3000 1.0138 -0.7875
59.4000 1.0168 -0.7988
59.5000 1.0196 -0.8101
59.6000 1.0222 -0.8216
59.7000 1.0246 -0.8330
59.8000 1.0268 -0.8445
59.9000 1.0288 -0.8561
60.0000 1.0306 -0.8676
60.1000 1.0321 -0.8792
60.2000 1.0333 -0.8909
60.3000 1.0342 -0.9025
60.4000 1.0347 -0.9140
60.5000 1.0349 -0.9256
60.6000 1.0347 -0.9370
60.7000 1.0339 -0.9483
60.8000 1.0327 -0.9593
60.9000 1.0308 -0.9698
61.0000 1.0282 -0.9794
61.1000 1.0248 -0.9878
61.2000 1.0206 -0.9947
61.3000 1.0163 -0.9993
61.4000 1.0110 -1.0028
61.5000 1.0068 -1.0040
61.6000 1.0020 -1.0039
61.7000 0.9991 -1.0028
61.8000 0.9943 -0.9990
61.9000 0.9853 -0.9900
62.0000 0.9763 -0.9808
62.1000 0.9673 -0.9717
62.2000 0.9584 -0.9626
62.3000 0.9495 -0.9535
62.4000 0.9405 -0.9443
62.5000 0.9316 -0.9352
62.6000 0.9226 -0.9261
62.7000 0.9137 -0.9169
62.8000 0.9048 -0.9078
62.9000 0.8958 -0.8987
63.0000 0.8869 -0.8896
63.1000 0.8779 -0.8804
63.2000 0.8690 -0.8713
63.3000 0.8600 -0.8622
63.4000 0.8511 -0.8531
63.5000 0.8421 -0.8440
63.6000 0.8332 -0.8349
63.7000 0.8242 -0.8258
63.8000 0.8152 -0.8167
63.9000 0.8063 -0.8076
64.0000 0.7973 -0.7985
64.1000 0.7883 -0.7894
64.2000 0.7793 -0.7803
64.3000 0.7703 -0.7712
64.4000 0.7613 -0.7621
64.5000 0.7523 -0.7531
64.6000 0.7433 -0.7440
64.7000 0.7343 -0.7349
64.8000 0.7253 -0.7259
64.9000 0.7163 -0.7168
65.0000 0.7073 -0.7077
65.1000 0.6983 -0.6987
65.2000 0.6892 -0.6896
65.3000 0.6802 -0.6806
65.4000 0.6712 -0.6715
65.5000 0.6621 -0.6625
65.6000 0.6531 -0.6534
65.7000 0.6440 -0.6444
65.8000 0.6350 -0.6354
65.9000 0.6259 -0.6264
66.0000 0.6169 -0.6173
66.1000 0.6078 -0.6083
66.2000 0.5988 -0.5993
66.3000 0.5897 -0.5903
66.4000 0.5806 -0.5813
66.5000 0.5715 -0.5723
66.6000 0.5624 -0.5632
66.7000 0.5534 -0.5542
66.8000 0.5443 -0.5452
66.9000 0.5352 -0.5363
67.0000 0.5261 -0.5273
67.1000 0.5170 -0.5183
67.2000 0.5079 -0.5093
67.3000 0.4988 -0.5003
67.4000 0.4896 -0.4913
67.5000 0.4805 -0.4823
67.6000 0.4714 -0.4734
67.7000 0.4623 -0.4644
67.8000 0.4532 -0.4554
67.9000 0.4440 -0.4465
68.0000 0.4349 -0.4375
68.1000 0.4257 -0.4285
68.2000 0.4166 -0.4196
68.3000 0.4075 -0.4106
68.4000 0.3983 -0.4017
68.5000 0.3892 -0.3927
68.6000 0.3800 -0.3838
68.7000 0.3709 -0.3748
68.8000 0.3617 -0.3659
68.9000 0.3525 -0.3569
69.0000 0.3434 -0.3480
69.1000 0.3342 -0.3391
69.2000 0.3250 -0.3301
69.3000 0.3159 -0.3212
69.4000 0.3067 -0.3123
69.5000 0.2975 -0.3033
69.6000 0.2883 -0.2944
69.7000 0.2791 -0.2855
69.8000 0.2699 -0.2766
69.9000 0.2608 -0.2677
70.0000 0.2516 -0.2587
70.1000 0.2424 -0.2498
70.2000 0.2332 -0.2409
70.3000 0.2240 -0.2320
70.4000 0.2148 -0.2231
70.5000 0.2056 -0.2142
70.6000 0.1964 -0.2053
70.7000 0.1872 -0.1964
70.8000 0.1779 -0.1875
70.9000 0.1687 -0.1786
71.0000 0.1595 -0.1697
71.1000 0.1503 -0.1608
71.2000 0.1411 -0.1519
71.3000 0.1319 -0.1430
71.4000 0.1226 -0.1341
71.5000 0.1134 -0.1252
71.6000 0.1042 -0.1163
71.7000 0.0950 -0.1074
71.8000 0.0857 -0.0985
71.9000 0.0765 -0.0896
72.0000 0.0673 -0.0807
72.1000 0.0581 -0.0718
72.2000 0.0488 -0.0629
72.3000 0.0396 -0.0540
72.4000 0.0304 -0.0452
72.5000 0.0211 -0.0363
72.6000 0.0119 -0.0274
72.7000 0.0026 -0.0185
72.8000 -0.0066 -0.0096
72.9000 -0.0158 -0.0007
73.0000 -0.0251 0.0082
73.1000 -0.0343 0.0170
73.2000 -0.0436 0.0259
73.3000 -0.0528 0.0348
73.4000 -0.0621 0.0437
73.5000 -0.0713 0.0526
73.6000 -0.0806 0.0614
73.7000 -0.0898 0.0703
73.8000 -0.0991 0.0792
73.9000 -0.1083 0.0881
74.0000 -0.1176 0.0970
74.1000 -0.1268 0.1059
74.2000 -0.1361 0.1147
74.3000 -0.1453 0.1236
74.4000 -0.1546 0.1325
74.5000 -0.1638 0.1414
74.6000 -0.1731 0.1503
74.7000 -0.1823 0.1591
74.8000 -0.1916 0.1680
74.9000 -0.2008 0.1769
75.0000 -0.2101 0.1858
75.1000 -0.2193 0.1947
75.2000 -0.2286 0.2036
75.3000 -0.2378 0.2124
75.4000 -0.2471 0.2213
75.5000 -0.2563 0.2302
75.6000 -0.2656 0.2391
75.7000 -0.2749 0.2480
75.8000 -0.2841 0.2569
75.9000 -0.2934 0.2658
76.0000 -0.3026 0.2746
76.1000 -0.3119 0.2835
76.2000 -0.3211 0.2924
76.3000 -0.3304 0.3013
76.4000 -0.3396 0.3102
76.5000 -0.3489 0.3191
76.6000 -0.3581 0.3280
76.7000 -0.3673 0.3369
76.8000 -0.3766 0.3458
76.9000 -0.3858 0.3547
77.0000 -0.3951 0.3636
77.1000 -0.4043 0.3725
77.2000 -0.4136 0.3814
77.3000 -0.4228 0.3903
77.4000 -0.4321 0.3992
77.5000 -0.4413 0.4081
77.6000 -0.4505 0.4170
77.7000 -0.4598 0.4259
77.8000 -0.4690 0.4349
77.9000 -0.4782 0.4438
78.0000 -0.4875 0.4527
78.1000 -0.4967 0.4616
78.2000 -0.5059 0.4705
78.3000 -0.5152 0.4795
78.4000 -0.5244 0.4884
78.5000 -0.5336 0.4973
78.6000 -0.5428 0.5062
78.7000 -0.5520 0.5152
78.8000 -0.5613 0.5241
78.9000 -0.5705 0.5330
79.0000 -0.5797 0.5420
79.1000 -0.5889 0.5509
79.2000 -0.5981 0.5599
79.3000 -0.6073 0.5688
79.4000 -0.6165 0.5778
79.5000 -0.6257 0.5867
79.6000 -0.6349 0.5957
79.7000 -0.6441 0.6046
79.8000 -0.6533 0.6136
79.9000 -0.6625 0.6226
80.0000 -0.6717 0.6315
80.1000 -0.6808 0.6405
80.2000 -0.6900 0.6495
80.3000 -0.6992 0.6585
80.4000 -0.7084 0.6674
80.5000 -0.7175 0.6764
80.6000 -0.7267 0.6854
80.7000 -0.7359 0.6944
80.8000 -0.7450 0.7034
80.9000 -0.7542 0.7124
81.0000 -0.7633 0.7214
81.1000 -0.7725 0.7305
81.2000 -0.7816 0.7395
81.3000 -0.7907 0.7485
81.4000 -0.7999 0.7575
81.5000 -0.8090 0.7666
81.6000 -0.8181 0.7756
81.7000 -0.8272 0.7847
81.8000 -0.8363 0.7937
81.9000 -0.8454 0.8028
82.0000 -0.8545 0.8118
82.1000 -0.8636 0.8209
82.2000 -0.8726 0.8300
82.3000 -0.8817 0.8391
82.4000 -0.8907 0.8482
82.5000 -0.8998 0.8573
82.6000 -0.9088 0.8664
82.7000 -0.9178 0.8755
82.8000 -0.9268 0.8847
82.9000 -0.9357 0.8938
83.0000 -0.9447 0.9030
83.1000 -0.9536 0.9122
83.2000 -0.9625 0.9214
83.3000 -0.9713 0.9306
83.4000 -0.9800 0.9398
83.5000 -0.9886 0.9490
83.6000 -0.9968 0.9581
83.7000 -1.0036 0.9666
83.8000 -1.0079 0.9735
83.9000 -1.0107 0.9808
84.0000 -1.0119 0.9876
84.1000 -1.0114 0.9928
84.2000 -1.0095 0.9975
84.3000 -1.0073 1.0000
84.4000 -1.0035 1.0021
84.5000 -1.0022 1.0023
84.6000 -0.9973 1.0012
84.7000 -0.9886 0.9974
84.8000 -0.9780 0.9925
84.9000 -0.9670 0.9873
85.0000 -0.9558 0.9821
85.1000 -0.9447 0.9769
85.2000 -0.9334 0.9716
85.3000 -0.9222 0.9664
85.4000 -0.9110 0.9611
85.5000 -0.8997 0.9558
85.6000 -0.8885 0.9505
85.7000 -0.8772 0.9451
85.8000 -0.8660 0.9398
85.9000 -0.8547 0.9345
86.0000 -0.8435 0.9291
86.1000 -0.8322 0.9237
86.2000 -0.8210 0.9184
86.3000 -0.8098 0.9130
86.4000 -0.7985 0.9076
86.5000 -0.7873 0.9022
86.6000 -0.7761 0.8967
86.7000 -0.7649 0.8913
86.8000 -0.7537 0.8859
86.9000 -0.7425 0.8804
87.0000 -0.7313 0.8749
87.1000 -0.7201 0.8695
87.2000 -0.7089 0.8640
87.3000 -0.6977 0.8584
87.4000 -0.6866 0.8529
87.5000 -0.6754 0.8474
87.6000 -0.6643 0.8418
87.7000 -0.6531 0.8362
87.8000 -0.6420 0.8307
87.9000 -0.6309 0.8251
88.0000 -0.6197 0.8194
88.1000 -0.6086 0.8138
88.2000 -0.5975 0.8081
88.3000 -0.5865 0.8025
88.4000 -0.5754 0.7968
88.5000 -0.5643 0.7911
88.6000 -0.5533 0.7854
88.7000 -0.5422 0.7796
88.8000 -0.5312 0.7739
88.9000 -0.5202 0.7681
89.0000 -0.5092 0.7623
89.1000 -0.4982 0.7565
89.2000 -0.4872 0.7506
89.3000 -0.4762 0.7448
89.4000 -0.4653 0.7389
89.5000 -0.4544 0.7330
89.6000 -0.4434 0.7270
89.7000 -0.4325 0.7211
89.8000 -0.4216 0.7151
89.9000 -0.4108 0.7091
90.0000 -0.3999 0.7031
90.1000 -0.3891 0.6971
90.2000 -0.3783 0.6910
90.3000 -0.3674 0.6849
90.4000 -0.3567 0.6788
90.5000 -0.3459 0.6726
90.6000 -0.3351 0.6665
90.7000 -0.3244 0.6603
90.8000 -0.3137 0.6541
90.9000 -0.3030 0.6478
91.0000 -0.2923 0.6415
91.1000 -0.2817 0.6352
91.2000 -0.2710 0.6289
91.3000 -0.2604 0.6225
91.4000 -0.2498 0.6162
91.5000 -0.2392 0.6097
91.6000 -0.2287 0.6033
91.7000 -0.2181 0.5968
91.8000 -0.2076 0.5903
91.9000 -0.1971 0.5838
92.0000 -0.1867 0.5772
92.1000 -0.1762 0.5706
92.2000 -0.1658 0.5640
92.3000 -0.1554 0.5574
92.4000 -0.1450 0.5507
92.5000 -0.1347 0.5440
92.6000 -0.1243 0.5373
92.7000 -0.1140 0.5305
92.8000 -0.1037 0.5237
92.9000 -0.0935 0.5169
93.0000 -0.0833 0.5100
93.1000 -0.0730 0.5031
93.2000 -0.0629 0.4962
93.3000 -0.0527 0.4892
93.4000 -0.0426 0.4822
93.5000 -0.0325 0.4752
93.6000 -0.0224 0.4682
93.7000 -0.0123 0.4611
93.8000 -0.0023 0.4540
93.9000 0.0077 0.4469
94.0000 0.0177 0.4397
94.1000 0.0277 0.4325
94.2000 0.0376 0.4252
94.3000 0.0475 0.4180
94.4000 0.0574 0.4107
94.5000 0.0672 0.4034
94.6000 0.0770 0.3960
94.7000 0.0868 0.3886
94.8000 0.0966 0.3812
94.9000 0.1063 0.3737
95.0000 0.1161 0.3662
95.1000 0.1257 0.3587
95.2000 0.1354 0.3512
95.3000 0.1450 0.3436
95.4000 0.1546 0.3360
95.5000 0.1642 0.3283
95.6000 0.1737 0.3207
95.7000 0.1833 0.3130
95.8000 0.1927 0.3052
95.9000 0.2022 0.2975
96.0000 0.2116 0.2897
96.1000 0.2210 0.2818
96.2000 0.2304 0.2740
96.3000 0.2397 0.2661
96.4000 0.2491 0.2582
96.5000 0.2583 0.2502
96.6000 0.2676 0.2423
96.7000 0.2768 0.2342
96.8000 0.2860 0.2262
96.9000 0.2952 0.2181
97.0000 0.3043 0.2100
97.1000 0.3134 0.2019
97.2000 0.3225 0.1937
97.3000 0.3315 0.1855
97.4000 0.3405 0.1773
97.5000 0.3495 0.1691
97.6000 0.3585 0.1608
97.7000 0.3674 0.1525
97.8000 0.3763 0.1441
97.9000 0.3852 0.1357
98.0000 0.3940 0.1273
98.1000 0.4028 0.1189
98.2000 0.4115 0.1104
98.3000 0.4203 0.1020
98.4000 0.4290 0.0934
98.5000 0.4376 0.0849
98.6000 0.4463 0.0763
98.7000 0.4549 0.0677
98.8000 0.4634 0.0590
98.9000 0.4720 0.0504
99.0000 0.4805 0.0417
99.1000 0.4889 0.0329
99.2000 0.4974 0.0242
99.3000 0.5058 0.0154
99.4000 0.5141 0.0066
99.5000 0.5225 -0.0023
99.6000 0.5308 -0.0112
99.7000 0.5390 -0.0201
99.8000 0.5472 -0.0290
99.9000 0.5554 -0.0380
100.0000 0.5636 -0.0470
100.1000 0.5717 -0.0560
100.2000 0.5798 -0.0651
100.3000 0.5878 -0.0741
100.4000 0.5958 -0.0833
100.5000 0.6038 -0.0924
100.6000 0.6117 -0.1016
100.7000 0.6196 -0.1108
100.8000 0.6274 -0.1200
100.9000 0.6353 -0.1293
101.0000 0.6430 -0.1386
101.1000 0.6507 -0.1479
101.2000 0.6584 -0.1573
101.3000 0.6661 -0.1666
101.4000 0.6737 -0.1761
101.5000 0.6813 -0.1855
101.6000 0.6888 -0.1950
101.7000 0.6963 -0.2045
101.8000 0.7037 -0.2140
101.9000 0.7111 -0.2236
102.0000 0.7184 -0.2332
102.1000 0.7257 -0.2428
102.2000 0.7330 -0.2525
102.3000 0.7402 -0.2622
102.4000 0.7473 -0.2719
102.5000 0.7544 -0.2816
102.6000 0.7615 -0.2914
102.7000 0.7685 -0.3012
102.8000 0.7755 -0.3110
102.9000 0.7824 -0.3209
103.0000 0.7892 -0.3308
103.1000 0.7961 -0.3408
